2406100033;08;09;9;001;99;Abajas                                            ;99;99;00001;00000024;00000024;10000;00000019;07916;00000005;02083;00000000;00000;00000000;00000;0022;PP                                                     ;00000010;05263;0017;PSOE                                                   ;00000007;03684;0021;VOX                                                    ;00000002;01052;0001;IZQESP                                                 ;00000000;00000;0002;CEUS                                                   ;00000000;00000;0009;FO                                                     ;00000000;00000;0010;AHORA REPÚBLICAS (ERC-EH BILDU-BNG-ARA MÉS)            ;00000000;00000;0060;JUNTS UE                                               ;00000000;00000;0019;ANDALUCISTAS                                           ;00000000;00000;0020;IE                                                     ;00000000;00000;0023;ESCAÑOS EN BLANCO                                      ;00000000;00000;0024;CRT                                                    ;00000000;00000;0025;PODEMOS                                                ;00000000;00000;0026;PFAC                                                   ;00000000;00000;0027;PCTE                                                   ;00000000;00000;0029;PCPE/PCPC                                              ;00000000;00000;0032;SUMAR                                                  ;00000000;00000;0039;PACMA                                                  ;00000000;00000;0040;CREE EN EUROPA                                         ;00000000;00000;0041;PMR                                                    ;00000000;00000;0042;AGRUPACIÓN DE ELECTORES "SE ACABÓ LA FIESTA"           ;00000000;00000;0043;F                                                      ;00000000;00000;0072;EXISTE                                                 ;00000000;00000;0046;Cs                                                     ;00000000;00000;0047;FE de las JONS                                         ;00000000;00000;0048;SAE                                                    ;00000000;00000;0049;J.U.E.X.                                               ;00000000;00000;0050;PH                                                     ;00000000;00000;0051;VOLT                                                   ;00000000;00000;0052;RECORTES CERO                                          ;00000000;00000;0063;EXTREMEÑOS                                             ;00000000;00000;0064;GLG                                                    ;00000000;00000;0065;PIRATAS / REBELDES                                     ;00000000;00000;0070;PREPAL                                                 ;00000000;00000;0000;                                                       ;00000000;00000;0000;                                                       ;00000000;00000;0000;                                                       ;00000000;00000;0000;                                                       ;00000000;00000;0000;                                                       ;00000000;00000;0000;                                                       ;00000000;00000;0000;                                                       ;00000000;00000;0000;                                                       ;00000000;00000;0000;                                                       ;00000000;00000;0000;                                                       ;00000000;00000;0000;                                                       ;00000000;00000;0000;                                                       ;00000000;00000;0000;                                                       ;00000000;00000;0000;                                                       ;00000000;00000;0000;                                                       ;00000000;00000;0000;                                                       ;00000000;00000;0000;                                                       ;00000000;00000;0000;                                                       ;00000000;00000;0000;                                                       ;00000000;00000;0000;                                                       ;00000000;00000;0000;                                                       ;00000000;00000;0000;                                                       ;00000000;00000;0000;                                                       ;00000000;00000;0000;                                                       ;00000000;00000;0000;                                                       ;00000000;00000;0000;                                                       ;00000000;00000;0000;                                                       ;00000000;00000;0000;                                                       ;00000000;00000;0000;                                                       ;00000000;00000;0000;                                                       ;00000000;00000;0000;                                                       ;00000000;00000;0000;                                                       ;00000000;00000;0000;                                                       ;00000000;00000;0000;                                                       ;00000000;00000;0000;                                                       ;00000000;00000;0000;                                                       ;00000000;00000;0000;                                                       ;00000000;00000;0000;                                                       ;00000000;00000;0000;                                                       ;00000000;00000;0000;                                                       ;00000000;00000;0000;                                                       ;00000000;00000;0000;                                                       ;00000000;00000;0000;                                                       ;00000000;00000;0000;                                                       ;00000000;00000;0000;                                                       ;00000000;00000;0000;                                                       ;00000000;00000;
2406100033;08;09;9;003;99;Adrada de Haza                                    ;99;99;00001;00000173;00000173;10000;00000113;06531;00000060;03468;00000000;00000;00000001;00088;0017;PSOE                                                   ;00000051;04553;0022;PP                                                     ;00000028;02500;0021;VOX                                                    ;00000009;00803;0025;PODEMOS                                                ;00000009;00803;0032;SUMAR                                                  ;00000006;00535;0072;EXISTE                                                 ;00000003;00267;0043;F                                                      ;00000002;00178;0009;FO                                                     ;00000001;00089;0010;AHORA REPÚBLICAS (ERC-EH BILDU-BNG-ARA MÉS)            ;00000001;00089;0039;PACMA                                                  ;00000001;00089;0046;Cs                                                     ;00000001;00089;0001;IZQESP                                                 ;00000000;00000;0002;CEUS                                                   ;00000000;00000;0060;JUNTS UE                                               ;00000000;00000;0019;ANDALUCISTAS                                           ;00000000;00000;0020;IE                                                     ;00000000;00000;0023;ESCAÑOS EN BLANCO                                      ;00000000;00000;0024;CRT                                                    ;00000000;00000;0026;PFAC                                                   ;00000000;00000;0027;PCTE                                                   ;00000000;00000;0029;PCPE/PCPC                                              ;00000000;00000;0040;CREE EN EUROPA                                         ;00000000;00000;0041;PMR                                                    ;00000000;00000;0042;AGRUPACIÓN DE ELECTORES "SE ACABÓ LA FIESTA"           ;00000000;00000;0047;FE de las JONS                                         ;00000000;00000;0048;SAE                                                    ;00000000;00000;0049;J.U.E.X.                                               ;00000000;00000;0050;PH                                                     ;00000000;00000;0051;VOLT                                                   ;00000000;00000;0052;RECORTES CERO                                          ;00000000;00000;0063;EXTREMEÑOS                                             ;00000000;00000;0064;GLG                                                    ;00000000;00000;0065;PIRATAS / REBELDES                                     ;00000000;00000;0070;PREPAL                                                 ;00000000;00000;0000;                                                       ;00000000;00000;0000;                                                       ;00000000;00000;0000;                                                       ;00000000;00000;0000;                                                       ;00000000;00000;0000;                                                       ;00000000;00000;0000;                                                       ;00000000;00000;0000;                                                       ;00000000;00000;0000;                                                       ;00000000;00000;0000;                                                       ;00000000;00000;0000;                                                       ;00000000;00000;0000;                                                       ;00000000;00000;0000;                                                       ;00000000;00000;0000;                                                       ;00000000;00000;0000;                                                       ;00000000;00000;0000;                                                       ;00000000;00000;0000;                                                       ;00000000;00000;0000;                                                       ;00000000;00000;0000;                                                       ;00000000;00000;0000;                                                       ;00000000;00000;0000;                                                       ;00000000;00000;0000;                                                       ;00000000;00000;0000;                                                       ;00000000;00000;0000;                                                       ;00000000;00000;0000;                                                       ;00000000;00000;0000;                                                       ;00000000;00000;0000;                                                       ;00000000;00000;0000;                                                       ;00000000;00000;0000;                                                       ;00000000;00000;0000;                                                       ;00000000;00000;0000;                                                       ;00000000;00000;0000;                                                       ;00000000;00000;0000;                                                       ;00000000;00000;0000;                                                       ;00000000;00000;0000;                                                       ;00000000;00000;0000;                                                       ;00000000;00000;0000;                                                       ;00000000;00000;0000;                                                       ;00000000;00000;0000;                                                       ;00000000;00000;0000;                                                       ;00000000;00000;0000;                                                       ;00000000;00000;0000;                                                       ;00000000;00000;0000;                                                       ;00000000;00000;0000;                                                       ;00000000;00000;0000;                                                       ;00000000;00000;0000;                                                       ;00000000;00000;0000;                                                       ;00000000;00000;
2406100033;08;09;9;006;99;Aguas Cándidas                                    ;99;99;00001;00000053;00000053;10000;00000018;03396;00000035;06603;00000000;00000;00000000;00000;0022;PP                                                     ;00000006;03333;0017;PSOE                                                   ;00000005;02777;0010;AHORA REPÚBLICAS (ERC-EH BILDU-BNG-ARA MÉS)            ;00000003;01666;0021;VOX                                                    ;00000003;01666;0042;AGRUPACIÓN DE ELECTORES "SE ACABÓ LA FIESTA"           ;00000001;00555;0001;IZQESP                                                 ;00000000;00000;0002;CEUS                                                   ;00000000;00000;0009;FO                                                     ;00000000;00000;0060;JUNTS UE                                               ;00000000;00000;0019;ANDALUCISTAS                                           ;00000000;00000;0020;IE                                                     ;00000000;00000;0023;ESCAÑOS EN BLANCO                                      ;00000000;00000;0024;CRT                                                    ;00000000;00000;0025;PODEMOS                                                ;00000000;00000;0026;PFAC                                                   ;00000000;00000;0027;PCTE                                                   ;00000000;00000;0029;PCPE/PCPC                                              ;00000000;00000;0032;SUMAR                                                  ;00000000;00000;0039;PACMA                                                  ;00000000;00000;0040;CREE EN EUROPA                                         ;00000000;00000;0041;PMR                                                    ;00000000;00000;0043;F                                                      ;00000000;00000;0072;EXISTE                                                 ;00000000;00000;0046;Cs                                                     ;00000000;00000;0047;FE de las JONS                                         ;00000000;00000;0048;SAE                                                    ;00000000;00000;0049;J.U.E.X.                                               ;00000000;00000;0050;PH                                                     ;00000000;00000;0051;VOLT                                                   ;00000000;00000;0052;RECORTES CERO                                          ;00000000;00000;0063;EXTREMEÑOS                                             ;00000000;00000;0064;GLG                                                    ;00000000;00000;0065;PIRATAS / REBELDES                                     ;00000000;00000;0070;PREPAL                                                 ;00000000;00000;0000;                                                       ;00000000;00000;0000;                                                       ;00000000;00000;0000;                                                       ;00000000;00000;0000;                                                       ;00000000;00000;0000;                                                       ;00000000;00000;0000;                                                       ;00000000;00000;0000;                                                       ;00000000;00000;0000;                                                       ;00000000;00000;0000;                                                       ;00000000;00000;0000;                                                       ;00000000;00000;0000;                                                       ;00000000;00000;0000;                                                       ;00000000;00000;0000;                                                       ;00000000;00000;0000;                                                       ;00000000;00000;0000;                                                       ;00000000;00000;0000;                                                       ;00000000;00000;0000;                                                       ;00000000;00000;0000;                                                       ;00000000;00000;0000;                                                       ;00000000;00000;0000;                                                       ;00000000;00000;0000;                                                       ;00000000;00000;0000;                                                       ;00000000;00000;0000;                                                       ;00000000;00000;0000;                                                       ;00000000;00000;0000;                                                       ;00000000;00000;0000;                                                       ;00000000;00000;0000;                                                       ;00000000;00000;0000;                                                       ;00000000;00000;0000;                                                       ;00000000;00000;0000;                                                       ;00000000;00000;0000;                                                       ;00000000;00000;0000;                                                       ;00000000;00000;0000;                                                       ;00000000;00000;0000;                                                       ;00000000;00000;0000;                                                       ;00000000;00000;0000;                                                       ;00000000;00000;0000;                                                       ;00000000;00000;0000;                                                       ;00000000;00000;0000;                                                       ;00000000;00000;0000;                                                       ;00000000;00000;0000;                                                       ;00000000;00000;0000;                                                       ;00000000;00000;0000;                                                       ;00000000;00000;0000;                                                       ;00000000;00000;0000;                                                       ;00000000;00000;0000;                                                       ;00000000;00000;
2406100033;08;09;9;007;99;Aguilar de Bureba                                 ;99;99;00001;00000047;00000047;10000;00000028;05957;00000019;04042;00000000;00000;00000000;00000;0022;PP                                                     ;00000016;05714;0021;VOX                                                    ;00000009;03214;0017;PSOE                                                   ;00000002;00714;0002;CEUS                                                   ;00000001;00357;0001;IZQESP                                                 ;00000000;00000;0009;FO                                                     ;00000000;00000;0010;AHORA REPÚBLICAS (ERC-EH BILDU-BNG-ARA MÉS)            ;00000000;00000;0060;JUNTS UE                                               ;00000000;00000;0019;ANDALUCISTAS                                           ;00000000;00000;0020;IE                                                     ;00000000;00000;0023;ESCAÑOS EN BLANCO                                      ;00000000;00000;0024;CRT                                                    ;00000000;00000;0025;PODEMOS                                                ;00000000;00000;0026;PFAC                                                   ;00000000;00000;0027;PCTE                                                   ;00000000;00000;0029;PCPE/PCPC                                              ;00000000;00000;0032;SUMAR                                                  ;00000000;00000;0039;PACMA                                                  ;00000000;00000;0040;CREE EN EUROPA                                         ;00000000;00000;0041;PMR                                                    ;00000000;00000;0042;AGRUPACIÓN DE ELECTORES "SE ACABÓ LA FIESTA"           ;00000000;00000;0043;F                                                      ;00000000;00000;0072;EXISTE                                                 ;00000000;00000;0046;Cs                                                     ;00000000;00000;0047;FE de las JONS                                         ;00000000;00000;0048;SAE                                                    ;00000000;00000;0049;J.U.E.X.                                               ;00000000;00000;0050;PH                                                     ;00000000;00000;0051;VOLT                                                   ;00000000;00000;0052;RECORTES CERO                                          ;00000000;00000;0063;EXTREMEÑOS                                             ;00000000;00000;0064;GLG                                                    ;00000000;00000;0065;PIRATAS / REBELDES                                     ;00000000;00000;0070;PREPAL                                                 ;00000000;00000;0000;                                                       ;00000000;00000;0000;                                                       ;00000000;00000;0000;                                                       ;00000000;00000;0000;                                                       ;00000000;00000;0000;                                                       ;00000000;00000;0000;                                                       ;00000000;00000;0000;                                                       ;00000000;00000;0000;                                                       ;00000000;00000;0000;                                                       ;00000000;00000;0000;                                                       ;00000000;00000;0000;                                                       ;00000000;00000;0000;                                                       ;00000000;00000;0000;                                                       ;00000000;00000;0000;                                                       ;00000000;00000;0000;                                                       ;00000000;00000;0000;                                                       ;00000000;00000;0000;                                                       ;00000000;00000;0000;                                                       ;00000000;00000;0000;                                                       ;00000000;00000;0000;                                                       ;00000000;00000;0000;                                                       ;00000000;00000;0000;                                                       ;00000000;00000;0000;                                                       ;00000000;00000;0000;                                                       ;00000000;00000;0000;                                                       ;00000000;00000;0000;                                                       ;00000000;00000;0000;                                                       ;00000000;00000;0000;                                                       ;00000000;00000;0000;                                                       ;00000000;00000;0000;                                                       ;00000000;00000;0000;                                                       ;00000000;00000;0000;                                                       ;00000000;00000;0000;                                                       ;00000000;00000;0000;                                                       ;00000000;00000;0000;                                                       ;00000000;00000;0000;                                                       ;00000000;00000;0000;                                                       ;00000000;00000;0000;                                                       ;00000000;00000;0000;                                                       ;00000000;00000;0000;                                                       ;00000000;00000;0000;                                                       ;00000000;00000;0000;                                                       ;00000000;00000;0000;                                                       ;00000000;00000;0000;                                                       ;00000000;00000;0000;                                                       ;00000000;00000;0000;                                                       ;00000000;00000;
2406100033;08;09;9;009;99;Albillos                                          ;99;99;00001;00000174;00000174;10000;00000111;06379;00000063;03620;00000001;00091;00000002;00180;0022;PP                                                     ;00000046;04220;0017;PSOE                                                   ;00000024;02201;0021;VOX                                                    ;00000024;02201;0042;AGRUPACIÓN DE ELECTORES "SE ACABÓ LA FIESTA"           ;00000004;00366;0032;SUMAR                                                  ;00000003;00275;0025;PODEMOS                                                ;00000002;00183;0039;PACMA                                                  ;00000001;00091;0072;EXISTE                                                 ;00000001;00091;0046;Cs                                                     ;00000001;00091;0049;J.U.E.X.                                               ;00000001;00091;0051;VOLT                                                   ;00000001;00091;0001;IZQESP                                                 ;00000000;00000;0002;CEUS                                                   ;00000000;00000;0009;FO                                                     ;00000000;00000;0010;AHORA REPÚBLICAS (ERC-EH BILDU-BNG-ARA MÉS)            ;00000000;00000;0060;JUNTS UE                                               ;00000000;00000;0019;ANDALUCISTAS                                           ;00000000;00000;0020;IE                                                     ;00000000;00000;0023;ESCAÑOS EN BLANCO                                      ;00000000;00000;0024;CRT                                                    ;00000000;00000;0026;PFAC                                                   ;00000000;00000;0027;PCTE                                                   ;00000000;00000;0029;PCPE/PCPC                                              ;00000000;00000;0040;CREE EN EUROPA                                         ;00000000;00000;0041;PMR                                                    ;00000000;00000;0043;F                                                      ;00000000;00000;0047;FE de las JONS                                         ;00000000;00000;0048;SAE                                                    ;00000000;00000;0050;PH                                                     ;00000000;00000;0052;RECORTES CERO                                          ;00000000;00000;0063;EXTREMEÑOS                                             ;00000000;00000;0064;GLG                                                    ;00000000;00000;0065;PIRATAS / REBELDES                                     ;00000000;00000;0070;PREPAL                                                 ;00000000;00000;0000;                                                       ;00000000;00000;0000;                                                       ;00000000;00000;0000;                                                       ;00000000;00000;0000;                                                       ;00000000;00000;0000;                                                       ;00000000;00000;0000;                                                       ;00000000;00000;0000;                                                       ;00000000;00000;0000;                                                       ;00000000;00000;0000;                                                       ;00000000;00000;0000;                                                       ;00000000;00000;0000;                                                       ;00000000;00000;0000;                                                       ;00000000;00000;0000;                                                       ;00000000;00000;0000;                                                       ;00000000;00000;0000;                                                       ;00000000;00000;0000;                                                       ;00000000;00000;0000;                                                       ;00000000;00000;0000;                                                       ;00000000;00000;0000;                                                       ;00000000;00000;0000;                                                       ;00000000;00000;0000;                                                       ;00000000;00000;0000;                                                       ;00000000;00000;0000;                                                       ;00000000;00000;0000;                                                       ;00000000;00000;0000;                                                       ;00000000;00000;0000;                                                       ;00000000;00000;0000;                                                       ;00000000;00000;0000;                                                       ;00000000;00000;0000;                                                       ;00000000;00000;0000;                                                       ;00000000;00000;0000;                                                       ;00000000;00000;0000;                                                       ;00000000;00000;0000;                                                       ;00000000;00000;0000;                                                       ;00000000;00000;0000;                                                       ;00000000;00000;0000;                                                       ;00000000;00000;0000;                                                       ;00000000;00000;0000;                                                       ;00000000;00000;0000;                                                       ;00000000;00000;0000;                                                       ;00000000;00000;0000;                                                       ;00000000;00000;0000;                                                       ;00000000;00000;0000;                                                       ;00000000;00000;0000;                                                       ;00000000;00000;0000;                                                       ;00000000;00000;0000;                                                       ;00000000;00000;
2406100033;08;09;9;010;99;Alcocero de Mola                                  ;99;99;00001;00000039;00000039;10000;00000031;07948;00000008;02051;00000000;00000;00000000;00000;0022;PP                                                     ;00000014;04516;0021;VOX                                                    ;00000008;02580;0017;PSOE                                                   ;00000004;01290;0042;AGRUPACIÓN DE ELECTORES "SE ACABÓ LA FIESTA"           ;00000003;00967;0010;AHORA REPÚBLICAS (ERC-EH BILDU-BNG-ARA MÉS)            ;00000001;00322;0032;SUMAR                                                  ;00000001;00322;0001;IZQESP                                                 ;00000000;00000;0002;CEUS                                                   ;00000000;00000;0009;FO                                                     ;00000000;00000;0060;JUNTS UE                                               ;00000000;00000;0019;ANDALUCISTAS                                           ;00000000;00000;0020;IE                                                     ;00000000;00000;0023;ESCAÑOS EN BLANCO                                      ;00000000;00000;0024;CRT                                                    ;00000000;00000;0025;PODEMOS                                                ;00000000;00000;0026;PFAC                                                   ;00000000;00000;0027;PCTE                                                   ;00000000;00000;0029;PCPE/PCPC                                              ;00000000;00000;0039;PACMA                                                  ;00000000;00000;0040;CREE EN EUROPA                                         ;00000000;00000;0041;PMR                                                    ;00000000;00000;0043;F                                                      ;00000000;00000;0072;EXISTE                                                 ;00000000;00000;0046;Cs                                                     ;00000000;00000;0047;FE de las JONS                                         ;00000000;00000;0048;SAE                                                    ;00000000;00000;0049;J.U.E.X.                                               ;00000000;00000;0050;PH                                                     ;00000000;00000;0051;VOLT                                                   ;00000000;00000;0052;RECORTES CERO                                          ;00000000;00000;0063;EXTREMEÑOS                                             ;00000000;00000;0064;GLG                                                    ;00000000;00000;0065;PIRATAS / REBELDES                                     ;00000000;00000;0070;PREPAL                                                 ;00000000;00000;0000;                                                       ;00000000;00000;0000;                                                       ;00000000;00000;0000;                                                       ;00000000;00000;0000;                                                       ;00000000;00000;0000;                                                       ;00000000;00000;0000;                                                       ;00000000;00000;0000;                                                       ;00000000;00000;0000;                                                       ;00000000;00000;0000;                                                       ;00000000;00000;0000;                                                       ;00000000;00000;0000;                                                       ;00000000;00000;0000;                                                       ;00000000;00000;0000;                                                       ;00000000;00000;0000;                                                       ;00000000;00000;0000;                                                       ;00000000;00000;0000;                                                       ;00000000;00000;0000;                                                       ;00000000;00000;0000;                                                       ;00000000;00000;0000;                                                       ;00000000;00000;0000;                                                       ;00000000;00000;0000;                                                       ;00000000;00000;0000;                                                       ;00000000;00000;0000;                                                       ;00000000;00000;0000;                                                       ;00000000;00000;0000;                                                       ;00000000;00000;0000;                                                       ;00000000;00000;0000;                                                       ;00000000;00000;0000;                                                       ;00000000;00000;0000;                                                       ;00000000;00000;0000;                                                       ;00000000;00000;0000;                                                       ;00000000;00000;0000;                                                       ;00000000;00000;0000;                                                       ;00000000;00000;0000;                                                       ;00000000;00000;0000;                                                       ;00000000;00000;0000;                                                       ;00000000;00000;0000;                                                       ;00000000;00000;0000;                                                       ;00000000;00000;0000;                                                       ;00000000;00000;0000;                                                       ;00000000;00000;0000;                                                       ;00000000;00000;0000;                                                       ;00000000;00000;0000;                                                       ;00000000;00000;0000;                                                       ;00000000;00000;0000;                                                       ;00000000;00000;0000;                                                       ;00000000;00000;
2406100033;08;09;9;011;99;Alfoz de Bricia                                   ;99;99;00001;00000066;00000066;10000;00000043;06515;00000023;03484;00000000;00000;00000002;00465;0022;PP                                                     ;00000024;05853;0017;PSOE                                                   ;00000008;01951;0021;VOX                                                    ;00000003;00731;0025;PODEMOS                                                ;00000002;00487;0020;IE                                                     ;00000001;00243;0024;CRT                                                    ;00000001;00243;0042;AGRUPACIÓN DE ELECTORES "SE ACABÓ LA FIESTA"           ;00000001;00243;0048;SAE                                                    ;00000001;00243;0001;IZQESP                                                 ;00000000;00000;0002;CEUS                                                   ;00000000;00000;0009;FO                                                     ;00000000;00000;0010;AHORA REPÚBLICAS (ERC-EH BILDU-BNG-ARA MÉS)            ;00000000;00000;0060;JUNTS UE                                               ;00000000;00000;0019;ANDALUCISTAS                                           ;00000000;00000;0023;ESCAÑOS EN BLANCO                                      ;00000000;00000;0026;PFAC                                                   ;00000000;00000;0027;PCTE                                                   ;00000000;00000;0029;PCPE/PCPC                                              ;00000000;00000;0032;SUMAR                                                  ;00000000;00000;0039;PACMA                                                  ;00000000;00000;0040;CREE EN EUROPA                                         ;00000000;00000;0041;PMR                                                    ;00000000;00000;0043;F                                                      ;00000000;00000;0072;EXISTE                                                 ;00000000;00000;0046;Cs                                                     ;00000000;00000;0047;FE de las JONS                                         ;00000000;00000;0049;J.U.E.X.                                               ;00000000;00000;0050;PH                                                     ;00000000;00000;0051;VOLT                                                   ;00000000;00000;0052;RECORTES CERO                                          ;00000000;00000;0063;EXTREMEÑOS                                             ;00000000;00000;0064;GLG                                                    ;00000000;00000;0065;PIRATAS / REBELDES                                     ;00000000;00000;0070;PREPAL                                                 ;00000000;00000;0000;                                                       ;00000000;00000;0000;                                                       ;00000000;00000;0000;                                                       ;00000000;00000;0000;                                                       ;00000000;00000;0000;                                                       ;00000000;00000;0000;                                                       ;00000000;00000;0000;                                                       ;00000000;00000;0000;                                                       ;00000000;00000;0000;                                                       ;00000000;00000;0000;                                                       ;00000000;00000;0000;                                                       ;00000000;00000;0000;                                                       ;00000000;00000;0000;                                                       ;00000000;00000;0000;                                                       ;00000000;00000;0000;                                                       ;00000000;00000;0000;                                                       ;00000000;00000;0000;                                                       ;00000000;00000;0000;                                                       ;00000000;00000;0000;                                                       ;00000000;00000;0000;                                                       ;00000000;00000;0000;                                                       ;00000000;00000;0000;                                                       ;00000000;00000;0000;                                                       ;00000000;00000;0000;                                                       ;00000000;00000;0000;                                                       ;00000000;00000;0000;                                                       ;00000000;00000;0000;                                                       ;00000000;00000;0000;                                                       ;00000000;00000;0000;                                                       ;00000000;00000;0000;                                                       ;00000000;00000;0000;                                                       ;00000000;00000;0000;                                                       ;00000000;00000;0000;                                                       ;00000000;00000;0000;                                                       ;00000000;00000;0000;                                                       ;00000000;00000;0000;                                                       ;00000000;00000;0000;                                                       ;00000000;00000;0000;                                                       ;00000000;00000;0000;                                                       ;00000000;00000;0000;                                                       ;00000000;00000;0000;                                                       ;00000000;00000;0000;                                                       ;00000000;00000;0000;                                                       ;00000000;00000;0000;                                                       ;00000000;00000;0000;                                                       ;00000000;00000;0000;                                                       ;00000000;00000;
2406100033;08;09;9;012;99;Alfoz de Santa Gadea                              ;99;99;00001;00000095;00000095;10000;00000057;06000;00000038;04000;00000001;00175;00000000;00000;0022;PP                                                     ;00000024;04210;0017;PSOE                                                   ;00000014;02456;0021;VOX                                                    ;00000006;01052;0032;SUMAR                                                  ;00000003;00526;0039;PACMA                                                  ;00000003;00526;0046;Cs                                                     ;00000002;00350;0048;SAE                                                    ;00000002;00350;0025;PODEMOS                                                ;00000001;00175;0042;AGRUPACIÓN DE ELECTORES "SE ACABÓ LA FIESTA"           ;00000001;00175;0001;IZQESP                                                 ;00000000;00000;0002;CEUS                                                   ;00000000;00000;0009;FO                                                     ;00000000;00000;0010;AHORA REPÚBLICAS (ERC-EH BILDU-BNG-ARA MÉS)            ;00000000;00000;0060;JUNTS UE                                               ;00000000;00000;0019;ANDALUCISTAS                                           ;00000000;00000;0020;IE                                                     ;00000000;00000;0023;ESCAÑOS EN BLANCO                                      ;00000000;00000;0024;CRT                                                    ;00000000;00000;0026;PFAC                                                   ;00000000;00000;0027;PCTE                                                   ;00000000;00000;0029;PCPE/PCPC                                              ;00000000;00000;0040;CREE EN EUROPA                                         ;00000000;00000;0041;PMR                                                    ;00000000;00000;0043;F                                                      ;00000000;00000;0072;EXISTE                                                 ;00000000;00000;0047;FE de las JONS                                         ;00000000;00000;0049;J.U.E.X.                                               ;00000000;00000;0050;PH                                                     ;00000000;00000;0051;VOLT                                                   ;00000000;00000;0052;RECORTES CERO                                          ;00000000;00000;0063;EXTREMEÑOS                                             ;00000000;00000;0064;GLG                                                    ;00000000;00000;0065;PIRATAS / REBELDES                                     ;00000000;00000;0070;PREPAL                                                 ;00000000;00000;0000;                                                       ;00000000;00000;0000;                                                       ;00000000;00000;0000;                                                       ;00000000;00000;0000;                                                       ;00000000;00000;0000;                                                       ;00000000;00000;0000;                                                       ;00000000;00000;0000;                                                       ;00000000;00000;0000;                                                       ;00000000;00000;0000;                                                       ;00000000;00000;0000;                                                       ;00000000;00000;0000;                                                       ;00000000;00000;0000;                                                       ;00000000;00000;0000;                                                       ;00000000;00000;0000;                                                       ;00000000;00000;0000;                                                       ;00000000;00000;0000;                                                       ;00000000;00000;0000;                                                       ;00000000;00000;0000;                                                       ;00000000;00000;0000;                                                       ;00000000;00000;0000;                                                       ;00000000;00000;0000;                                                       ;00000000;00000;0000;                                                       ;00000000;00000;0000;                                                       ;00000000;00000;0000;                                                       ;00000000;00000;0000;                                                       ;00000000;00000;0000;                                                       ;00000000;00000;0000;                                                       ;00000000;00000;0000;                                                       ;00000000;00000;0000;                                                       ;00000000;00000;0000;                                                       ;00000000;00000;0000;                                                       ;00000000;00000;0000;                                                       ;00000000;00000;0000;                                                       ;00000000;00000;0000;                                                       ;00000000;00000;0000;                                                       ;00000000;00000;0000;                                                       ;00000000;00000;0000;                                                       ;00000000;00000;0000;                                                       ;00000000;00000;0000;                                                       ;00000000;00000;0000;                                                       ;00000000;00000;0000;                                                       ;00000000;00000;0000;                                                       ;00000000;00000;0000;                                                       ;00000000;00000;0000;                                                       ;00000000;00000;0000;                                                       ;00000000;00000;0000;                                                       ;00000000;00000;
2406100033;08;09;9;013;99;Altable                                           ;99;99;00001;00000040;00000040;10000;00000029;07250;00000011;02750;00000003;01034;00000000;00000;0022;PP                                                     ;00000020;06896;0017;PSOE                                                   ;00000002;00689;0039;PACMA                                                  ;00000002;00689;0021;VOX                                                    ;00000001;00344;0042;AGRUPACIÓN DE ELECTORES "SE ACABÓ LA FIESTA"           ;00000001;00344;0001;IZQESP                                                 ;00000000;00000;0002;CEUS                                                   ;00000000;00000;0009;FO                                                     ;00000000;00000;0010;AHORA REPÚBLICAS (ERC-EH BILDU-BNG-ARA MÉS)            ;00000000;00000;0060;JUNTS UE                                               ;00000000;00000;0019;ANDALUCISTAS                                           ;00000000;00000;0020;IE                                                     ;00000000;00000;0023;ESCAÑOS EN BLANCO                                      ;00000000;00000;0024;CRT                                                    ;00000000;00000;0025;PODEMOS                                                ;00000000;00000;0026;PFAC                                                   ;00000000;00000;0027;PCTE                                                   ;00000000;00000;0029;PCPE/PCPC                                              ;00000000;00000;0032;SUMAR                                                  ;00000000;00000;0040;CREE EN EUROPA                                         ;00000000;00000;0041;PMR                                                    ;00000000;00000;0043;F                                                      ;00000000;00000;0072;EXISTE                                                 ;00000000;00000;0046;Cs                                                     ;00000000;00000;0047;FE de las JONS                                         ;00000000;00000;0048;SAE                                                    ;00000000;00000;0049;J.U.E.X.                                               ;00000000;00000;0050;PH                                                     ;00000000;00000;0051;VOLT                                                   ;00000000;00000;0052;RECORTES CERO                                          ;00000000;00000;0063;EXTREMEÑOS                                             ;00000000;00000;0064;GLG                                                    ;00000000;00000;0065;PIRATAS / REBELDES                                     ;00000000;00000;0070;PREPAL                                                 ;00000000;00000;0000;                                                       ;00000000;00000;0000;                                                       ;00000000;00000;0000;                                                       ;00000000;00000;0000;                                                       ;00000000;00000;0000;                                                       ;00000000;00000;0000;                                                       ;00000000;00000;0000;                                                       ;00000000;00000;0000;                                                       ;00000000;00000;0000;                                                       ;00000000;00000;0000;                                                       ;00000000;00000;0000;                                                       ;00000000;00000;0000;                                                       ;00000000;00000;0000;                                                       ;00000000;00000;0000;                                                       ;00000000;00000;0000;                                                       ;00000000;00000;0000;                                                       ;00000000;00000;0000;                                                       ;00000000;00000;0000;                                                       ;00000000;00000;0000;                                                       ;00000000;00000;0000;                                                       ;00000000;00000;0000;                                                       ;00000000;00000;0000;                                                       ;00000000;00000;0000;                                                       ;00000000;00000;0000;                                                       ;00000000;00000;0000;                                                       ;00000000;00000;0000;                                                       ;00000000;00000;0000;                                                       ;00000000;00000;0000;                                                       ;00000000;00000;0000;                                                       ;00000000;00000;0000;                                                       ;00000000;00000;0000;                                                       ;00000000;00000;0000;                                                       ;00000000;00000;0000;                                                       ;00000000;00000;0000;                                                       ;00000000;00000;0000;                                                       ;00000000;00000;0000;                                                       ;00000000;00000;0000;                                                       ;00000000;00000;0000;                                                       ;00000000;00000;0000;                                                       ;00000000;00000;0000;                                                       ;00000000;00000;0000;                                                       ;00000000;00000;0000;                                                       ;00000000;00000;0000;                                                       ;00000000;00000;0000;                                                       ;00000000;00000;0000;                                                       ;00000000;00000;0000;                                                       ;00000000;00000;
2406100033;08;09;9;014;99;Los Altos                                         ;99;99;00001;00000179;00000179;10000;00000103;05754;00000076;04245;00000001;00099;00000002;00194;0022;PP                                                     ;00000040;03960;0017;PSOE                                                   ;00000031;03069;0021;VOX                                                    ;00000019;01881;0025;PODEMOS                                                ;00000003;00297;0010;AHORA REPÚBLICAS (ERC-EH BILDU-BNG-ARA MÉS)            ;00000002;00198;0032;SUMAR                                                  ;00000002;00198;0046;Cs                                                     ;00000002;00198;0048;SAE                                                    ;00000001;00099;0001;IZQESP                                                 ;00000000;00000;0002;CEUS                                                   ;00000000;00000;0009;FO                                                     ;00000000;00000;0060;JUNTS UE                                               ;00000000;00000;0019;ANDALUCISTAS                                           ;00000000;00000;0020;IE                                                     ;00000000;00000;0023;ESCAÑOS EN BLANCO                                      ;00000000;00000;0024;CRT                                                    ;00000000;00000;0026;PFAC                                                   ;00000000;00000;0027;PCTE                                                   ;00000000;00000;0029;PCPE/PCPC                                              ;00000000;00000;0039;PACMA                                                  ;00000000;00000;0040;CREE EN EUROPA                                         ;00000000;00000;0041;PMR                                                    ;00000000;00000;0042;AGRUPACIÓN DE ELECTORES "SE ACABÓ LA FIESTA"           ;00000000;00000;0043;F                                                      ;00000000;00000;0072;EXISTE                                                 ;00000000;00000;0047;FE de las JONS                                         ;00000000;00000;0049;J.U.E.X.                                               ;00000000;00000;0050;PH                                                     ;00000000;00000;0051;VOLT                                                   ;00000000;00000;0052;RECORTES CERO                                          ;00000000;00000;0063;EXTREMEÑOS                                             ;00000000;00000;0064;GLG                                                    ;00000000;00000;0065;PIRATAS / REBELDES                                     ;00000000;00000;0070;PREPAL                                                 ;00000000;00000;0000;                                                       ;00000000;00000;0000;                                                       ;00000000;00000;0000;                                                       ;00000000;00000;0000;                                                       ;00000000;00000;0000;                                                       ;00000000;00000;0000;                                                       ;00000000;00000;0000;                                                       ;00000000;00000;0000;                                                       ;00000000;00000;0000;                                                       ;00000000;00000;0000;                                                       ;00000000;00000;0000;                                                       ;00000000;00000;0000;                                                       ;00000000;00000;0000;                                                       ;00000000;00000;0000;                                                       ;00000000;00000;0000;                                                       ;00000000;00000;0000;                                                       ;00000000;00000;0000;                                                       ;00000000;00000;0000;                                                       ;00000000;00000;0000;                                                       ;00000000;00000;0000;                                                       ;00000000;00000;0000;                                                       ;00000000;00000;0000;                                                       ;00000000;00000;0000;                                                       ;00000000;00000;0000;                                                       ;00000000;00000;0000;                                                       ;00000000;00000;0000;                                                       ;00000000;00000;0000;                                                       ;00000000;00000;0000;                                                       ;00000000;00000;0000;                                                       ;00000000;00000;0000;                                                       ;00000000;00000;0000;                                                       ;00000000;00000;0000;                                                       ;00000000;00000;0000;                                                       ;00000000;00000;0000;                                                       ;00000000;00000;0000;                                                       ;00000000;00000;0000;                                                       ;00000000;00000;0000;                                                       ;00000000;00000;0000;                                                       ;00000000;00000;0000;                                                       ;00000000;00000;0000;                                                       ;00000000;00000;0000;                                                       ;00000000;00000;0000;                                                       ;00000000;00000;0000;                                                       ;00000000;00000;0000;                                                       ;00000000;00000;0000;                                                       ;00000000;00000;0000;                                                       ;00000000;00000;
2406100033;08;09;9;016;99;Ameyugo                                           ;99;99;00001;00000087;00000087;10000;00000060;06896;00000027;03103;00000000;00000;00000001;00166;0017;PSOE                                                   ;00000019;03220;0022;PP                                                     ;00000019;03220;0021;VOX                                                    ;00000013;02203;0025;PODEMOS                                                ;00000003;00508;0042;AGRUPACIÓN DE ELECTORES "SE ACABÓ LA FIESTA"           ;00000002;00338;0029;PCPE/PCPC                                              ;00000001;00169;0046;Cs                                                     ;00000001;00169;0051;VOLT                                                   ;00000001;00169;0001;IZQESP                                                 ;00000000;00000;0002;CEUS                                                   ;00000000;00000;0009;FO                                                     ;00000000;00000;0010;AHORA REPÚBLICAS (ERC-EH BILDU-BNG-ARA MÉS)            ;00000000;00000;0060;JUNTS UE                                               ;00000000;00000;0019;ANDALUCISTAS                                           ;00000000;00000;0020;IE                                                     ;00000000;00000;0023;ESCAÑOS EN BLANCO                                      ;00000000;00000;0024;CRT                                                    ;00000000;00000;0026;PFAC                                                   ;00000000;00000;0027;PCTE                                                   ;00000000;00000;0032;SUMAR                                                  ;00000000;00000;0039;PACMA                                                  ;00000000;00000;0040;CREE EN EUROPA                                         ;00000000;00000;0041;PMR                                                    ;00000000;00000;0043;F                                                      ;00000000;00000;0072;EXISTE                                                 ;00000000;00000;0047;FE de las JONS                                         ;00000000;00000;0048;SAE                                                    ;00000000;00000;0049;J.U.E.X.                                               ;00000000;00000;0050;PH                                                     ;00000000;00000;0052;RECORTES CERO                                          ;00000000;00000;0063;EXTREMEÑOS                                             ;00000000;00000;0064;GLG                                                    ;00000000;00000;0065;PIRATAS / REBELDES                                     ;00000000;00000;0070;PREPAL                                                 ;00000000;00000;0000;                                                       ;00000000;00000;0000;                                                       ;00000000;00000;0000;                                                       ;00000000;00000;0000;                                                       ;00000000;00000;0000;                                                       ;00000000;00000;0000;                                                       ;00000000;00000;0000;                                                       ;00000000;00000;0000;                                                       ;00000000;00000;0000;                                                       ;00000000;00000;0000;                                                       ;00000000;00000;0000;                                                       ;00000000;00000;0000;                                                       ;00000000;00000;0000;                                                       ;00000000;00000;0000;                                                       ;00000000;00000;0000;                                                       ;00000000;00000;0000;                                                       ;00000000;00000;0000;                                                       ;00000000;00000;0000;                                                       ;00000000;00000;0000;                                                       ;00000000;00000;0000;                                                       ;00000000;00000;0000;                                                       ;00000000;00000;0000;                                                       ;00000000;00000;0000;                                                       ;00000000;00000;0000;                                                       ;00000000;00000;0000;                                                       ;00000000;00000;0000;                                                       ;00000000;00000;0000;                                                       ;00000000;00000;0000;                                                       ;00000000;00000;0000;                                                       ;00000000;00000;0000;                                                       ;00000000;00000;0000;                                                       ;00000000;00000;0000;                                                       ;00000000;00000;0000;                                                       ;00000000;00000;0000;                                                       ;00000000;00000;0000;                                                       ;00000000;00000;0000;                                                       ;00000000;00000;0000;                                                       ;00000000;00000;0000;                                                       ;00000000;00000;0000;                                                       ;00000000;00000;0000;                                                       ;00000000;00000;0000;                                                       ;00000000;00000;0000;                                                       ;00000000;00000;0000;                                                       ;00000000;00000;0000;                                                       ;00000000;00000;0000;                                                       ;00000000;00000;0000;                                                       ;00000000;00000;
2406100033;08;09;9;017;99;Anguix                                            ;99;99;00001;00000087;00000087;10000;00000055;06321;00000032;03678;00000002;00377;00000002;00363;0022;PP                                                     ;00000028;05283;0017;PSOE                                                   ;00000015;02830;0021;VOX                                                    ;00000002;00377;0032;SUMAR                                                  ;00000001;00188;0042;AGRUPACIÓN DE ELECTORES "SE ACABÓ LA FIESTA"           ;00000001;00188;0046;Cs                                                     ;00000001;00188;0047;FE de las JONS                                         ;00000001;00188;0048;SAE                                                    ;00000001;00188;0052;RECORTES CERO                                          ;00000001;00188;0001;IZQESP                                                 ;00000000;00000;0002;CEUS                                                   ;00000000;00000;0009;FO                                                     ;00000000;00000;0010;AHORA REPÚBLICAS (ERC-EH BILDU-BNG-ARA MÉS)            ;00000000;00000;0060;JUNTS UE                                               ;00000000;00000;0019;ANDALUCISTAS                                           ;00000000;00000;0020;IE                                                     ;00000000;00000;0023;ESCAÑOS EN BLANCO                                      ;00000000;00000;0024;CRT                                                    ;00000000;00000;0025;PODEMOS                                                ;00000000;00000;0026;PFAC                                                   ;00000000;00000;0027;PCTE                                                   ;00000000;00000;0029;PCPE/PCPC                                              ;00000000;00000;0039;PACMA                                                  ;00000000;00000;0040;CREE EN EUROPA                                         ;00000000;00000;0041;PMR                                                    ;00000000;00000;0043;F                                                      ;00000000;00000;0072;EXISTE                                                 ;00000000;00000;0049;J.U.E.X.                                               ;00000000;00000;0050;PH                                                     ;00000000;00000;0051;VOLT                                                   ;00000000;00000;0063;EXTREMEÑOS                                             ;00000000;00000;0064;GLG                                                    ;00000000;00000;0065;PIRATAS / REBELDES                                     ;00000000;00000;0070;PREPAL                                                 ;00000000;00000;0000;                                                       ;00000000;00000;0000;                                                       ;00000000;00000;0000;                                                       ;00000000;00000;0000;                                                       ;00000000;00000;0000;                                                       ;00000000;00000;0000;                                                       ;00000000;00000;0000;                                                       ;00000000;00000;0000;                                                       ;00000000;00000;0000;                                                       ;00000000;00000;0000;                                                       ;00000000;00000;0000;                                                       ;00000000;00000;0000;                                                       ;00000000;00000;0000;                                                       ;00000000;00000;0000;                                                       ;00000000;00000;0000;                                                       ;00000000;00000;0000;                                                       ;00000000;00000;0000;                                                       ;00000000;00000;0000;                                                       ;00000000;00000;0000;                                                       ;00000000;00000;0000;                                                       ;00000000;00000;0000;                                                       ;00000000;00000;0000;                                                       ;00000000;00000;0000;                                                       ;00000000;00000;0000;                                                       ;00000000;00000;0000;                                                       ;00000000;00000;0000;                                                       ;00000000;00000;0000;                                                       ;00000000;00000;0000;                                                       ;00000000;00000;0000;                                                       ;00000000;00000;0000;                                                       ;00000000;00000;0000;                                                       ;00000000;00000;0000;                                                       ;00000000;00000;0000;                                                       ;00000000;00000;0000;                                                       ;00000000;00000;0000;                                                       ;00000000;00000;0000;                                                       ;00000000;00000;0000;                                                       ;00000000;00000;0000;                                                       ;00000000;00000;0000;                                                       ;00000000;00000;0000;                                                       ;00000000;00000;0000;                                                       ;00000000;00000;0000;                                                       ;00000000;00000;0000;                                                       ;00000000;00000;0000;                                                       ;00000000;00000;0000;                                                       ;00000000;00000;0000;                                                       ;00000000;00000;
2406100033;08;09;9;018;99;Aranda de Duero                                   ;99;99;00045;00024412;00024412;10000;00012781;05235;00011631;04764;00000117;00092;00000108;00084;0022;PP                                                     ;00005036;03973;0017;PSOE                                                   ;00004337;03422;0021;VOX                                                    ;00001212;00956;0042;AGRUPACIÓN DE ELECTORES "SE ACABÓ LA FIESTA"           ;00000516;00407;0032;SUMAR                                                  ;00000452;00356;0025;PODEMOS                                                ;00000323;00254;0072;EXISTE                                                 ;00000178;00140;0046;Cs                                                     ;00000156;00123;0039;PACMA                                                  ;00000070;00055;0009;FO                                                     ;00000066;00052;0001;IZQESP                                                 ;00000026;00020;0020;IE                                                     ;00000025;00019;0010;AHORA REPÚBLICAS (ERC-EH BILDU-BNG-ARA MÉS)            ;00000018;00014;0023;ESCAÑOS EN BLANCO                                      ;00000017;00013;0026;PFAC                                                   ;00000016;00012;0048;SAE                                                    ;00000015;00011;0027;PCTE                                                   ;00000014;00011;0070;PREPAL                                                 ;00000011;00008;0065;PIRATAS / REBELDES                                     ;00000010;00007;0047;FE de las JONS                                         ;00000009;00007;0051;VOLT                                                   ;00000009;00007;0043;F                                                      ;00000007;00005;0041;PMR                                                    ;00000006;00004;0002;CEUS                                                   ;00000005;00003;0040;CREE EN EUROPA                                         ;00000004;00003;0050;PH                                                     ;00000004;00003;0052;RECORTES CERO                                          ;00000004;00003;0029;PCPE/PCPC                                              ;00000003;00002;0019;ANDALUCISTAS                                           ;00000002;00001;0024;CRT                                                    ;00000002;00001;0049;J.U.E.X.                                               ;00000002;00001;0060;JUNTS UE                                               ;00000001;00001;0063;EXTREMEÑOS                                             ;00000000;00000;0064;GLG                                                    ;00000000;00000;0000;                                                       ;00000000;00000;0000;                                                       ;00000000;00000;0000;                                                       ;00000000;00000;0000;                                                       ;00000000;00000;0000;                                                       ;00000000;00000;0000;                                                       ;00000000;00000;0000;                                                       ;00000000;00000;0000;                                                       ;00000000;00000;0000;                                                       ;00000000;00000;0000;                                                       ;00000000;00000;0000;                                                       ;00000000;00000;0000;                                                       ;00000000;00000;0000;                                                       ;00000000;00000;0000;                                                       ;00000000;00000;0000;                                                       ;00000000;00000;0000;                                                       ;00000000;00000;0000;                                                       ;00000000;00000;0000;                                                       ;00000000;00000;0000;                                                       ;00000000;00000;0000;                                                       ;00000000;00000;0000;                                                       ;00000000;00000;0000;                                                       ;00000000;00000;0000;                                                       ;00000000;00000;0000;                                                       ;00000000;00000;0000;                                                       ;00000000;00000;0000;                                                       ;00000000;00000;0000;                                                       ;00000000;00000;0000;                                                       ;00000000;00000;0000;                                                       ;00000000;00000;0000;                                                       ;00000000;00000;0000;                                                       ;00000000;00000;0000;                                                       ;00000000;00000;0000;                                                       ;00000000;00000;0000;                                                       ;00000000;00000;0000;                                                       ;00000000;00000;0000;                                                       ;00000000;00000;0000;                                                       ;00000000;00000;0000;                                                       ;00000000;00000;0000;                                                       ;00000000;00000;0000;                                                       ;00000000;00000;0000;                                                       ;00000000;00000;0000;                                                       ;00000000;00000;0000;                                                       ;00000000;00000;0000;                                                       ;00000000;00000;0000;                                                       ;00000000;00000;0000;                                                       ;00000000;00000;
2406100033;08;09;9;019;99;Arandilla                                         ;99;99;00001;00000137;00000137;10000;00000082;05985;00000055;04014;00000000;00000;00000002;00243;0022;PP                                                     ;00000042;05250;0017;PSOE                                                   ;00000022;02750;0021;VOX                                                    ;00000008;01000;0032;SUMAR                                                  ;00000005;00625;0019;ANDALUCISTAS                                           ;00000001;00125;0048;SAE                                                    ;00000001;00125;0065;PIRATAS / REBELDES                                     ;00000001;00125;0001;IZQESP                                                 ;00000000;00000;0002;CEUS                                                   ;00000000;00000;0009;FO                                                     ;00000000;00000;0010;AHORA REPÚBLICAS (ERC-EH BILDU-BNG-ARA MÉS)            ;00000000;00000;0060;JUNTS UE                                               ;00000000;00000;0020;IE                                                     ;00000000;00000;0023;ESCAÑOS EN BLANCO                                      ;00000000;00000;0024;CRT                                                    ;00000000;00000;0025;PODEMOS                                                ;00000000;00000;0026;PFAC                                                   ;00000000;00000;0027;PCTE                                                   ;00000000;00000;0029;PCPE/PCPC                                              ;00000000;00000;0039;PACMA                                                  ;00000000;00000;0040;CREE EN EUROPA                                         ;00000000;00000;0041;PMR                                                    ;00000000;00000;0042;AGRUPACIÓN DE ELECTORES "SE ACABÓ LA FIESTA"           ;00000000;00000;0043;F                                                      ;00000000;00000;0072;EXISTE                                                 ;00000000;00000;0046;Cs                                                     ;00000000;00000;0047;FE de las JONS                                         ;00000000;00000;0049;J.U.E.X.                                               ;00000000;00000;0050;PH                                                     ;00000000;00000;0051;VOLT                                                   ;00000000;00000;0052;RECORTES CERO                                          ;00000000;00000;0063;EXTREMEÑOS                                             ;00000000;00000;0064;GLG                                                    ;00000000;00000;0070;PREPAL                                                 ;00000000;00000;0000;                                                       ;00000000;00000;0000;                                                       ;00000000;00000;0000;                                                       ;00000000;00000;0000;                                                       ;00000000;00000;0000;                                                       ;00000000;00000;0000;                                                       ;00000000;00000;0000;                                                       ;00000000;00000;0000;                                                       ;00000000;00000;0000;                                                       ;00000000;00000;0000;                                                       ;00000000;00000;0000;                                                       ;00000000;00000;0000;                                                       ;00000000;00000;0000;                                                       ;00000000;00000;0000;                                                       ;00000000;00000;0000;                                                       ;00000000;00000;0000;                                                       ;00000000;00000;0000;                                                       ;00000000;00000;0000;                                                       ;00000000;00000;0000;                                                       ;00000000;00000;0000;                                                       ;00000000;00000;0000;                                                       ;00000000;00000;0000;                                                       ;00000000;00000;0000;                                                       ;00000000;00000;0000;                                                       ;00000000;00000;0000;                                                       ;00000000;00000;0000;                                                       ;00000000;00000;0000;                                                       ;00000000;00000;0000;                                                       ;00000000;00000;0000;                                                       ;00000000;00000;0000;                                                       ;00000000;00000;0000;                                                       ;00000000;00000;0000;                                                       ;00000000;00000;0000;                                                       ;00000000;00000;0000;                                                       ;00000000;00000;0000;                                                       ;00000000;00000;0000;                                                       ;00000000;00000;0000;                                                       ;00000000;00000;0000;                                                       ;00000000;00000;0000;                                                       ;00000000;00000;0000;                                                       ;00000000;00000;0000;                                                       ;00000000;00000;0000;                                                       ;00000000;00000;0000;                                                       ;00000000;00000;0000;                                                       ;00000000;00000;0000;                                                       ;00000000;00000;0000;                                                       ;00000000;00000;
2406100033;08;09;9;020;99;Arauzo de Miel                                    ;99;99;00001;00000225;00000225;10000;00000145;06444;00000080;03555;00000002;00139;00000002;00137;0022;PP                                                     ;00000077;05384;0017;PSOE                                                   ;00000037;02587;0021;VOX                                                    ;00000011;00769;0042;AGRUPACIÓN DE ELECTORES "SE ACABÓ LA FIESTA"           ;00000006;00419;0009;FO                                                     ;00000002;00139;0032;SUMAR                                                  ;00000002;00139;0046;Cs                                                     ;00000002;00139;0001;IZQESP                                                 ;00000001;00069;0020;IE                                                     ;00000001;00069;0039;PACMA                                                  ;00000001;00069;0072;EXISTE                                                 ;00000001;00069;0002;CEUS                                                   ;00000000;00000;0010;AHORA REPÚBLICAS (ERC-EH BILDU-BNG-ARA MÉS)            ;00000000;00000;0060;JUNTS UE                                               ;00000000;00000;0019;ANDALUCISTAS                                           ;00000000;00000;0023;ESCAÑOS EN BLANCO                                      ;00000000;00000;0024;CRT                                                    ;00000000;00000;0025;PODEMOS                                                ;00000000;00000;0026;PFAC                                                   ;00000000;00000;0027;PCTE                                                   ;00000000;00000;0029;PCPE/PCPC                                              ;00000000;00000;0040;CREE EN EUROPA                                         ;00000000;00000;0041;PMR                                                    ;00000000;00000;0043;F                                                      ;00000000;00000;0047;FE de las JONS                                         ;00000000;00000;0048;SAE                                                    ;00000000;00000;0049;J.U.E.X.                                               ;00000000;00000;0050;PH                                                     ;00000000;00000;0051;VOLT                                                   ;00000000;00000;0052;RECORTES CERO                                          ;00000000;00000;0063;EXTREMEÑOS                                             ;00000000;00000;0064;GLG                                                    ;00000000;00000;0065;PIRATAS / REBELDES                                     ;00000000;00000;0070;PREPAL                                                 ;00000000;00000;0000;                                                       ;00000000;00000;0000;                                                       ;00000000;00000;0000;                                                       ;00000000;00000;0000;                                                       ;00000000;00000;0000;                                                       ;00000000;00000;0000;                                                       ;00000000;00000;0000;                                                       ;00000000;00000;0000;                                                       ;00000000;00000;0000;                                                       ;00000000;00000;0000;                                                       ;00000000;00000;0000;                                                       ;00000000;00000;0000;                                                       ;00000000;00000;0000;                                                       ;00000000;00000;0000;                                                       ;00000000;00000;0000;                                                       ;00000000;00000;0000;                                                       ;00000000;00000;0000;                                                       ;00000000;00000;0000;                                                       ;00000000;00000;0000;                                                       ;00000000;00000;0000;                                                       ;00000000;00000;0000;                                                       ;00000000;00000;0000;                                                       ;00000000;00000;0000;                                                       ;00000000;00000;0000;                                                       ;00000000;00000;0000;                                                       ;00000000;00000;0000;                                                       ;00000000;00000;0000;                                                       ;00000000;00000;0000;                                                       ;00000000;00000;0000;                                                       ;00000000;00000;0000;                                                       ;00000000;00000;0000;                                                       ;00000000;00000;0000;                                                       ;00000000;00000;0000;                                                       ;00000000;00000;0000;                                                       ;00000000;00000;0000;                                                       ;00000000;00000;0000;                                                       ;00000000;00000;0000;                                                       ;00000000;00000;0000;                                                       ;00000000;00000;0000;                                                       ;00000000;00000;0000;                                                       ;00000000;00000;0000;                                                       ;00000000;00000;0000;                                                       ;00000000;00000;0000;                                                       ;00000000;00000;0000;                                                       ;00000000;00000;0000;                                                       ;00000000;00000;0000;                                                       ;00000000;00000;
2406100033;08;09;9;021;99;Arauzo de Salce                                   ;99;99;00001;00000040;00000040;10000;00000024;06000;00000016;04000;00000001;00434;00000001;00416;0022;PP                                                     ;00000010;04347;0017;PSOE                                                   ;00000008;03478;0046;Cs                                                     ;00000002;00869;0025;PODEMOS                                                ;00000001;00434;0042;AGRUPACIÓN DE ELECTORES "SE ACABÓ LA FIESTA"           ;00000001;00434;0001;IZQESP                                                 ;00000000;00000;0002;CEUS                                                   ;00000000;00000;0009;FO                                                     ;00000000;00000;0010;AHORA REPÚBLICAS (ERC-EH BILDU-BNG-ARA MÉS)            ;00000000;00000;0060;JUNTS UE                                               ;00000000;00000;0019;ANDALUCISTAS                                           ;00000000;00000;0020;IE                                                     ;00000000;00000;0021;VOX                                                    ;00000000;00000;0023;ESCAÑOS EN BLANCO                                      ;00000000;00000;0024;CRT                                                    ;00000000;00000;0026;PFAC                                                   ;00000000;00000;0027;PCTE                                                   ;00000000;00000;0029;PCPE/PCPC                                              ;00000000;00000;0032;SUMAR                                                  ;00000000;00000;0039;PACMA                                                  ;00000000;00000;0040;CREE EN EUROPA                                         ;00000000;00000;0041;PMR                                                    ;00000000;00000;0043;F                                                      ;00000000;00000;0072;EXISTE                                                 ;00000000;00000;0047;FE de las JONS                                         ;00000000;00000;0048;SAE                                                    ;00000000;00000;0049;J.U.E.X.                                               ;00000000;00000;0050;PH                                                     ;00000000;00000;0051;VOLT                                                   ;00000000;00000;0052;RECORTES CERO                                          ;00000000;00000;0063;EXTREMEÑOS                                             ;00000000;00000;0064;GLG                                                    ;00000000;00000;0065;PIRATAS / REBELDES                                     ;00000000;00000;0070;PREPAL                                                 ;00000000;00000;0000;                                                       ;00000000;00000;0000;                                                       ;00000000;00000;0000;                                                       ;00000000;00000;0000;                                                       ;00000000;00000;0000;                                                       ;00000000;00000;0000;                                                       ;00000000;00000;0000;                                                       ;00000000;00000;0000;                                                       ;00000000;00000;0000;                                                       ;00000000;00000;0000;                                                       ;00000000;00000;0000;                                                       ;00000000;00000;0000;                                                       ;00000000;00000;0000;                                                       ;00000000;00000;0000;                                                       ;00000000;00000;0000;                                                       ;00000000;00000;0000;                                                       ;00000000;00000;0000;                                                       ;00000000;00000;0000;                                                       ;00000000;00000;0000;                                                       ;00000000;00000;0000;                                                       ;00000000;00000;0000;                                                       ;00000000;00000;0000;                                                       ;00000000;00000;0000;                                                       ;00000000;00000;0000;                                                       ;00000000;00000;0000;                                                       ;00000000;00000;0000;                                                       ;00000000;00000;0000;                                                       ;00000000;00000;0000;                                                       ;00000000;00000;0000;                                                       ;00000000;00000;0000;                                                       ;00000000;00000;0000;                                                       ;00000000;00000;0000;                                                       ;00000000;00000;0000;                                                       ;00000000;00000;0000;                                                       ;00000000;00000;0000;                                                       ;00000000;00000;0000;                                                       ;00000000;00000;0000;                                                       ;00000000;00000;0000;                                                       ;00000000;00000;0000;                                                       ;00000000;00000;0000;                                                       ;00000000;00000;0000;                                                       ;00000000;00000;0000;                                                       ;00000000;00000;0000;                                                       ;00000000;00000;0000;                                                       ;00000000;00000;0000;                                                       ;00000000;00000;0000;                                                       ;00000000;00000;
2406100033;08;09;9;022;99;Arauzo de Torre                                   ;99;99;00001;00000052;00000052;10000;00000036;06923;00000016;03076;00000002;00571;00000001;00277;0022;PP                                                     ;00000017;04857;0017;PSOE                                                   ;00000007;02000;0021;VOX                                                    ;00000005;01428;0072;EXISTE                                                 ;00000002;00571;0010;AHORA REPÚBLICAS (ERC-EH BILDU-BNG-ARA MÉS)            ;00000001;00285;0042;AGRUPACIÓN DE ELECTORES "SE ACABÓ LA FIESTA"           ;00000001;00285;0001;IZQESP                                                 ;00000000;00000;0002;CEUS                                                   ;00000000;00000;0009;FO                                                     ;00000000;00000;0060;JUNTS UE                                               ;00000000;00000;0019;ANDALUCISTAS                                           ;00000000;00000;0020;IE                                                     ;00000000;00000;0023;ESCAÑOS EN BLANCO                                      ;00000000;00000;0024;CRT                                                    ;00000000;00000;0025;PODEMOS                                                ;00000000;00000;0026;PFAC                                                   ;00000000;00000;0027;PCTE                                                   ;00000000;00000;0029;PCPE/PCPC                                              ;00000000;00000;0032;SUMAR                                                  ;00000000;00000;0039;PACMA                                                  ;00000000;00000;0040;CREE EN EUROPA                                         ;00000000;00000;0041;PMR                                                    ;00000000;00000;0043;F                                                      ;00000000;00000;0046;Cs                                                     ;00000000;00000;0047;FE de las JONS                                         ;00000000;00000;0048;SAE                                                    ;00000000;00000;0049;J.U.E.X.                                               ;00000000;00000;0050;PH                                                     ;00000000;00000;0051;VOLT                                                   ;00000000;00000;0052;RECORTES CERO                                          ;00000000;00000;0063;EXTREMEÑOS                                             ;00000000;00000;0064;GLG                                                    ;00000000;00000;0065;PIRATAS / REBELDES                                     ;00000000;00000;0070;PREPAL                                                 ;00000000;00000;0000;                                                       ;00000000;00000;0000;                                                       ;00000000;00000;0000;                                                       ;00000000;00000;0000;                                                       ;00000000;00000;0000;                                                       ;00000000;00000;0000;                                                       ;00000000;00000;0000;                                                       ;00000000;00000;0000;                                                       ;00000000;00000;0000;                                                       ;00000000;00000;0000;                                                       ;00000000;00000;0000;                                                       ;00000000;00000;0000;                                                       ;00000000;00000;0000;                                                       ;00000000;00000;0000;                                                       ;00000000;00000;0000;                                                       ;00000000;00000;0000;                                                       ;00000000;00000;0000;                                                       ;00000000;00000;0000;                                                       ;00000000;00000;0000;                                                       ;00000000;00000;0000;                                                       ;00000000;00000;0000;                                                       ;00000000;00000;0000;                                                       ;00000000;00000;0000;                                                       ;00000000;00000;0000;                                                       ;00000000;00000;0000;                                                       ;00000000;00000;0000;                                                       ;00000000;00000;0000;                                                       ;00000000;00000;0000;                                                       ;00000000;00000;0000;                                                       ;00000000;00000;0000;                                                       ;00000000;00000;0000;                                                       ;00000000;00000;0000;                                                       ;00000000;00000;0000;                                                       ;00000000;00000;0000;                                                       ;00000000;00000;0000;                                                       ;00000000;00000;0000;                                                       ;00000000;00000;0000;                                                       ;00000000;00000;0000;                                                       ;00000000;00000;0000;                                                       ;00000000;00000;0000;                                                       ;00000000;00000;0000;                                                       ;00000000;00000;0000;                                                       ;00000000;00000;0000;                                                       ;00000000;00000;0000;                                                       ;00000000;00000;0000;                                                       ;00000000;00000;0000;                                                       ;00000000;00000;
2406100033;08;09;9;023;99;Arcos                                             ;99;99;00002;00001265;00001265;10000;00000665;05256;00000600;04743;00000014;00212;00000007;00105;0022;PP                                                     ;00000282;04285;0017;PSOE                                                   ;00000141;02142;0021;VOX                                                    ;00000070;01063;0042;AGRUPACIÓN DE ELECTORES "SE ACABÓ LA FIESTA"           ;00000054;00820;0032;SUMAR                                                  ;00000045;00683;0025;PODEMOS                                                ;00000013;00197;0046;Cs                                                     ;00000010;00151;0026;PFAC                                                   ;00000004;00060;0065;PIRATAS / REBELDES                                     ;00000004;00060;0009;FO                                                     ;00000003;00045;0039;PACMA                                                  ;00000003;00045;0002;CEUS                                                   ;00000002;00030;0010;AHORA REPÚBLICAS (ERC-EH BILDU-BNG-ARA MÉS)            ;00000002;00030;0020;IE                                                     ;00000002;00030;0027;PCTE                                                   ;00000002;00030;0048;SAE                                                    ;00000002;00030;0001;IZQESP                                                 ;00000001;00015;0072;EXISTE                                                 ;00000001;00015;0049;J.U.E.X.                                               ;00000001;00015;0050;PH                                                     ;00000001;00015;0063;EXTREMEÑOS                                             ;00000001;00015;0060;JUNTS UE                                               ;00000000;00000;0019;ANDALUCISTAS                                           ;00000000;00000;0023;ESCAÑOS EN BLANCO                                      ;00000000;00000;0024;CRT                                                    ;00000000;00000;0029;PCPE/PCPC                                              ;00000000;00000;0040;CREE EN EUROPA                                         ;00000000;00000;0041;PMR                                                    ;00000000;00000;0043;F                                                      ;00000000;00000;0047;FE de las JONS                                         ;00000000;00000;0051;VOLT                                                   ;00000000;00000;0052;RECORTES CERO                                          ;00000000;00000;0064;GLG                                                    ;00000000;00000;0070;PREPAL                                                 ;00000000;00000;0000;                                                       ;00000000;00000;0000;                                                       ;00000000;00000;0000;                                                       ;00000000;00000;0000;                                                       ;00000000;00000;0000;                                                       ;00000000;00000;0000;                                                       ;00000000;00000;0000;                                                       ;00000000;00000;0000;                                                       ;00000000;00000;0000;                                                       ;00000000;00000;0000;                                                       ;00000000;00000;0000;                                                       ;00000000;00000;0000;                                                       ;00000000;00000;0000;                                                       ;00000000;00000;0000;                                                       ;00000000;00000;0000;                                                       ;00000000;00000;0000;                                                       ;00000000;00000;0000;                                                       ;00000000;00000;0000;                                                       ;00000000;00000;0000;                                                       ;00000000;00000;0000;                                                       ;00000000;00000;0000;                                                       ;00000000;00000;0000;                                                       ;00000000;00000;0000;                                                       ;00000000;00000;0000;                                                       ;00000000;00000;0000;                                                       ;00000000;00000;0000;                                                       ;00000000;00000;0000;                                                       ;00000000;00000;0000;                                                       ;00000000;00000;0000;                                                       ;00000000;00000;0000;                                                       ;00000000;00000;0000;                                                       ;00000000;00000;0000;                                                       ;00000000;00000;0000;                                                       ;00000000;00000;0000;                                                       ;00000000;00000;0000;                                                       ;00000000;00000;0000;                                                       ;00000000;00000;0000;                                                       ;00000000;00000;0000;                                                       ;00000000;00000;0000;                                                       ;00000000;00000;0000;                                                       ;00000000;00000;0000;                                                       ;00000000;00000;0000;                                                       ;00000000;00000;0000;                                                       ;00000000;00000;0000;                                                       ;00000000;00000;0000;                                                       ;00000000;00000;0000;                                                       ;00000000;00000;
2406100033;08;09;9;024;99;Arenillas de Riopisuerga                          ;99;99;00001;00000145;00000145;10000;00000075;05172;00000070;04827;00000000;00000;00000000;00000;0022;PP                                                     ;00000042;05600;0021;VOX                                                    ;00000012;01600;0017;PSOE                                                   ;00000011;01466;0042;AGRUPACIÓN DE ELECTORES "SE ACABÓ LA FIESTA"           ;00000005;00666;0009;FO                                                     ;00000004;00533;0072;EXISTE                                                 ;00000001;00133;0001;IZQESP                                                 ;00000000;00000;0002;CEUS                                                   ;00000000;00000;0010;AHORA REPÚBLICAS (ERC-EH BILDU-BNG-ARA MÉS)            ;00000000;00000;0060;JUNTS UE                                               ;00000000;00000;0019;ANDALUCISTAS                                           ;00000000;00000;0020;IE                                                     ;00000000;00000;0023;ESCAÑOS EN BLANCO                                      ;00000000;00000;0024;CRT                                                    ;00000000;00000;0025;PODEMOS                                                ;00000000;00000;0026;PFAC                                                   ;00000000;00000;0027;PCTE                                                   ;00000000;00000;0029;PCPE/PCPC                                              ;00000000;00000;0032;SUMAR                                                  ;00000000;00000;0039;PACMA                                                  ;00000000;00000;0040;CREE EN EUROPA                                         ;00000000;00000;0041;PMR                                                    ;00000000;00000;0043;F                                                      ;00000000;00000;0046;Cs                                                     ;00000000;00000;0047;FE de las JONS                                         ;00000000;00000;0048;SAE                                                    ;00000000;00000;0049;J.U.E.X.                                               ;00000000;00000;0050;PH                                                     ;00000000;00000;0051;VOLT                                                   ;00000000;00000;0052;RECORTES CERO                                          ;00000000;00000;0063;EXTREMEÑOS                                             ;00000000;00000;0064;GLG                                                    ;00000000;00000;0065;PIRATAS / REBELDES                                     ;00000000;00000;0070;PREPAL                                                 ;00000000;00000;0000;                                                       ;00000000;00000;0000;                                                       ;00000000;00000;0000;                                                       ;00000000;00000;0000;                                                       ;00000000;00000;0000;                                                       ;00000000;00000;0000;                                                       ;00000000;00000;0000;                                                       ;00000000;00000;0000;                                                       ;00000000;00000;0000;                                                       ;00000000;00000;0000;                                                       ;00000000;00000;0000;                                                       ;00000000;00000;0000;                                                       ;00000000;00000;0000;                                                       ;00000000;00000;0000;                                                       ;00000000;00000;0000;                                                       ;00000000;00000;0000;                                                       ;00000000;00000;0000;                                                       ;00000000;00000;0000;                                                       ;00000000;00000;0000;                                                       ;00000000;00000;0000;                                                       ;00000000;00000;0000;                                                       ;00000000;00000;0000;                                                       ;00000000;00000;0000;                                                       ;00000000;00000;0000;                                                       ;00000000;00000;0000;                                                       ;00000000;00000;0000;                                                       ;00000000;00000;0000;                                                       ;00000000;00000;0000;                                                       ;00000000;00000;0000;                                                       ;00000000;00000;0000;                                                       ;00000000;00000;0000;                                                       ;00000000;00000;0000;                                                       ;00000000;00000;0000;                                                       ;00000000;00000;0000;                                                       ;00000000;00000;0000;                                                       ;00000000;00000;0000;                                                       ;00000000;00000;0000;                                                       ;00000000;00000;0000;                                                       ;00000000;00000;0000;                                                       ;00000000;00000;0000;                                                       ;00000000;00000;0000;                                                       ;00000000;00000;0000;                                                       ;00000000;00000;0000;                                                       ;00000000;00000;0000;                                                       ;00000000;00000;0000;                                                       ;00000000;00000;0000;                                                       ;00000000;00000;
2406100033;08;09;9;025;99;Arija                                             ;99;99;00001;00000099;00000099;10000;00000052;05252;00000047;04747;00000000;00000;00000001;00192;0022;PP                                                     ;00000028;05490;0017;PSOE                                                   ;00000012;02352;0021;VOX                                                    ;00000006;01176;0032;SUMAR                                                  ;00000002;00392;0039;PACMA                                                  ;00000001;00196;0042;AGRUPACIÓN DE ELECTORES "SE ACABÓ LA FIESTA"           ;00000001;00196;0072;EXISTE                                                 ;00000001;00196;0001;IZQESP                                                 ;00000000;00000;0002;CEUS                                                   ;00000000;00000;0009;FO                                                     ;00000000;00000;0010;AHORA REPÚBLICAS (ERC-EH BILDU-BNG-ARA MÉS)            ;00000000;00000;0060;JUNTS UE                                               ;00000000;00000;0019;ANDALUCISTAS                                           ;00000000;00000;0020;IE                                                     ;00000000;00000;0023;ESCAÑOS EN BLANCO                                      ;00000000;00000;0024;CRT                                                    ;00000000;00000;0025;PODEMOS                                                ;00000000;00000;0026;PFAC                                                   ;00000000;00000;0027;PCTE                                                   ;00000000;00000;0029;PCPE/PCPC                                              ;00000000;00000;0040;CREE EN EUROPA                                         ;00000000;00000;0041;PMR                                                    ;00000000;00000;0043;F                                                      ;00000000;00000;0046;Cs                                                     ;00000000;00000;0047;FE de las JONS                                         ;00000000;00000;0048;SAE                                                    ;00000000;00000;0049;J.U.E.X.                                               ;00000000;00000;0050;PH                                                     ;00000000;00000;0051;VOLT                                                   ;00000000;00000;0052;RECORTES CERO                                          ;00000000;00000;0063;EXTREMEÑOS                                             ;00000000;00000;0064;GLG                                                    ;00000000;00000;0065;PIRATAS / REBELDES                                     ;00000000;00000;0070;PREPAL                                                 ;00000000;00000;0000;                                                       ;00000000;00000;0000;                                                       ;00000000;00000;0000;                                                       ;00000000;00000;0000;                                                       ;00000000;00000;0000;                                                       ;00000000;00000;0000;                                                       ;00000000;00000;0000;                                                       ;00000000;00000;0000;                                                       ;00000000;00000;0000;                                                       ;00000000;00000;0000;                                                       ;00000000;00000;0000;                                                       ;00000000;00000;0000;                                                       ;00000000;00000;0000;                                                       ;00000000;00000;0000;                                                       ;00000000;00000;0000;                                                       ;00000000;00000;0000;                                                       ;00000000;00000;0000;                                                       ;00000000;00000;0000;                                                       ;00000000;00000;0000;                                                       ;00000000;00000;0000;                                                       ;00000000;00000;0000;                                                       ;00000000;00000;0000;                                                       ;00000000;00000;0000;                                                       ;00000000;00000;0000;                                                       ;00000000;00000;0000;                                                       ;00000000;00000;0000;                                                       ;00000000;00000;0000;                                                       ;00000000;00000;0000;                                                       ;00000000;00000;0000;                                                       ;00000000;00000;0000;                                                       ;00000000;00000;0000;                                                       ;00000000;00000;0000;                                                       ;00000000;00000;0000;                                                       ;00000000;00000;0000;                                                       ;00000000;00000;0000;                                                       ;00000000;00000;0000;                                                       ;00000000;00000;0000;                                                       ;00000000;00000;0000;                                                       ;00000000;00000;0000;                                                       ;00000000;00000;0000;                                                       ;00000000;00000;0000;                                                       ;00000000;00000;0000;                                                       ;00000000;00000;0000;                                                       ;00000000;00000;0000;                                                       ;00000000;00000;0000;                                                       ;00000000;00000;0000;                                                       ;00000000;00000;
2406100033;08;09;9;026;99;Arlanzón                                          ;99;99;00001;00000390;00000390;10000;00000227;05820;00000163;04179;00000002;00089;00000004;00176;0022;PP                                                     ;00000094;04215;0017;PSOE                                                   ;00000072;03228;0021;VOX                                                    ;00000027;01210;0042;AGRUPACIÓN DE ELECTORES "SE ACABÓ LA FIESTA"           ;00000014;00627;0032;SUMAR                                                  ;00000006;00269;0025;PODEMOS                                                ;00000002;00089;0046;Cs                                                     ;00000002;00089;0010;AHORA REPÚBLICAS (ERC-EH BILDU-BNG-ARA MÉS)            ;00000001;00044;0029;PCPE/PCPC                                              ;00000001;00044;0047;FE de las JONS                                         ;00000001;00044;0050;PH                                                     ;00000001;00044;0001;IZQESP                                                 ;00000000;00000;0002;CEUS                                                   ;00000000;00000;0009;FO                                                     ;00000000;00000;0060;JUNTS UE                                               ;00000000;00000;0019;ANDALUCISTAS                                           ;00000000;00000;0020;IE                                                     ;00000000;00000;0023;ESCAÑOS EN BLANCO                                      ;00000000;00000;0024;CRT                                                    ;00000000;00000;0026;PFAC                                                   ;00000000;00000;0027;PCTE                                                   ;00000000;00000;0039;PACMA                                                  ;00000000;00000;0040;CREE EN EUROPA                                         ;00000000;00000;0041;PMR                                                    ;00000000;00000;0043;F                                                      ;00000000;00000;0072;EXISTE                                                 ;00000000;00000;0048;SAE                                                    ;00000000;00000;0049;J.U.E.X.                                               ;00000000;00000;0051;VOLT                                                   ;00000000;00000;0052;RECORTES CERO                                          ;00000000;00000;0063;EXTREMEÑOS                                             ;00000000;00000;0064;GLG                                                    ;00000000;00000;0065;PIRATAS / REBELDES                                     ;00000000;00000;0070;PREPAL                                                 ;00000000;00000;0000;                                                       ;00000000;00000;0000;                                                       ;00000000;00000;0000;                                                       ;00000000;00000;0000;                                                       ;00000000;00000;0000;                                                       ;00000000;00000;0000;                                                       ;00000000;00000;0000;                                                       ;00000000;00000;0000;                                                       ;00000000;00000;0000;                                                       ;00000000;00000;0000;                                                       ;00000000;00000;0000;                                                       ;00000000;00000;0000;                                                       ;00000000;00000;0000;                                                       ;00000000;00000;0000;                                                       ;00000000;00000;0000;                                                       ;00000000;00000;0000;                                                       ;00000000;00000;0000;                                                       ;00000000;00000;0000;                                                       ;00000000;00000;0000;                                                       ;00000000;00000;0000;                                                       ;00000000;00000;0000;                                                       ;00000000;00000;0000;                                                       ;00000000;00000;0000;                                                       ;00000000;00000;0000;                                                       ;00000000;00000;0000;                                                       ;00000000;00000;0000;                                                       ;00000000;00000;0000;                                                       ;00000000;00000;0000;                                                       ;00000000;00000;0000;                                                       ;00000000;00000;0000;                                                       ;00000000;00000;0000;                                                       ;00000000;00000;0000;                                                       ;00000000;00000;0000;                                                       ;00000000;00000;0000;                                                       ;00000000;00000;0000;                                                       ;00000000;00000;0000;                                                       ;00000000;00000;0000;                                                       ;00000000;00000;0000;                                                       ;00000000;00000;0000;                                                       ;00000000;00000;0000;                                                       ;00000000;00000;0000;                                                       ;00000000;00000;0000;                                                       ;00000000;00000;0000;                                                       ;00000000;00000;0000;                                                       ;00000000;00000;0000;                                                       ;00000000;00000;0000;                                                       ;00000000;00000;
2406100033;08;09;9;027;99;Arraya de Oca                                     ;99;99;00001;00000046;00000046;10000;00000032;06956;00000014;03043;00000001;00312;00000000;00000;0017;PSOE                                                   ;00000013;04062;0022;PP                                                     ;00000011;03437;0025;PODEMOS                                                ;00000003;00937;0032;SUMAR                                                  ;00000002;00625;0021;VOX                                                    ;00000001;00312;0039;PACMA                                                  ;00000001;00312;0001;IZQESP                                                 ;00000000;00000;0002;CEUS                                                   ;00000000;00000;0009;FO                                                     ;00000000;00000;0010;AHORA REPÚBLICAS (ERC-EH BILDU-BNG-ARA MÉS)            ;00000000;00000;0060;JUNTS UE                                               ;00000000;00000;0019;ANDALUCISTAS                                           ;00000000;00000;0020;IE                                                     ;00000000;00000;0023;ESCAÑOS EN BLANCO                                      ;00000000;00000;0024;CRT                                                    ;00000000;00000;0026;PFAC                                                   ;00000000;00000;0027;PCTE                                                   ;00000000;00000;0029;PCPE/PCPC                                              ;00000000;00000;0040;CREE EN EUROPA                                         ;00000000;00000;0041;PMR                                                    ;00000000;00000;0042;AGRUPACIÓN DE ELECTORES "SE ACABÓ LA FIESTA"           ;00000000;00000;0043;F                                                      ;00000000;00000;0072;EXISTE                                                 ;00000000;00000;0046;Cs                                                     ;00000000;00000;0047;FE de las JONS                                         ;00000000;00000;0048;SAE                                                    ;00000000;00000;0049;J.U.E.X.                                               ;00000000;00000;0050;PH                                                     ;00000000;00000;0051;VOLT                                                   ;00000000;00000;0052;RECORTES CERO                                          ;00000000;00000;0063;EXTREMEÑOS                                             ;00000000;00000;0064;GLG                                                    ;00000000;00000;0065;PIRATAS / REBELDES                                     ;00000000;00000;0070;PREPAL                                                 ;00000000;00000;0000;                                                       ;00000000;00000;0000;                                                       ;00000000;00000;0000;                                                       ;00000000;00000;0000;                                                       ;00000000;00000;0000;                                                       ;00000000;00000;0000;                                                       ;00000000;00000;0000;                                                       ;00000000;00000;0000;                                                       ;00000000;00000;0000;                                                       ;00000000;00000;0000;                                                       ;00000000;00000;0000;                                                       ;00000000;00000;0000;                                                       ;00000000;00000;0000;                                                       ;00000000;00000;0000;                                                       ;00000000;00000;0000;                                                       ;00000000;00000;0000;                                                       ;00000000;00000;0000;                                                       ;00000000;00000;0000;                                                       ;00000000;00000;0000;                                                       ;00000000;00000;0000;                                                       ;00000000;00000;0000;                                                       ;00000000;00000;0000;                                                       ;00000000;00000;0000;                                                       ;00000000;00000;0000;                                                       ;00000000;00000;0000;                                                       ;00000000;00000;0000;                                                       ;00000000;00000;0000;                                                       ;00000000;00000;0000;                                                       ;00000000;00000;0000;                                                       ;00000000;00000;0000;                                                       ;00000000;00000;0000;                                                       ;00000000;00000;0000;                                                       ;00000000;00000;0000;                                                       ;00000000;00000;0000;                                                       ;00000000;00000;0000;                                                       ;00000000;00000;0000;                                                       ;00000000;00000;0000;                                                       ;00000000;00000;0000;                                                       ;00000000;00000;0000;                                                       ;00000000;00000;0000;                                                       ;00000000;00000;0000;                                                       ;00000000;00000;0000;                                                       ;00000000;00000;0000;                                                       ;00000000;00000;0000;                                                       ;00000000;00000;0000;                                                       ;00000000;00000;0000;                                                       ;00000000;00000;
2406100033;08;09;9;029;99;Atapuerca                                         ;99;99;00001;00000169;00000169;10000;00000107;06331;00000062;03668;00000002;00188;00000001;00093;0022;PP                                                     ;00000040;03773;0017;PSOE                                                   ;00000037;03490;0021;VOX                                                    ;00000010;00943;0042;AGRUPACIÓN DE ELECTORES "SE ACABÓ LA FIESTA"           ;00000005;00471;0032;SUMAR                                                  ;00000004;00377;0025;PODEMOS                                                ;00000002;00188;0070;PREPAL                                                 ;00000002;00188;0010;AHORA REPÚBLICAS (ERC-EH BILDU-BNG-ARA MÉS)            ;00000001;00094;0020;IE                                                     ;00000001;00094;0043;F                                                      ;00000001;00094;0065;PIRATAS / REBELDES                                     ;00000001;00094;0001;IZQESP                                                 ;00000000;00000;0002;CEUS                                                   ;00000000;00000;0009;FO                                                     ;00000000;00000;0060;JUNTS UE                                               ;00000000;00000;0019;ANDALUCISTAS                                           ;00000000;00000;0023;ESCAÑOS EN BLANCO                                      ;00000000;00000;0024;CRT                                                    ;00000000;00000;0026;PFAC                                                   ;00000000;00000;0027;PCTE                                                   ;00000000;00000;0029;PCPE/PCPC                                              ;00000000;00000;0039;PACMA                                                  ;00000000;00000;0040;CREE EN EUROPA                                         ;00000000;00000;0041;PMR                                                    ;00000000;00000;0072;EXISTE                                                 ;00000000;00000;0046;Cs                                                     ;00000000;00000;0047;FE de las JONS                                         ;00000000;00000;0048;SAE                                                    ;00000000;00000;0049;J.U.E.X.                                               ;00000000;00000;0050;PH                                                     ;00000000;00000;0051;VOLT                                                   ;00000000;00000;0052;RECORTES CERO                                          ;00000000;00000;0063;EXTREMEÑOS                                             ;00000000;00000;0064;GLG                                                    ;00000000;00000;0000;                                                       ;00000000;00000;0000;                                                       ;00000000;00000;0000;                                                       ;00000000;00000;0000;                                                       ;00000000;00000;0000;                                                       ;00000000;00000;0000;                                                       ;00000000;00000;0000;                                                       ;00000000;00000;0000;                                                       ;00000000;00000;0000;                                                       ;00000000;00000;0000;                                                       ;00000000;00000;0000;                                                       ;00000000;00000;0000;                                                       ;00000000;00000;0000;                                                       ;00000000;00000;0000;                                                       ;00000000;00000;0000;                                                       ;00000000;00000;0000;                                                       ;00000000;00000;0000;                                                       ;00000000;00000;0000;                                                       ;00000000;00000;0000;                                                       ;00000000;00000;0000;                                                       ;00000000;00000;0000;                                                       ;00000000;00000;0000;                                                       ;00000000;00000;0000;                                                       ;00000000;00000;0000;                                                       ;00000000;00000;0000;                                                       ;00000000;00000;0000;                                                       ;00000000;00000;0000;                                                       ;00000000;00000;0000;                                                       ;00000000;00000;0000;                                                       ;00000000;00000;0000;                                                       ;00000000;00000;0000;                                                       ;00000000;00000;0000;                                                       ;00000000;00000;0000;                                                       ;00000000;00000;0000;                                                       ;00000000;00000;0000;                                                       ;00000000;00000;0000;                                                       ;00000000;00000;0000;                                                       ;00000000;00000;0000;                                                       ;00000000;00000;0000;                                                       ;00000000;00000;0000;                                                       ;00000000;00000;0000;                                                       ;00000000;00000;0000;                                                       ;00000000;00000;0000;                                                       ;00000000;00000;0000;                                                       ;00000000;00000;0000;                                                       ;00000000;00000;0000;                                                       ;00000000;00000;
2406100033;08;09;9;030;99;Los Ausines                                       ;99;99;00001;00000127;00000127;10000;00000074;05826;00000053;04173;00000000;00000;00000002;00270;0022;PP                                                     ;00000037;05138;0017;PSOE                                                   ;00000024;03333;0021;VOX                                                    ;00000006;00833;0009;FO                                                     ;00000001;00138;0020;IE                                                     ;00000001;00138;0039;PACMA                                                  ;00000001;00138;0072;EXISTE                                                 ;00000001;00138;0046;Cs                                                     ;00000001;00138;0001;IZQESP                                                 ;00000000;00000;0002;CEUS                                                   ;00000000;00000;0010;AHORA REPÚBLICAS (ERC-EH BILDU-BNG-ARA MÉS)            ;00000000;00000;0060;JUNTS UE                                               ;00000000;00000;0019;ANDALUCISTAS                                           ;00000000;00000;0023;ESCAÑOS EN BLANCO                                      ;00000000;00000;0024;CRT                                                    ;00000000;00000;0025;PODEMOS                                                ;00000000;00000;0026;PFAC                                                   ;00000000;00000;0027;PCTE                                                   ;00000000;00000;0029;PCPE/PCPC                                              ;00000000;00000;0032;SUMAR                                                  ;00000000;00000;0040;CREE EN EUROPA                                         ;00000000;00000;0041;PMR                                                    ;00000000;00000;0042;AGRUPACIÓN DE ELECTORES "SE ACABÓ LA FIESTA"           ;00000000;00000;0043;F                                                      ;00000000;00000;0047;FE de las JONS                                         ;00000000;00000;0048;SAE                                                    ;00000000;00000;0049;J.U.E.X.                                               ;00000000;00000;0050;PH                                                     ;00000000;00000;0051;VOLT                                                   ;00000000;00000;0052;RECORTES CERO                                          ;00000000;00000;0063;EXTREMEÑOS                                             ;00000000;00000;0064;GLG                                                    ;00000000;00000;0065;PIRATAS / REBELDES                                     ;00000000;00000;0070;PREPAL                                                 ;00000000;00000;0000;                                                       ;00000000;00000;0000;                                                       ;00000000;00000;0000;                                                       ;00000000;00000;0000;                                                       ;00000000;00000;0000;                                                       ;00000000;00000;0000;                                                       ;00000000;00000;0000;                                                       ;00000000;00000;0000;                                                       ;00000000;00000;0000;                                                       ;00000000;00000;0000;                                                       ;00000000;00000;0000;                                                       ;00000000;00000;0000;                                                       ;00000000;00000;0000;                                                       ;00000000;00000;0000;                                                       ;00000000;00000;0000;                                                       ;00000000;00000;0000;                                                       ;00000000;00000;0000;                                                       ;00000000;00000;0000;                                                       ;00000000;00000;0000;                                                       ;00000000;00000;0000;                                                       ;00000000;00000;0000;                                                       ;00000000;00000;0000;                                                       ;00000000;00000;0000;                                                       ;00000000;00000;0000;                                                       ;00000000;00000;0000;                                                       ;00000000;00000;0000;                                                       ;00000000;00000;0000;                                                       ;00000000;00000;0000;                                                       ;00000000;00000;0000;                                                       ;00000000;00000;0000;                                                       ;00000000;00000;0000;                                                       ;00000000;00000;0000;                                                       ;00000000;00000;0000;                                                       ;00000000;00000;0000;                                                       ;00000000;00000;0000;                                                       ;00000000;00000;0000;                                                       ;00000000;00000;0000;                                                       ;00000000;00000;0000;                                                       ;00000000;00000;0000;                                                       ;00000000;00000;0000;                                                       ;00000000;00000;0000;                                                       ;00000000;00000;0000;                                                       ;00000000;00000;0000;                                                       ;00000000;00000;0000;                                                       ;00000000;00000;0000;                                                       ;00000000;00000;0000;                                                       ;00000000;00000;
2406100033;08;09;9;032;99;Avellanosa de Muñó                                ;99;99;00001;00000094;00000094;10000;00000054;05744;00000040;04255;00000000;00000;00000000;00000;0017;PSOE                                                   ;00000033;06111;0022;PP                                                     ;00000011;02037;0021;VOX                                                    ;00000003;00555;0025;PODEMOS                                                ;00000003;00555;0042;AGRUPACIÓN DE ELECTORES "SE ACABÓ LA FIESTA"           ;00000002;00370;0032;SUMAR                                                  ;00000001;00185;0046;Cs                                                     ;00000001;00185;0001;IZQESP                                                 ;00000000;00000;0002;CEUS                                                   ;00000000;00000;0009;FO                                                     ;00000000;00000;0010;AHORA REPÚBLICAS (ERC-EH BILDU-BNG-ARA MÉS)            ;00000000;00000;0060;JUNTS UE                                               ;00000000;00000;0019;ANDALUCISTAS                                           ;00000000;00000;0020;IE                                                     ;00000000;00000;0023;ESCAÑOS EN BLANCO                                      ;00000000;00000;0024;CRT                                                    ;00000000;00000;0026;PFAC                                                   ;00000000;00000;0027;PCTE                                                   ;00000000;00000;0029;PCPE/PCPC                                              ;00000000;00000;0039;PACMA                                                  ;00000000;00000;0040;CREE EN EUROPA                                         ;00000000;00000;0041;PMR                                                    ;00000000;00000;0043;F                                                      ;00000000;00000;0072;EXISTE                                                 ;00000000;00000;0047;FE de las JONS                                         ;00000000;00000;0048;SAE                                                    ;00000000;00000;0049;J.U.E.X.                                               ;00000000;00000;0050;PH                                                     ;00000000;00000;0051;VOLT                                                   ;00000000;00000;0052;RECORTES CERO                                          ;00000000;00000;0063;EXTREMEÑOS                                             ;00000000;00000;0064;GLG                                                    ;00000000;00000;0065;PIRATAS / REBELDES                                     ;00000000;00000;0070;PREPAL                                                 ;00000000;00000;0000;                                                       ;00000000;00000;0000;                                                       ;00000000;00000;0000;                                                       ;00000000;00000;0000;                                                       ;00000000;00000;0000;                                                       ;00000000;00000;0000;                                                       ;00000000;00000;0000;                                                       ;00000000;00000;0000;                                                       ;00000000;00000;0000;                                                       ;00000000;00000;0000;                                                       ;00000000;00000;0000;                                                       ;00000000;00000;0000;                                                       ;00000000;00000;0000;                                                       ;00000000;00000;0000;                                                       ;00000000;00000;0000;                                                       ;00000000;00000;0000;                                                       ;00000000;00000;0000;                                                       ;00000000;00000;0000;                                                       ;00000000;00000;0000;                                                       ;00000000;00000;0000;                                                       ;00000000;00000;0000;                                                       ;00000000;00000;0000;                                                       ;00000000;00000;0000;                                                       ;00000000;00000;0000;                                                       ;00000000;00000;0000;                                                       ;00000000;00000;0000;                                                       ;00000000;00000;0000;                                                       ;00000000;00000;0000;                                                       ;00000000;00000;0000;                                                       ;00000000;00000;0000;                                                       ;00000000;00000;0000;                                                       ;00000000;00000;0000;                                                       ;00000000;00000;0000;                                                       ;00000000;00000;0000;                                                       ;00000000;00000;0000;                                                       ;00000000;00000;0000;                                                       ;00000000;00000;0000;                                                       ;00000000;00000;0000;                                                       ;00000000;00000;0000;                                                       ;00000000;00000;0000;                                                       ;00000000;00000;0000;                                                       ;00000000;00000;0000;                                                       ;00000000;00000;0000;                                                       ;00000000;00000;0000;                                                       ;00000000;00000;0000;                                                       ;00000000;00000;0000;                                                       ;00000000;00000;
2406100033;08;09;9;033;99;Bahabón de Esgueva                                ;99;99;00001;00000078;00000078;10000;00000054;06923;00000024;03076;00000001;00185;00000000;00000;0022;PP                                                     ;00000024;04444;0017;PSOE                                                   ;00000012;02222;0032;SUMAR                                                  ;00000004;00740;0046;Cs                                                     ;00000004;00740;0021;VOX                                                    ;00000003;00555;0025;PODEMOS                                                ;00000002;00370;0042;AGRUPACIÓN DE ELECTORES "SE ACABÓ LA FIESTA"           ;00000002;00370;0020;IE                                                     ;00000001;00185;0072;EXISTE                                                 ;00000001;00185;0001;IZQESP                                                 ;00000000;00000;0002;CEUS                                                   ;00000000;00000;0009;FO                                                     ;00000000;00000;0010;AHORA REPÚBLICAS (ERC-EH BILDU-BNG-ARA MÉS)            ;00000000;00000;0060;JUNTS UE                                               ;00000000;00000;0019;ANDALUCISTAS                                           ;00000000;00000;0023;ESCAÑOS EN BLANCO                                      ;00000000;00000;0024;CRT                                                    ;00000000;00000;0026;PFAC                                                   ;00000000;00000;0027;PCTE                                                   ;00000000;00000;0029;PCPE/PCPC                                              ;00000000;00000;0039;PACMA                                                  ;00000000;00000;0040;CREE EN EUROPA                                         ;00000000;00000;0041;PMR                                                    ;00000000;00000;0043;F                                                      ;00000000;00000;0047;FE de las JONS                                         ;00000000;00000;0048;SAE                                                    ;00000000;00000;0049;J.U.E.X.                                               ;00000000;00000;0050;PH                                                     ;00000000;00000;0051;VOLT                                                   ;00000000;00000;0052;RECORTES CERO                                          ;00000000;00000;0063;EXTREMEÑOS                                             ;00000000;00000;0064;GLG                                                    ;00000000;00000;0065;PIRATAS / REBELDES                                     ;00000000;00000;0070;PREPAL                                                 ;00000000;00000;0000;                                                       ;00000000;00000;0000;                                                       ;00000000;00000;0000;                                                       ;00000000;00000;0000;                                                       ;00000000;00000;0000;                                                       ;00000000;00000;0000;                                                       ;00000000;00000;0000;                                                       ;00000000;00000;0000;                                                       ;00000000;00000;0000;                                                       ;00000000;00000;0000;                                                       ;00000000;00000;0000;                                                       ;00000000;00000;0000;                                                       ;00000000;00000;0000;                                                       ;00000000;00000;0000;                                                       ;00000000;00000;0000;                                                       ;00000000;00000;0000;                                                       ;00000000;00000;0000;                                                       ;00000000;00000;0000;                                                       ;00000000;00000;0000;                                                       ;00000000;00000;0000;                                                       ;00000000;00000;0000;                                                       ;00000000;00000;0000;                                                       ;00000000;00000;0000;                                                       ;00000000;00000;0000;                                                       ;00000000;00000;0000;                                                       ;00000000;00000;0000;                                                       ;00000000;00000;0000;                                                       ;00000000;00000;0000;                                                       ;00000000;00000;0000;                                                       ;00000000;00000;0000;                                                       ;00000000;00000;0000;                                                       ;00000000;00000;0000;                                                       ;00000000;00000;0000;                                                       ;00000000;00000;0000;                                                       ;00000000;00000;0000;                                                       ;00000000;00000;0000;                                                       ;00000000;00000;0000;                                                       ;00000000;00000;0000;                                                       ;00000000;00000;0000;                                                       ;00000000;00000;0000;                                                       ;00000000;00000;0000;                                                       ;00000000;00000;0000;                                                       ;00000000;00000;0000;                                                       ;00000000;00000;0000;                                                       ;00000000;00000;0000;                                                       ;00000000;00000;0000;                                                       ;00000000;00000;
2406100033;08;09;9;034;99;Los Balbases                                      ;99;99;00001;00000265;00000265;10000;00000178;06716;00000087;03283;00000002;00112;00000000;00000;0022;PP                                                     ;00000104;05842;0017;PSOE                                                   ;00000037;02078;0021;VOX                                                    ;00000024;01348;0042;AGRUPACIÓN DE ELECTORES "SE ACABÓ LA FIESTA"           ;00000004;00224;0025;PODEMOS                                                ;00000002;00112;0046;Cs                                                     ;00000002;00112;0020;IE                                                     ;00000001;00056;0023;ESCAÑOS EN BLANCO                                      ;00000001;00056;0048;SAE                                                    ;00000001;00056;0001;IZQESP                                                 ;00000000;00000;0002;CEUS                                                   ;00000000;00000;0009;FO                                                     ;00000000;00000;0010;AHORA REPÚBLICAS (ERC-EH BILDU-BNG-ARA MÉS)            ;00000000;00000;0060;JUNTS UE                                               ;00000000;00000;0019;ANDALUCISTAS                                           ;00000000;00000;0024;CRT                                                    ;00000000;00000;0026;PFAC                                                   ;00000000;00000;0027;PCTE                                                   ;00000000;00000;0029;PCPE/PCPC                                              ;00000000;00000;0032;SUMAR                                                  ;00000000;00000;0039;PACMA                                                  ;00000000;00000;0040;CREE EN EUROPA                                         ;00000000;00000;0041;PMR                                                    ;00000000;00000;0043;F                                                      ;00000000;00000;0072;EXISTE                                                 ;00000000;00000;0047;FE de las JONS                                         ;00000000;00000;0049;J.U.E.X.                                               ;00000000;00000;0050;PH                                                     ;00000000;00000;0051;VOLT                                                   ;00000000;00000;0052;RECORTES CERO                                          ;00000000;00000;0063;EXTREMEÑOS                                             ;00000000;00000;0064;GLG                                                    ;00000000;00000;0065;PIRATAS / REBELDES                                     ;00000000;00000;0070;PREPAL                                                 ;00000000;00000;0000;                                                       ;00000000;00000;0000;                                                       ;00000000;00000;0000;                                                       ;00000000;00000;0000;                                                       ;00000000;00000;0000;                                                       ;00000000;00000;0000;                                                       ;00000000;00000;0000;                                                       ;00000000;00000;0000;                                                       ;00000000;00000;0000;                                                       ;00000000;00000;0000;                                                       ;00000000;00000;0000;                                                       ;00000000;00000;0000;                                                       ;00000000;00000;0000;                                                       ;00000000;00000;0000;                                                       ;00000000;00000;0000;                                                       ;00000000;00000;0000;                                                       ;00000000;00000;0000;                                                       ;00000000;00000;0000;                                                       ;00000000;00000;0000;                                                       ;00000000;00000;0000;                                                       ;00000000;00000;0000;                                                       ;00000000;00000;0000;                                                       ;00000000;00000;0000;                                                       ;00000000;00000;0000;                                                       ;00000000;00000;0000;                                                       ;00000000;00000;0000;                                                       ;00000000;00000;0000;                                                       ;00000000;00000;0000;                                                       ;00000000;00000;0000;                                                       ;00000000;00000;0000;                                                       ;00000000;00000;0000;                                                       ;00000000;00000;0000;                                                       ;00000000;00000;0000;                                                       ;00000000;00000;0000;                                                       ;00000000;00000;0000;                                                       ;00000000;00000;0000;                                                       ;00000000;00000;0000;                                                       ;00000000;00000;0000;                                                       ;00000000;00000;0000;                                                       ;00000000;00000;0000;                                                       ;00000000;00000;0000;                                                       ;00000000;00000;0000;                                                       ;00000000;00000;0000;                                                       ;00000000;00000;0000;                                                       ;00000000;00000;0000;                                                       ;00000000;00000;0000;                                                       ;00000000;00000;
2406100033;08;09;9;035;99;Baños de Valdearados                              ;99;99;00001;00000260;00000260;10000;00000149;05730;00000111;04269;00000001;00068;00000004;00268;0017;PSOE                                                   ;00000049;03379;0022;PP                                                     ;00000048;03310;0032;SUMAR                                                  ;00000013;00896;0021;VOX                                                    ;00000011;00758;0042;AGRUPACIÓN DE ELECTORES "SE ACABÓ LA FIESTA"           ;00000008;00551;0025;PODEMOS                                                ;00000004;00275;0048;SAE                                                    ;00000004;00275;0046;Cs                                                     ;00000002;00137;0001;IZQESP                                                 ;00000001;00068;0009;FO                                                     ;00000001;00068;0023;ESCAÑOS EN BLANCO                                      ;00000001;00068;0072;EXISTE                                                 ;00000001;00068;0047;FE de las JONS                                         ;00000001;00068;0002;CEUS                                                   ;00000000;00000;0010;AHORA REPÚBLICAS (ERC-EH BILDU-BNG-ARA MÉS)            ;00000000;00000;0060;JUNTS UE                                               ;00000000;00000;0019;ANDALUCISTAS                                           ;00000000;00000;0020;IE                                                     ;00000000;00000;0024;CRT                                                    ;00000000;00000;0026;PFAC                                                   ;00000000;00000;0027;PCTE                                                   ;00000000;00000;0029;PCPE/PCPC                                              ;00000000;00000;0039;PACMA                                                  ;00000000;00000;0040;CREE EN EUROPA                                         ;00000000;00000;0041;PMR                                                    ;00000000;00000;0043;F                                                      ;00000000;00000;0049;J.U.E.X.                                               ;00000000;00000;0050;PH                                                     ;00000000;00000;0051;VOLT                                                   ;00000000;00000;0052;RECORTES CERO                                          ;00000000;00000;0063;EXTREMEÑOS                                             ;00000000;00000;0064;GLG                                                    ;00000000;00000;0065;PIRATAS / REBELDES                                     ;00000000;00000;0070;PREPAL                                                 ;00000000;00000;0000;                                                       ;00000000;00000;0000;                                                       ;00000000;00000;0000;                                                       ;00000000;00000;0000;                                                       ;00000000;00000;0000;                                                       ;00000000;00000;0000;                                                       ;00000000;00000;0000;                                                       ;00000000;00000;0000;                                                       ;00000000;00000;0000;                                                       ;00000000;00000;0000;                                                       ;00000000;00000;0000;                                                       ;00000000;00000;0000;                                                       ;00000000;00000;0000;                                                       ;00000000;00000;0000;                                                       ;00000000;00000;0000;                                                       ;00000000;00000;0000;                                                       ;00000000;00000;0000;                                                       ;00000000;00000;0000;                                                       ;00000000;00000;0000;                                                       ;00000000;00000;0000;                                                       ;00000000;00000;0000;                                                       ;00000000;00000;0000;                                                       ;00000000;00000;0000;                                                       ;00000000;00000;0000;                                                       ;00000000;00000;0000;                                                       ;00000000;00000;0000;                                                       ;00000000;00000;0000;                                                       ;00000000;00000;0000;                                                       ;00000000;00000;0000;                                                       ;00000000;00000;0000;                                                       ;00000000;00000;0000;                                                       ;00000000;00000;0000;                                                       ;00000000;00000;0000;                                                       ;00000000;00000;0000;                                                       ;00000000;00000;0000;                                                       ;00000000;00000;0000;                                                       ;00000000;00000;0000;                                                       ;00000000;00000;0000;                                                       ;00000000;00000;0000;                                                       ;00000000;00000;0000;                                                       ;00000000;00000;0000;                                                       ;00000000;00000;0000;                                                       ;00000000;00000;0000;                                                       ;00000000;00000;0000;                                                       ;00000000;00000;0000;                                                       ;00000000;00000;0000;                                                       ;00000000;00000;
2406100033;08;09;9;036;99;Bañuelos de Bureba                                ;99;99;00001;00000031;00000031;10000;00000022;07096;00000009;02903;00000000;00000;00000000;00000;0022;PP                                                     ;00000014;06363;0042;AGRUPACIÓN DE ELECTORES "SE ACABÓ LA FIESTA"           ;00000003;01363;0025;PODEMOS                                                ;00000002;00909;0017;PSOE                                                   ;00000001;00454;0021;VOX                                                    ;00000001;00454;0072;EXISTE                                                 ;00000001;00454;0001;IZQESP                                                 ;00000000;00000;0002;CEUS                                                   ;00000000;00000;0009;FO                                                     ;00000000;00000;0010;AHORA REPÚBLICAS (ERC-EH BILDU-BNG-ARA MÉS)            ;00000000;00000;0060;JUNTS UE                                               ;00000000;00000;0019;ANDALUCISTAS                                           ;00000000;00000;0020;IE                                                     ;00000000;00000;0023;ESCAÑOS EN BLANCO                                      ;00000000;00000;0024;CRT                                                    ;00000000;00000;0026;PFAC                                                   ;00000000;00000;0027;PCTE                                                   ;00000000;00000;0029;PCPE/PCPC                                              ;00000000;00000;0032;SUMAR                                                  ;00000000;00000;0039;PACMA                                                  ;00000000;00000;0040;CREE EN EUROPA                                         ;00000000;00000;0041;PMR                                                    ;00000000;00000;0043;F                                                      ;00000000;00000;0046;Cs                                                     ;00000000;00000;0047;FE de las JONS                                         ;00000000;00000;0048;SAE                                                    ;00000000;00000;0049;J.U.E.X.                                               ;00000000;00000;0050;PH                                                     ;00000000;00000;0051;VOLT                                                   ;00000000;00000;0052;RECORTES CERO                                          ;00000000;00000;0063;EXTREMEÑOS                                             ;00000000;00000;0064;GLG                                                    ;00000000;00000;0065;PIRATAS / REBELDES                                     ;00000000;00000;0070;PREPAL                                                 ;00000000;00000;0000;                                                       ;00000000;00000;0000;                                                       ;00000000;00000;0000;                                                       ;00000000;00000;0000;                                                       ;00000000;00000;0000;                                                       ;00000000;00000;0000;                                                       ;00000000;00000;0000;                                                       ;00000000;00000;0000;                                                       ;00000000;00000;0000;                                                       ;00000000;00000;0000;                                                       ;00000000;00000;0000;                                                       ;00000000;00000;0000;                                                       ;00000000;00000;0000;                                                       ;00000000;00000;0000;                                                       ;00000000;00000;0000;                                                       ;00000000;00000;0000;                                                       ;00000000;00000;0000;                                                       ;00000000;00000;0000;                                                       ;00000000;00000;0000;                                                       ;00000000;00000;0000;                                                       ;00000000;00000;0000;                                                       ;00000000;00000;0000;                                                       ;00000000;00000;0000;                                                       ;00000000;00000;0000;                                                       ;00000000;00000;0000;                                                       ;00000000;00000;0000;                                                       ;00000000;00000;0000;                                                       ;00000000;00000;0000;                                                       ;00000000;00000;0000;                                                       ;00000000;00000;0000;                                                       ;00000000;00000;0000;                                                       ;00000000;00000;0000;                                                       ;00000000;00000;0000;                                                       ;00000000;00000;0000;                                                       ;00000000;00000;0000;                                                       ;00000000;00000;0000;                                                       ;00000000;00000;0000;                                                       ;00000000;00000;0000;                                                       ;00000000;00000;0000;                                                       ;00000000;00000;0000;                                                       ;00000000;00000;0000;                                                       ;00000000;00000;0000;                                                       ;00000000;00000;0000;                                                       ;00000000;00000;0000;                                                       ;00000000;00000;0000;                                                       ;00000000;00000;0000;                                                       ;00000000;00000;
2406100033;08;09;9;037;99;Barbadillo de Herreros                            ;99;99;00001;00000100;00000100;10000;00000065;06500;00000035;03500;00000000;00000;00000000;00000;0017;PSOE                                                   ;00000031;04769;0022;PP                                                     ;00000019;02923;0021;VOX                                                    ;00000007;01076;0032;SUMAR                                                  ;00000003;00461;0025;PODEMOS                                                ;00000002;00307;0010;AHORA REPÚBLICAS (ERC-EH BILDU-BNG-ARA MÉS)            ;00000001;00153;0046;Cs                                                     ;00000001;00153;0048;SAE                                                    ;00000001;00153;0001;IZQESP                                                 ;00000000;00000;0002;CEUS                                                   ;00000000;00000;0009;FO                                                     ;00000000;00000;0060;JUNTS UE                                               ;00000000;00000;0019;ANDALUCISTAS                                           ;00000000;00000;0020;IE                                                     ;00000000;00000;0023;ESCAÑOS EN BLANCO                                      ;00000000;00000;0024;CRT                                                    ;00000000;00000;0026;PFAC                                                   ;00000000;00000;0027;PCTE                                                   ;00000000;00000;0029;PCPE/PCPC                                              ;00000000;00000;0039;PACMA                                                  ;00000000;00000;0040;CREE EN EUROPA                                         ;00000000;00000;0041;PMR                                                    ;00000000;00000;0042;AGRUPACIÓN DE ELECTORES "SE ACABÓ LA FIESTA"           ;00000000;00000;0043;F                                                      ;00000000;00000;0072;EXISTE                                                 ;00000000;00000;0047;FE de las JONS                                         ;00000000;00000;0049;J.U.E.X.                                               ;00000000;00000;0050;PH                                                     ;00000000;00000;0051;VOLT                                                   ;00000000;00000;0052;RECORTES CERO                                          ;00000000;00000;0063;EXTREMEÑOS                                             ;00000000;00000;0064;GLG                                                    ;00000000;00000;0065;PIRATAS / REBELDES                                     ;00000000;00000;0070;PREPAL                                                 ;00000000;00000;0000;                                                       ;00000000;00000;0000;                                                       ;00000000;00000;0000;                                                       ;00000000;00000;0000;                                                       ;00000000;00000;0000;                                                       ;00000000;00000;0000;                                                       ;00000000;00000;0000;                                                       ;00000000;00000;0000;                                                       ;00000000;00000;0000;                                                       ;00000000;00000;0000;                                                       ;00000000;00000;0000;                                                       ;00000000;00000;0000;                                                       ;00000000;00000;0000;                                                       ;00000000;00000;0000;                                                       ;00000000;00000;0000;                                                       ;00000000;00000;0000;                                                       ;00000000;00000;0000;                                                       ;00000000;00000;0000;                                                       ;00000000;00000;0000;                                                       ;00000000;00000;0000;                                                       ;00000000;00000;0000;                                                       ;00000000;00000;0000;                                                       ;00000000;00000;0000;                                                       ;00000000;00000;0000;                                                       ;00000000;00000;0000;                                                       ;00000000;00000;0000;                                                       ;00000000;00000;0000;                                                       ;00000000;00000;0000;                                                       ;00000000;00000;0000;                                                       ;00000000;00000;0000;                                                       ;00000000;00000;0000;                                                       ;00000000;00000;0000;                                                       ;00000000;00000;0000;                                                       ;00000000;00000;0000;                                                       ;00000000;00000;0000;                                                       ;00000000;00000;0000;                                                       ;00000000;00000;0000;                                                       ;00000000;00000;0000;                                                       ;00000000;00000;0000;                                                       ;00000000;00000;0000;                                                       ;00000000;00000;0000;                                                       ;00000000;00000;0000;                                                       ;00000000;00000;0000;                                                       ;00000000;00000;0000;                                                       ;00000000;00000;0000;                                                       ;00000000;00000;0000;                                                       ;00000000;00000;
2406100033;08;09;9;038;99;Barbadillo del Mercado                            ;99;99;00001;00000106;00000106;10000;00000076;07169;00000030;02830;00000000;00000;00000001;00131;0022;PP                                                     ;00000035;04666;0017;PSOE                                                   ;00000027;03600;0021;VOX                                                    ;00000006;00800;0020;IE                                                     ;00000002;00266;0042;AGRUPACIÓN DE ELECTORES "SE ACABÓ LA FIESTA"           ;00000002;00266;0009;FO                                                     ;00000001;00133;0032;SUMAR                                                  ;00000001;00133;0046;Cs                                                     ;00000001;00133;0001;IZQESP                                                 ;00000000;00000;0002;CEUS                                                   ;00000000;00000;0010;AHORA REPÚBLICAS (ERC-EH BILDU-BNG-ARA MÉS)            ;00000000;00000;0060;JUNTS UE                                               ;00000000;00000;0019;ANDALUCISTAS                                           ;00000000;00000;0023;ESCAÑOS EN BLANCO                                      ;00000000;00000;0024;CRT                                                    ;00000000;00000;0025;PODEMOS                                                ;00000000;00000;0026;PFAC                                                   ;00000000;00000;0027;PCTE                                                   ;00000000;00000;0029;PCPE/PCPC                                              ;00000000;00000;0039;PACMA                                                  ;00000000;00000;0040;CREE EN EUROPA                                         ;00000000;00000;0041;PMR                                                    ;00000000;00000;0043;F                                                      ;00000000;00000;0072;EXISTE                                                 ;00000000;00000;0047;FE de las JONS                                         ;00000000;00000;0048;SAE                                                    ;00000000;00000;0049;J.U.E.X.                                               ;00000000;00000;0050;PH                                                     ;00000000;00000;0051;VOLT                                                   ;00000000;00000;0052;RECORTES CERO                                          ;00000000;00000;0063;EXTREMEÑOS                                             ;00000000;00000;0064;GLG                                                    ;00000000;00000;0065;PIRATAS / REBELDES                                     ;00000000;00000;0070;PREPAL                                                 ;00000000;00000;0000;                                                       ;00000000;00000;0000;                                                       ;00000000;00000;0000;                                                       ;00000000;00000;0000;                                                       ;00000000;00000;0000;                                                       ;00000000;00000;0000;                                                       ;00000000;00000;0000;                                                       ;00000000;00000;0000;                                                       ;00000000;00000;0000;                                                       ;00000000;00000;0000;                                                       ;00000000;00000;0000;                                                       ;00000000;00000;0000;                                                       ;00000000;00000;0000;                                                       ;00000000;00000;0000;                                                       ;00000000;00000;0000;                                                       ;00000000;00000;0000;                                                       ;00000000;00000;0000;                                                       ;00000000;00000;0000;                                                       ;00000000;00000;0000;                                                       ;00000000;00000;0000;                                                       ;00000000;00000;0000;                                                       ;00000000;00000;0000;                                                       ;00000000;00000;0000;                                                       ;00000000;00000;0000;                                                       ;00000000;00000;0000;                                                       ;00000000;00000;0000;                                                       ;00000000;00000;0000;                                                       ;00000000;00000;0000;                                                       ;00000000;00000;0000;                                                       ;00000000;00000;0000;                                                       ;00000000;00000;0000;                                                       ;00000000;00000;0000;                                                       ;00000000;00000;0000;                                                       ;00000000;00000;0000;                                                       ;00000000;00000;0000;                                                       ;00000000;00000;0000;                                                       ;00000000;00000;0000;                                                       ;00000000;00000;0000;                                                       ;00000000;00000;0000;                                                       ;00000000;00000;0000;                                                       ;00000000;00000;0000;                                                       ;00000000;00000;0000;                                                       ;00000000;00000;0000;                                                       ;00000000;00000;0000;                                                       ;00000000;00000;0000;                                                       ;00000000;00000;0000;                                                       ;00000000;00000;
2406100033;08;09;9;039;99;Barbadillo del Pez                                ;99;99;00001;00000056;00000056;10000;00000038;06785;00000018;03214;00000001;00263;00000000;00000;0022;PP                                                     ;00000022;05789;0021;VOX                                                    ;00000007;01842;0017;PSOE                                                   ;00000006;01578;0009;FO                                                     ;00000001;00263;0020;IE                                                     ;00000001;00263;0001;IZQESP                                                 ;00000000;00000;0002;CEUS                                                   ;00000000;00000;0010;AHORA REPÚBLICAS (ERC-EH BILDU-BNG-ARA MÉS)            ;00000000;00000;0060;JUNTS UE                                               ;00000000;00000;0019;ANDALUCISTAS                                           ;00000000;00000;0023;ESCAÑOS EN BLANCO                                      ;00000000;00000;0024;CRT                                                    ;00000000;00000;0025;PODEMOS                                                ;00000000;00000;0026;PFAC                                                   ;00000000;00000;0027;PCTE                                                   ;00000000;00000;0029;PCPE/PCPC                                              ;00000000;00000;0032;SUMAR                                                  ;00000000;00000;0039;PACMA                                                  ;00000000;00000;0040;CREE EN EUROPA                                         ;00000000;00000;0041;PMR                                                    ;00000000;00000;0042;AGRUPACIÓN DE ELECTORES "SE ACABÓ LA FIESTA"           ;00000000;00000;0043;F                                                      ;00000000;00000;0072;EXISTE                                                 ;00000000;00000;0046;Cs                                                     ;00000000;00000;0047;FE de las JONS                                         ;00000000;00000;0048;SAE                                                    ;00000000;00000;0049;J.U.E.X.                                               ;00000000;00000;0050;PH                                                     ;00000000;00000;0051;VOLT                                                   ;00000000;00000;0052;RECORTES CERO                                          ;00000000;00000;0063;EXTREMEÑOS                                             ;00000000;00000;0064;GLG                                                    ;00000000;00000;0065;PIRATAS / REBELDES                                     ;00000000;00000;0070;PREPAL                                                 ;00000000;00000;0000;                                                       ;00000000;00000;0000;                                                       ;00000000;00000;0000;                                                       ;00000000;00000;0000;                                                       ;00000000;00000;0000;                                                       ;00000000;00000;0000;                                                       ;00000000;00000;0000;                                                       ;00000000;00000;0000;                                                       ;00000000;00000;0000;                                                       ;00000000;00000;0000;                                                       ;00000000;00000;0000;                                                       ;00000000;00000;0000;                                                       ;00000000;00000;0000;                                                       ;00000000;00000;0000;                                                       ;00000000;00000;0000;                                                       ;00000000;00000;0000;                                                       ;00000000;00000;0000;                                                       ;00000000;00000;0000;                                                       ;00000000;00000;0000;                                                       ;00000000;00000;0000;                                                       ;00000000;00000;0000;                                                       ;00000000;00000;0000;                                                       ;00000000;00000;0000;                                                       ;00000000;00000;0000;                                                       ;00000000;00000;0000;                                                       ;00000000;00000;0000;                                                       ;00000000;00000;0000;                                                       ;00000000;00000;0000;                                                       ;00000000;00000;0000;                                                       ;00000000;00000;0000;                                                       ;00000000;00000;0000;                                                       ;00000000;00000;0000;                                                       ;00000000;00000;0000;                                                       ;00000000;00000;0000;                                                       ;00000000;00000;0000;                                                       ;00000000;00000;0000;                                                       ;00000000;00000;0000;                                                       ;00000000;00000;0000;                                                       ;00000000;00000;0000;                                                       ;00000000;00000;0000;                                                       ;00000000;00000;0000;                                                       ;00000000;00000;0000;                                                       ;00000000;00000;0000;                                                       ;00000000;00000;0000;                                                       ;00000000;00000;0000;                                                       ;00000000;00000;0000;                                                       ;00000000;00000;
2406100033;08;09;9;041;99;Barrio de Muñó                                    ;99;99;00001;00000025;00000025;10000;00000018;07200;00000007;02800;00000002;01111;00000000;00000;0017;PSOE                                                   ;00000009;05000;0022;PP                                                     ;00000007;03888;0001;IZQESP                                                 ;00000000;00000;0002;CEUS                                                   ;00000000;00000;0009;FO                                                     ;00000000;00000;0010;AHORA REPÚBLICAS (ERC-EH BILDU-BNG-ARA MÉS)            ;00000000;00000;0060;JUNTS UE                                               ;00000000;00000;0019;ANDALUCISTAS                                           ;00000000;00000;0020;IE                                                     ;00000000;00000;0021;VOX                                                    ;00000000;00000;0023;ESCAÑOS EN BLANCO                                      ;00000000;00000;0024;CRT                                                    ;00000000;00000;0025;PODEMOS                                                ;00000000;00000;0026;PFAC                                                   ;00000000;00000;0027;PCTE                                                   ;00000000;00000;0029;PCPE/PCPC                                              ;00000000;00000;0032;SUMAR                                                  ;00000000;00000;0039;PACMA                                                  ;00000000;00000;0040;CREE EN EUROPA                                         ;00000000;00000;0041;PMR                                                    ;00000000;00000;0042;AGRUPACIÓN DE ELECTORES "SE ACABÓ LA FIESTA"           ;00000000;00000;0043;F                                                      ;00000000;00000;0072;EXISTE                                                 ;00000000;00000;0046;Cs                                                     ;00000000;00000;0047;FE de las JONS                                         ;00000000;00000;0048;SAE                                                    ;00000000;00000;0049;J.U.E.X.                                               ;00000000;00000;0050;PH                                                     ;00000000;00000;0051;VOLT                                                   ;00000000;00000;0052;RECORTES CERO                                          ;00000000;00000;0063;EXTREMEÑOS                                             ;00000000;00000;0064;GLG                                                    ;00000000;00000;0065;PIRATAS / REBELDES                                     ;00000000;00000;0070;PREPAL                                                 ;00000000;00000;0000;                                                       ;00000000;00000;0000;                                                       ;00000000;00000;0000;                                                       ;00000000;00000;0000;                                                       ;00000000;00000;0000;                                                       ;00000000;00000;0000;                                                       ;00000000;00000;0000;                                                       ;00000000;00000;0000;                                                       ;00000000;00000;0000;                                                       ;00000000;00000;0000;                                                       ;00000000;00000;0000;                                                       ;00000000;00000;0000;                                                       ;00000000;00000;0000;                                                       ;00000000;00000;0000;                                                       ;00000000;00000;0000;                                                       ;00000000;00000;0000;                                                       ;00000000;00000;0000;                                                       ;00000000;00000;0000;                                                       ;00000000;00000;0000;                                                       ;00000000;00000;0000;                                                       ;00000000;00000;0000;                                                       ;00000000;00000;0000;                                                       ;00000000;00000;0000;                                                       ;00000000;00000;0000;                                                       ;00000000;00000;0000;                                                       ;00000000;00000;0000;                                                       ;00000000;00000;0000;                                                       ;00000000;00000;0000;                                                       ;00000000;00000;0000;                                                       ;00000000;00000;0000;                                                       ;00000000;00000;0000;                                                       ;00000000;00000;0000;                                                       ;00000000;00000;0000;                                                       ;00000000;00000;0000;                                                       ;00000000;00000;0000;                                                       ;00000000;00000;0000;                                                       ;00000000;00000;0000;                                                       ;00000000;00000;0000;                                                       ;00000000;00000;0000;                                                       ;00000000;00000;0000;                                                       ;00000000;00000;0000;                                                       ;00000000;00000;0000;                                                       ;00000000;00000;0000;                                                       ;00000000;00000;0000;                                                       ;00000000;00000;0000;                                                       ;00000000;00000;0000;                                                       ;00000000;00000;
2406100033;08;09;9;043;99;Los Barrios de Bureba                             ;99;99;00001;00000175;00000175;10000;00000106;06057;00000069;03942;00000001;00097;00000003;00283;0022;PP                                                     ;00000039;03786;0017;PSOE                                                   ;00000033;03203;0021;VOX                                                    ;00000016;01553;0042;AGRUPACIÓN DE ELECTORES "SE ACABÓ LA FIESTA"           ;00000004;00388;0001;IZQESP                                                 ;00000002;00194;0010;AHORA REPÚBLICAS (ERC-EH BILDU-BNG-ARA MÉS)            ;00000002;00194;0072;EXISTE                                                 ;00000002;00194;0025;PODEMOS                                                ;00000001;00097;0032;SUMAR                                                  ;00000001;00097;0046;Cs                                                     ;00000001;00097;0051;VOLT                                                   ;00000001;00097;0002;CEUS                                                   ;00000000;00000;0009;FO                                                     ;00000000;00000;0060;JUNTS UE                                               ;00000000;00000;0019;ANDALUCISTAS                                           ;00000000;00000;0020;IE                                                     ;00000000;00000;0023;ESCAÑOS EN BLANCO                                      ;00000000;00000;0024;CRT                                                    ;00000000;00000;0026;PFAC                                                   ;00000000;00000;0027;PCTE                                                   ;00000000;00000;0029;PCPE/PCPC                                              ;00000000;00000;0039;PACMA                                                  ;00000000;00000;0040;CREE EN EUROPA                                         ;00000000;00000;0041;PMR                                                    ;00000000;00000;0043;F                                                      ;00000000;00000;0047;FE de las JONS                                         ;00000000;00000;0048;SAE                                                    ;00000000;00000;0049;J.U.E.X.                                               ;00000000;00000;0050;PH                                                     ;00000000;00000;0052;RECORTES CERO                                          ;00000000;00000;0063;EXTREMEÑOS                                             ;00000000;00000;0064;GLG                                                    ;00000000;00000;0065;PIRATAS / REBELDES                                     ;00000000;00000;0070;PREPAL                                                 ;00000000;00000;0000;                                                       ;00000000;00000;0000;                                                       ;00000000;00000;0000;                                                       ;00000000;00000;0000;                                                       ;00000000;00000;0000;                                                       ;00000000;00000;0000;                                                       ;00000000;00000;0000;                                                       ;00000000;00000;0000;                                                       ;00000000;00000;0000;                                                       ;00000000;00000;0000;                                                       ;00000000;00000;0000;                                                       ;00000000;00000;0000;                                                       ;00000000;00000;0000;                                                       ;00000000;00000;0000;                                                       ;00000000;00000;0000;                                                       ;00000000;00000;0000;                                                       ;00000000;00000;0000;                                                       ;00000000;00000;0000;                                                       ;00000000;00000;0000;                                                       ;00000000;00000;0000;                                                       ;00000000;00000;0000;                                                       ;00000000;00000;0000;                                                       ;00000000;00000;0000;                                                       ;00000000;00000;0000;                                                       ;00000000;00000;0000;                                                       ;00000000;00000;0000;                                                       ;00000000;00000;0000;                                                       ;00000000;00000;0000;                                                       ;00000000;00000;0000;                                                       ;00000000;00000;0000;                                                       ;00000000;00000;0000;                                                       ;00000000;00000;0000;                                                       ;00000000;00000;0000;                                                       ;00000000;00000;0000;                                                       ;00000000;00000;0000;                                                       ;00000000;00000;0000;                                                       ;00000000;00000;0000;                                                       ;00000000;00000;0000;                                                       ;00000000;00000;0000;                                                       ;00000000;00000;0000;                                                       ;00000000;00000;0000;                                                       ;00000000;00000;0000;                                                       ;00000000;00000;0000;                                                       ;00000000;00000;0000;                                                       ;00000000;00000;0000;                                                       ;00000000;00000;0000;                                                       ;00000000;00000;
2406100033;08;09;9;044;99;Barrios de Colina                                 ;99;99;00001;00000054;00000054;10000;00000030;05555;00000024;04444;00000000;00000;00000000;00000;0022;PP                                                     ;00000016;05333;0017;PSOE                                                   ;00000007;02333;0021;VOX                                                    ;00000003;01000;0042;AGRUPACIÓN DE ELECTORES "SE ACABÓ LA FIESTA"           ;00000003;01000;0048;SAE                                                    ;00000001;00333;0001;IZQESP                                                 ;00000000;00000;0002;CEUS                                                   ;00000000;00000;0009;FO                                                     ;00000000;00000;0010;AHORA REPÚBLICAS (ERC-EH BILDU-BNG-ARA MÉS)            ;00000000;00000;0060;JUNTS UE                                               ;00000000;00000;0019;ANDALUCISTAS                                           ;00000000;00000;0020;IE                                                     ;00000000;00000;0023;ESCAÑOS EN BLANCO                                      ;00000000;00000;0024;CRT                                                    ;00000000;00000;0025;PODEMOS                                                ;00000000;00000;0026;PFAC                                                   ;00000000;00000;0027;PCTE                                                   ;00000000;00000;0029;PCPE/PCPC                                              ;00000000;00000;0032;SUMAR                                                  ;00000000;00000;0039;PACMA                                                  ;00000000;00000;0040;CREE EN EUROPA                                         ;00000000;00000;0041;PMR                                                    ;00000000;00000;0043;F                                                      ;00000000;00000;0072;EXISTE                                                 ;00000000;00000;0046;Cs                                                     ;00000000;00000;0047;FE de las JONS                                         ;00000000;00000;0049;J.U.E.X.                                               ;00000000;00000;0050;PH                                                     ;00000000;00000;0051;VOLT                                                   ;00000000;00000;0052;RECORTES CERO                                          ;00000000;00000;0063;EXTREMEÑOS                                             ;00000000;00000;0064;GLG                                                    ;00000000;00000;0065;PIRATAS / REBELDES                                     ;00000000;00000;0070;PREPAL                                                 ;00000000;00000;0000;                                                       ;00000000;00000;0000;                                                       ;00000000;00000;0000;                                                       ;00000000;00000;0000;                                                       ;00000000;00000;0000;                                                       ;00000000;00000;0000;                                                       ;00000000;00000;0000;                                                       ;00000000;00000;0000;                                                       ;00000000;00000;0000;                                                       ;00000000;00000;0000;                                                       ;00000000;00000;0000;                                                       ;00000000;00000;0000;                                                       ;00000000;00000;0000;                                                       ;00000000;00000;0000;                                                       ;00000000;00000;0000;                                                       ;00000000;00000;0000;                                                       ;00000000;00000;0000;                                                       ;00000000;00000;0000;                                                       ;00000000;00000;0000;                                                       ;00000000;00000;0000;                                                       ;00000000;00000;0000;                                                       ;00000000;00000;0000;                                                       ;00000000;00000;0000;                                                       ;00000000;00000;0000;                                                       ;00000000;00000;0000;                                                       ;00000000;00000;0000;                                                       ;00000000;00000;0000;                                                       ;00000000;00000;0000;                                                       ;00000000;00000;0000;                                                       ;00000000;00000;0000;                                                       ;00000000;00000;0000;                                                       ;00000000;00000;0000;                                                       ;00000000;00000;0000;                                                       ;00000000;00000;0000;                                                       ;00000000;00000;0000;                                                       ;00000000;00000;0000;                                                       ;00000000;00000;0000;                                                       ;00000000;00000;0000;                                                       ;00000000;00000;0000;                                                       ;00000000;00000;0000;                                                       ;00000000;00000;0000;                                                       ;00000000;00000;0000;                                                       ;00000000;00000;0000;                                                       ;00000000;00000;0000;                                                       ;00000000;00000;0000;                                                       ;00000000;00000;0000;                                                       ;00000000;00000;
2406100033;08;09;9;045;99;Basconcillos del Tozo                             ;99;99;00001;00000263;00000263;10000;00000147;05589;00000116;04410;00000000;00000;00000001;00068;0022;PP                                                     ;00000079;05410;0017;PSOE                                                   ;00000039;02671;0021;VOX                                                    ;00000012;00821;0025;PODEMOS                                                ;00000007;00479;0010;AHORA REPÚBLICAS (ERC-EH BILDU-BNG-ARA MÉS)            ;00000003;00205;0042;AGRUPACIÓN DE ELECTORES "SE ACABÓ LA FIESTA"           ;00000002;00136;0032;SUMAR                                                  ;00000001;00068;0039;PACMA                                                  ;00000001;00068;0046;Cs                                                     ;00000001;00068;0048;SAE                                                    ;00000001;00068;0001;IZQESP                                                 ;00000000;00000;0002;CEUS                                                   ;00000000;00000;0009;FO                                                     ;00000000;00000;0060;JUNTS UE                                               ;00000000;00000;0019;ANDALUCISTAS                                           ;00000000;00000;0020;IE                                                     ;00000000;00000;0023;ESCAÑOS EN BLANCO                                      ;00000000;00000;0024;CRT                                                    ;00000000;00000;0026;PFAC                                                   ;00000000;00000;0027;PCTE                                                   ;00000000;00000;0029;PCPE/PCPC                                              ;00000000;00000;0040;CREE EN EUROPA                                         ;00000000;00000;0041;PMR                                                    ;00000000;00000;0043;F                                                      ;00000000;00000;0072;EXISTE                                                 ;00000000;00000;0047;FE de las JONS                                         ;00000000;00000;0049;J.U.E.X.                                               ;00000000;00000;0050;PH                                                     ;00000000;00000;0051;VOLT                                                   ;00000000;00000;0052;RECORTES CERO                                          ;00000000;00000;0063;EXTREMEÑOS                                             ;00000000;00000;0064;GLG                                                    ;00000000;00000;0065;PIRATAS / REBELDES                                     ;00000000;00000;0070;PREPAL                                                 ;00000000;00000;0000;                                                       ;00000000;00000;0000;                                                       ;00000000;00000;0000;                                                       ;00000000;00000;0000;                                                       ;00000000;00000;0000;                                                       ;00000000;00000;0000;                                                       ;00000000;00000;0000;                                                       ;00000000;00000;0000;                                                       ;00000000;00000;0000;                                                       ;00000000;00000;0000;                                                       ;00000000;00000;0000;                                                       ;00000000;00000;0000;                                                       ;00000000;00000;0000;                                                       ;00000000;00000;0000;                                                       ;00000000;00000;0000;                                                       ;00000000;00000;0000;                                                       ;00000000;00000;0000;                                                       ;00000000;00000;0000;                                                       ;00000000;00000;0000;                                                       ;00000000;00000;0000;                                                       ;00000000;00000;0000;                                                       ;00000000;00000;0000;                                                       ;00000000;00000;0000;                                                       ;00000000;00000;0000;                                                       ;00000000;00000;0000;                                                       ;00000000;00000;0000;                                                       ;00000000;00000;0000;                                                       ;00000000;00000;0000;                                                       ;00000000;00000;0000;                                                       ;00000000;00000;0000;                                                       ;00000000;00000;0000;                                                       ;00000000;00000;0000;                                                       ;00000000;00000;0000;                                                       ;00000000;00000;0000;                                                       ;00000000;00000;0000;                                                       ;00000000;00000;0000;                                                       ;00000000;00000;0000;                                                       ;00000000;00000;0000;                                                       ;00000000;00000;0000;                                                       ;00000000;00000;0000;                                                       ;00000000;00000;0000;                                                       ;00000000;00000;0000;                                                       ;00000000;00000;0000;                                                       ;00000000;00000;0000;                                                       ;00000000;00000;0000;                                                       ;00000000;00000;0000;                                                       ;00000000;00000;
2406100033;08;09;9;046;99;Bascuñana                                         ;99;99;00001;00000018;00000018;10000;00000014;07777;00000004;02222;00000000;00000;00000000;00000;0022;PP                                                     ;00000007;05000;0017;PSOE                                                   ;00000004;02857;0032;SUMAR                                                  ;00000002;01428;0025;PODEMOS                                                ;00000001;00714;0001;IZQESP                                                 ;00000000;00000;0002;CEUS                                                   ;00000000;00000;0009;FO                                                     ;00000000;00000;0010;AHORA REPÚBLICAS (ERC-EH BILDU-BNG-ARA MÉS)            ;00000000;00000;0060;JUNTS UE                                               ;00000000;00000;0019;ANDALUCISTAS                                           ;00000000;00000;0020;IE                                                     ;00000000;00000;0021;VOX                                                    ;00000000;00000;0023;ESCAÑOS EN BLANCO                                      ;00000000;00000;0024;CRT                                                    ;00000000;00000;0026;PFAC                                                   ;00000000;00000;0027;PCTE                                                   ;00000000;00000;0029;PCPE/PCPC                                              ;00000000;00000;0039;PACMA                                                  ;00000000;00000;0040;CREE EN EUROPA                                         ;00000000;00000;0041;PMR                                                    ;00000000;00000;0042;AGRUPACIÓN DE ELECTORES "SE ACABÓ LA FIESTA"           ;00000000;00000;0043;F                                                      ;00000000;00000;0072;EXISTE                                                 ;00000000;00000;0046;Cs                                                     ;00000000;00000;0047;FE de las JONS                                         ;00000000;00000;0048;SAE                                                    ;00000000;00000;0049;J.U.E.X.                                               ;00000000;00000;0050;PH                                                     ;00000000;00000;0051;VOLT                                                   ;00000000;00000;0052;RECORTES CERO                                          ;00000000;00000;0063;EXTREMEÑOS                                             ;00000000;00000;0064;GLG                                                    ;00000000;00000;0065;PIRATAS / REBELDES                                     ;00000000;00000;0070;PREPAL                                                 ;00000000;00000;0000;                                                       ;00000000;00000;0000;                                                       ;00000000;00000;0000;                                                       ;00000000;00000;0000;                                                       ;00000000;00000;0000;                                                       ;00000000;00000;0000;                                                       ;00000000;00000;0000;                                                       ;00000000;00000;0000;                                                       ;00000000;00000;0000;                                                       ;00000000;00000;0000;                                                       ;00000000;00000;0000;                                                       ;00000000;00000;0000;                                                       ;00000000;00000;0000;                                                       ;00000000;00000;0000;                                                       ;00000000;00000;0000;                                                       ;00000000;00000;0000;                                                       ;00000000;00000;0000;                                                       ;00000000;00000;0000;                                                       ;00000000;00000;0000;                                                       ;00000000;00000;0000;                                                       ;00000000;00000;0000;                                                       ;00000000;00000;0000;                                                       ;00000000;00000;0000;                                                       ;00000000;00000;0000;                                                       ;00000000;00000;0000;                                                       ;00000000;00000;0000;                                                       ;00000000;00000;0000;                                                       ;00000000;00000;0000;                                                       ;00000000;00000;0000;                                                       ;00000000;00000;0000;                                                       ;00000000;00000;0000;                                                       ;00000000;00000;0000;                                                       ;00000000;00000;0000;                                                       ;00000000;00000;0000;                                                       ;00000000;00000;0000;                                                       ;00000000;00000;0000;                                                       ;00000000;00000;0000;                                                       ;00000000;00000;0000;                                                       ;00000000;00000;0000;                                                       ;00000000;00000;0000;                                                       ;00000000;00000;0000;                                                       ;00000000;00000;0000;                                                       ;00000000;00000;0000;                                                       ;00000000;00000;0000;                                                       ;00000000;00000;0000;                                                       ;00000000;00000;0000;                                                       ;00000000;00000;
2406100033;08;09;9;047;99;Belbimbre                                         ;99;99;00001;00000050;00000050;10000;00000038;07600;00000012;02400;00000001;00263;00000000;00000;0022;PP                                                     ;00000029;07631;0021;VOX                                                    ;00000004;01052;0017;PSOE                                                   ;00000003;00789;0042;AGRUPACIÓN DE ELECTORES "SE ACABÓ LA FIESTA"           ;00000001;00263;0001;IZQESP                                                 ;00000000;00000;0002;CEUS                                                   ;00000000;00000;0009;FO                                                     ;00000000;00000;0010;AHORA REPÚBLICAS (ERC-EH BILDU-BNG-ARA MÉS)            ;00000000;00000;0060;JUNTS UE                                               ;00000000;00000;0019;ANDALUCISTAS                                           ;00000000;00000;0020;IE                                                     ;00000000;00000;0023;ESCAÑOS EN BLANCO                                      ;00000000;00000;0024;CRT                                                    ;00000000;00000;0025;PODEMOS                                                ;00000000;00000;0026;PFAC                                                   ;00000000;00000;0027;PCTE                                                   ;00000000;00000;0029;PCPE/PCPC                                              ;00000000;00000;0032;SUMAR                                                  ;00000000;00000;0039;PACMA                                                  ;00000000;00000;0040;CREE EN EUROPA                                         ;00000000;00000;0041;PMR                                                    ;00000000;00000;0043;F                                                      ;00000000;00000;0072;EXISTE                                                 ;00000000;00000;0046;Cs                                                     ;00000000;00000;0047;FE de las JONS                                         ;00000000;00000;0048;SAE                                                    ;00000000;00000;0049;J.U.E.X.                                               ;00000000;00000;0050;PH                                                     ;00000000;00000;0051;VOLT                                                   ;00000000;00000;0052;RECORTES CERO                                          ;00000000;00000;0063;EXTREMEÑOS                                             ;00000000;00000;0064;GLG                                                    ;00000000;00000;0065;PIRATAS / REBELDES                                     ;00000000;00000;0070;PREPAL                                                 ;00000000;00000;0000;                                                       ;00000000;00000;0000;                                                       ;00000000;00000;0000;                                                       ;00000000;00000;0000;                                                       ;00000000;00000;0000;                                                       ;00000000;00000;0000;                                                       ;00000000;00000;0000;                                                       ;00000000;00000;0000;                                                       ;00000000;00000;0000;                                                       ;00000000;00000;0000;                                                       ;00000000;00000;0000;                                                       ;00000000;00000;0000;                                                       ;00000000;00000;0000;                                                       ;00000000;00000;0000;                                                       ;00000000;00000;0000;                                                       ;00000000;00000;0000;                                                       ;00000000;00000;0000;                                                       ;00000000;00000;0000;                                                       ;00000000;00000;0000;                                                       ;00000000;00000;0000;                                                       ;00000000;00000;0000;                                                       ;00000000;00000;0000;                                                       ;00000000;00000;0000;                                                       ;00000000;00000;0000;                                                       ;00000000;00000;0000;                                                       ;00000000;00000;0000;                                                       ;00000000;00000;0000;                                                       ;00000000;00000;0000;                                                       ;00000000;00000;0000;                                                       ;00000000;00000;0000;                                                       ;00000000;00000;0000;                                                       ;00000000;00000;0000;                                                       ;00000000;00000;0000;                                                       ;00000000;00000;0000;                                                       ;00000000;00000;0000;                                                       ;00000000;00000;0000;                                                       ;00000000;00000;0000;                                                       ;00000000;00000;0000;                                                       ;00000000;00000;0000;                                                       ;00000000;00000;0000;                                                       ;00000000;00000;0000;                                                       ;00000000;00000;0000;                                                       ;00000000;00000;0000;                                                       ;00000000;00000;0000;                                                       ;00000000;00000;0000;                                                       ;00000000;00000;0000;                                                       ;00000000;00000;
2406100033;08;09;9;048;99;Belorado                                          ;99;99;00003;00001402;00001402;10000;00000727;05185;00000675;04814;00000007;00098;00000015;00206;0022;PP                                                     ;00000296;04157;0017;PSOE                                                   ;00000237;03328;0021;VOX                                                    ;00000058;00814;0042;AGRUPACIÓN DE ELECTORES "SE ACABÓ LA FIESTA"           ;00000039;00547;0032;SUMAR                                                  ;00000021;00294;0025;PODEMOS                                                ;00000013;00182;0046;Cs                                                     ;00000009;00126;0072;EXISTE                                                 ;00000006;00084;0009;FO                                                     ;00000005;00070;0023;ESCAÑOS EN BLANCO                                      ;00000004;00056;0010;AHORA REPÚBLICAS (ERC-EH BILDU-BNG-ARA MÉS)            ;00000002;00028;0027;PCTE                                                   ;00000002;00028;0039;PACMA                                                  ;00000002;00028;0041;PMR                                                    ;00000002;00028;0051;VOLT                                                   ;00000002;00028;0020;IE                                                     ;00000001;00014;0029;PCPE/PCPC                                              ;00000001;00014;0040;CREE EN EUROPA                                         ;00000001;00014;0047;FE de las JONS                                         ;00000001;00014;0048;SAE                                                    ;00000001;00014;0052;RECORTES CERO                                          ;00000001;00014;0070;PREPAL                                                 ;00000001;00014;0001;IZQESP                                                 ;00000000;00000;0002;CEUS                                                   ;00000000;00000;0060;JUNTS UE                                               ;00000000;00000;0019;ANDALUCISTAS                                           ;00000000;00000;0024;CRT                                                    ;00000000;00000;0026;PFAC                                                   ;00000000;00000;0043;F                                                      ;00000000;00000;0049;J.U.E.X.                                               ;00000000;00000;0050;PH                                                     ;00000000;00000;0063;EXTREMEÑOS                                             ;00000000;00000;0064;GLG                                                    ;00000000;00000;0065;PIRATAS / REBELDES                                     ;00000000;00000;0000;                                                       ;00000000;00000;0000;                                                       ;00000000;00000;0000;                                                       ;00000000;00000;0000;                                                       ;00000000;00000;0000;                                                       ;00000000;00000;0000;                                                       ;00000000;00000;0000;                                                       ;00000000;00000;0000;                                                       ;00000000;00000;0000;                                                       ;00000000;00000;0000;                                                       ;00000000;00000;0000;                                                       ;00000000;00000;0000;                                                       ;00000000;00000;0000;                                                       ;00000000;00000;0000;                                                       ;00000000;00000;0000;                                                       ;00000000;00000;0000;                                                       ;00000000;00000;0000;                                                       ;00000000;00000;0000;                                                       ;00000000;00000;0000;                                                       ;00000000;00000;0000;                                                       ;00000000;00000;0000;                                                       ;00000000;00000;0000;                                                       ;00000000;00000;0000;                                                       ;00000000;00000;0000;                                                       ;00000000;00000;0000;                                                       ;00000000;00000;0000;                                                       ;00000000;00000;0000;                                                       ;00000000;00000;0000;                                                       ;00000000;00000;0000;                                                       ;00000000;00000;0000;                                                       ;00000000;00000;0000;                                                       ;00000000;00000;0000;                                                       ;00000000;00000;0000;                                                       ;00000000;00000;0000;                                                       ;00000000;00000;0000;                                                       ;00000000;00000;0000;                                                       ;00000000;00000;0000;                                                       ;00000000;00000;0000;                                                       ;00000000;00000;0000;                                                       ;00000000;00000;0000;                                                       ;00000000;00000;0000;                                                       ;00000000;00000;0000;                                                       ;00000000;00000;0000;                                                       ;00000000;00000;0000;                                                       ;00000000;00000;0000;                                                       ;00000000;00000;0000;                                                       ;00000000;00000;
2406100033;08;09;9;050;99;Berberana                                         ;99;99;00001;00000047;00000047;10000;00000025;05319;00000022;04680;00000000;00000;00000000;00000;0022;PP                                                     ;00000014;05600;0017;PSOE                                                   ;00000004;01600;0021;VOX                                                    ;00000002;00800;0072;EXISTE                                                 ;00000002;00800;0023;ESCAÑOS EN BLANCO                                      ;00000001;00400;0025;PODEMOS                                                ;00000001;00400;0042;AGRUPACIÓN DE ELECTORES "SE ACABÓ LA FIESTA"           ;00000001;00400;0001;IZQESP                                                 ;00000000;00000;0002;CEUS                                                   ;00000000;00000;0009;FO                                                     ;00000000;00000;0010;AHORA REPÚBLICAS (ERC-EH BILDU-BNG-ARA MÉS)            ;00000000;00000;0060;JUNTS UE                                               ;00000000;00000;0019;ANDALUCISTAS                                           ;00000000;00000;0020;IE                                                     ;00000000;00000;0024;CRT                                                    ;00000000;00000;0026;PFAC                                                   ;00000000;00000;0027;PCTE                                                   ;00000000;00000;0029;PCPE/PCPC                                              ;00000000;00000;0032;SUMAR                                                  ;00000000;00000;0039;PACMA                                                  ;00000000;00000;0040;CREE EN EUROPA                                         ;00000000;00000;0041;PMR                                                    ;00000000;00000;0043;F                                                      ;00000000;00000;0046;Cs                                                     ;00000000;00000;0047;FE de las JONS                                         ;00000000;00000;0048;SAE                                                    ;00000000;00000;0049;J.U.E.X.                                               ;00000000;00000;0050;PH                                                     ;00000000;00000;0051;VOLT                                                   ;00000000;00000;0052;RECORTES CERO                                          ;00000000;00000;0063;EXTREMEÑOS                                             ;00000000;00000;0064;GLG                                                    ;00000000;00000;0065;PIRATAS / REBELDES                                     ;00000000;00000;0070;PREPAL                                                 ;00000000;00000;0000;                                                       ;00000000;00000;0000;                                                       ;00000000;00000;0000;                                                       ;00000000;00000;0000;                                                       ;00000000;00000;0000;                                                       ;00000000;00000;0000;                                                       ;00000000;00000;0000;                                                       ;00000000;00000;0000;                                                       ;00000000;00000;0000;                                                       ;00000000;00000;0000;                                                       ;00000000;00000;0000;                                                       ;00000000;00000;0000;                                                       ;00000000;00000;0000;                                                       ;00000000;00000;0000;                                                       ;00000000;00000;0000;                                                       ;00000000;00000;0000;                                                       ;00000000;00000;0000;                                                       ;00000000;00000;0000;                                                       ;00000000;00000;0000;                                                       ;00000000;00000;0000;                                                       ;00000000;00000;0000;                                                       ;00000000;00000;0000;                                                       ;00000000;00000;0000;                                                       ;00000000;00000;0000;                                                       ;00000000;00000;0000;                                                       ;00000000;00000;0000;                                                       ;00000000;00000;0000;                                                       ;00000000;00000;0000;                                                       ;00000000;00000;0000;                                                       ;00000000;00000;0000;                                                       ;00000000;00000;0000;                                                       ;00000000;00000;0000;                                                       ;00000000;00000;0000;                                                       ;00000000;00000;0000;                                                       ;00000000;00000;0000;                                                       ;00000000;00000;0000;                                                       ;00000000;00000;0000;                                                       ;00000000;00000;0000;                                                       ;00000000;00000;0000;                                                       ;00000000;00000;0000;                                                       ;00000000;00000;0000;                                                       ;00000000;00000;0000;                                                       ;00000000;00000;0000;                                                       ;00000000;00000;0000;                                                       ;00000000;00000;0000;                                                       ;00000000;00000;0000;                                                       ;00000000;00000;
2406100033;08;09;9;051;99;Berlangas de Roa                                  ;99;99;00001;00000161;00000161;10000;00000104;06459;00000057;03540;00000000;00000;00000001;00096;0022;PP                                                     ;00000055;05339;0017;PSOE                                                   ;00000028;02718;0042;AGRUPACIÓN DE ELECTORES "SE ACABÓ LA FIESTA"           ;00000007;00679;0021;VOX                                                    ;00000006;00582;0025;PODEMOS                                                ;00000003;00291;0032;SUMAR                                                  ;00000001;00097;0046;Cs                                                     ;00000001;00097;0047;FE de las JONS                                         ;00000001;00097;0070;PREPAL                                                 ;00000001;00097;0001;IZQESP                                                 ;00000000;00000;0002;CEUS                                                   ;00000000;00000;0009;FO                                                     ;00000000;00000;0010;AHORA REPÚBLICAS (ERC-EH BILDU-BNG-ARA MÉS)            ;00000000;00000;0060;JUNTS UE                                               ;00000000;00000;0019;ANDALUCISTAS                                           ;00000000;00000;0020;IE                                                     ;00000000;00000;0023;ESCAÑOS EN BLANCO                                      ;00000000;00000;0024;CRT                                                    ;00000000;00000;0026;PFAC                                                   ;00000000;00000;0027;PCTE                                                   ;00000000;00000;0029;PCPE/PCPC                                              ;00000000;00000;0039;PACMA                                                  ;00000000;00000;0040;CREE EN EUROPA                                         ;00000000;00000;0041;PMR                                                    ;00000000;00000;0043;F                                                      ;00000000;00000;0072;EXISTE                                                 ;00000000;00000;0048;SAE                                                    ;00000000;00000;0049;J.U.E.X.                                               ;00000000;00000;0050;PH                                                     ;00000000;00000;0051;VOLT                                                   ;00000000;00000;0052;RECORTES CERO                                          ;00000000;00000;0063;EXTREMEÑOS                                             ;00000000;00000;0064;GLG                                                    ;00000000;00000;0065;PIRATAS / REBELDES                                     ;00000000;00000;0000;                                                       ;00000000;00000;0000;                                                       ;00000000;00000;0000;                                                       ;00000000;00000;0000;                                                       ;00000000;00000;0000;                                                       ;00000000;00000;0000;                                                       ;00000000;00000;0000;                                                       ;00000000;00000;0000;                                                       ;00000000;00000;0000;                                                       ;00000000;00000;0000;                                                       ;00000000;00000;0000;                                                       ;00000000;00000;0000;                                                       ;00000000;00000;0000;                                                       ;00000000;00000;0000;                                                       ;00000000;00000;0000;                                                       ;00000000;00000;0000;                                                       ;00000000;00000;0000;                                                       ;00000000;00000;0000;                                                       ;00000000;00000;0000;                                                       ;00000000;00000;0000;                                                       ;00000000;00000;0000;                                                       ;00000000;00000;0000;                                                       ;00000000;00000;0000;                                                       ;00000000;00000;0000;                                                       ;00000000;00000;0000;                                                       ;00000000;00000;0000;                                                       ;00000000;00000;0000;                                                       ;00000000;00000;0000;                                                       ;00000000;00000;0000;                                                       ;00000000;00000;0000;                                                       ;00000000;00000;0000;                                                       ;00000000;00000;0000;                                                       ;00000000;00000;0000;                                                       ;00000000;00000;0000;                                                       ;00000000;00000;0000;                                                       ;00000000;00000;0000;                                                       ;00000000;00000;0000;                                                       ;00000000;00000;0000;                                                       ;00000000;00000;0000;                                                       ;00000000;00000;0000;                                                       ;00000000;00000;0000;                                                       ;00000000;00000;0000;                                                       ;00000000;00000;0000;                                                       ;00000000;00000;0000;                                                       ;00000000;00000;0000;                                                       ;00000000;00000;0000;                                                       ;00000000;00000;
2406100033;08;09;9;052;99;Berzosa de Bureba                                 ;99;99;00001;00000026;00000026;10000;00000020;07692;00000006;02307;00000000;00000;00000000;00000;0021;VOX                                                    ;00000009;04500;0022;PP                                                     ;00000007;03500;0032;SUMAR                                                  ;00000002;01000;0009;FO                                                     ;00000001;00500;0017;PSOE                                                   ;00000001;00500;0001;IZQESP                                                 ;00000000;00000;0002;CEUS                                                   ;00000000;00000;0010;AHORA REPÚBLICAS (ERC-EH BILDU-BNG-ARA MÉS)            ;00000000;00000;0060;JUNTS UE                                               ;00000000;00000;0019;ANDALUCISTAS                                           ;00000000;00000;0020;IE                                                     ;00000000;00000;0023;ESCAÑOS EN BLANCO                                      ;00000000;00000;0024;CRT                                                    ;00000000;00000;0025;PODEMOS                                                ;00000000;00000;0026;PFAC                                                   ;00000000;00000;0027;PCTE                                                   ;00000000;00000;0029;PCPE/PCPC                                              ;00000000;00000;0039;PACMA                                                  ;00000000;00000;0040;CREE EN EUROPA                                         ;00000000;00000;0041;PMR                                                    ;00000000;00000;0042;AGRUPACIÓN DE ELECTORES "SE ACABÓ LA FIESTA"           ;00000000;00000;0043;F                                                      ;00000000;00000;0072;EXISTE                                                 ;00000000;00000;0046;Cs                                                     ;00000000;00000;0047;FE de las JONS                                         ;00000000;00000;0048;SAE                                                    ;00000000;00000;0049;J.U.E.X.                                               ;00000000;00000;0050;PH                                                     ;00000000;00000;0051;VOLT                                                   ;00000000;00000;0052;RECORTES CERO                                          ;00000000;00000;0063;EXTREMEÑOS                                             ;00000000;00000;0064;GLG                                                    ;00000000;00000;0065;PIRATAS / REBELDES                                     ;00000000;00000;0070;PREPAL                                                 ;00000000;00000;0000;                                                       ;00000000;00000;0000;                                                       ;00000000;00000;0000;                                                       ;00000000;00000;0000;                                                       ;00000000;00000;0000;                                                       ;00000000;00000;0000;                                                       ;00000000;00000;0000;                                                       ;00000000;00000;0000;                                                       ;00000000;00000;0000;                                                       ;00000000;00000;0000;                                                       ;00000000;00000;0000;                                                       ;00000000;00000;0000;                                                       ;00000000;00000;0000;                                                       ;00000000;00000;0000;                                                       ;00000000;00000;0000;                                                       ;00000000;00000;0000;                                                       ;00000000;00000;0000;                                                       ;00000000;00000;0000;                                                       ;00000000;00000;0000;                                                       ;00000000;00000;0000;                                                       ;00000000;00000;0000;                                                       ;00000000;00000;0000;                                                       ;00000000;00000;0000;                                                       ;00000000;00000;0000;                                                       ;00000000;00000;0000;                                                       ;00000000;00000;0000;                                                       ;00000000;00000;0000;                                                       ;00000000;00000;0000;                                                       ;00000000;00000;0000;                                                       ;00000000;00000;0000;                                                       ;00000000;00000;0000;                                                       ;00000000;00000;0000;                                                       ;00000000;00000;0000;                                                       ;00000000;00000;0000;                                                       ;00000000;00000;0000;                                                       ;00000000;00000;0000;                                                       ;00000000;00000;0000;                                                       ;00000000;00000;0000;                                                       ;00000000;00000;0000;                                                       ;00000000;00000;0000;                                                       ;00000000;00000;0000;                                                       ;00000000;00000;0000;                                                       ;00000000;00000;0000;                                                       ;00000000;00000;0000;                                                       ;00000000;00000;0000;                                                       ;00000000;00000;0000;                                                       ;00000000;00000;
2406100033;08;09;9;054;99;Bozoó                                             ;99;99;00001;00000090;00000090;10000;00000052;05777;00000038;04222;00000002;00384;00000000;00000;0022;PP                                                     ;00000027;05192;0017;PSOE                                                   ;00000007;01346;0042;AGRUPACIÓN DE ELECTORES "SE ACABÓ LA FIESTA"           ;00000004;00769;0021;VOX                                                    ;00000003;00576;0025;PODEMOS                                                ;00000002;00384;0032;SUMAR                                                  ;00000002;00384;0010;AHORA REPÚBLICAS (ERC-EH BILDU-BNG-ARA MÉS)            ;00000001;00192;0027;PCTE                                                   ;00000001;00192;0039;PACMA                                                  ;00000001;00192;0046;Cs                                                     ;00000001;00192;0048;SAE                                                    ;00000001;00192;0001;IZQESP                                                 ;00000000;00000;0002;CEUS                                                   ;00000000;00000;0009;FO                                                     ;00000000;00000;0060;JUNTS UE                                               ;00000000;00000;0019;ANDALUCISTAS                                           ;00000000;00000;0020;IE                                                     ;00000000;00000;0023;ESCAÑOS EN BLANCO                                      ;00000000;00000;0024;CRT                                                    ;00000000;00000;0026;PFAC                                                   ;00000000;00000;0029;PCPE/PCPC                                              ;00000000;00000;0040;CREE EN EUROPA                                         ;00000000;00000;0041;PMR                                                    ;00000000;00000;0043;F                                                      ;00000000;00000;0072;EXISTE                                                 ;00000000;00000;0047;FE de las JONS                                         ;00000000;00000;0049;J.U.E.X.                                               ;00000000;00000;0050;PH                                                     ;00000000;00000;0051;VOLT                                                   ;00000000;00000;0052;RECORTES CERO                                          ;00000000;00000;0063;EXTREMEÑOS                                             ;00000000;00000;0064;GLG                                                    ;00000000;00000;0065;PIRATAS / REBELDES                                     ;00000000;00000;0070;PREPAL                                                 ;00000000;00000;0000;                                                       ;00000000;00000;0000;                                                       ;00000000;00000;0000;                                                       ;00000000;00000;0000;                                                       ;00000000;00000;0000;                                                       ;00000000;00000;0000;                                                       ;00000000;00000;0000;                                                       ;00000000;00000;0000;                                                       ;00000000;00000;0000;                                                       ;00000000;00000;0000;                                                       ;00000000;00000;0000;                                                       ;00000000;00000;0000;                                                       ;00000000;00000;0000;                                                       ;00000000;00000;0000;                                                       ;00000000;00000;0000;                                                       ;00000000;00000;0000;                                                       ;00000000;00000;0000;                                                       ;00000000;00000;0000;                                                       ;00000000;00000;0000;                                                       ;00000000;00000;0000;                                                       ;00000000;00000;0000;                                                       ;00000000;00000;0000;                                                       ;00000000;00000;0000;                                                       ;00000000;00000;0000;                                                       ;00000000;00000;0000;                                                       ;00000000;00000;0000;                                                       ;00000000;00000;0000;                                                       ;00000000;00000;0000;                                                       ;00000000;00000;0000;                                                       ;00000000;00000;0000;                                                       ;00000000;00000;0000;                                                       ;00000000;00000;0000;                                                       ;00000000;00000;0000;                                                       ;00000000;00000;0000;                                                       ;00000000;00000;0000;                                                       ;00000000;00000;0000;                                                       ;00000000;00000;0000;                                                       ;00000000;00000;0000;                                                       ;00000000;00000;0000;                                                       ;00000000;00000;0000;                                                       ;00000000;00000;0000;                                                       ;00000000;00000;0000;                                                       ;00000000;00000;0000;                                                       ;00000000;00000;0000;                                                       ;00000000;00000;0000;                                                       ;00000000;00000;0000;                                                       ;00000000;00000;
2406100033;08;09;9;055;99;Brazacorta                                        ;99;99;00001;00000041;00000041;10000;00000029;07073;00000012;02926;00000000;00000;00000000;00000;0022;PP                                                     ;00000017;05862;0017;PSOE                                                   ;00000004;01379;0021;VOX                                                    ;00000003;01034;0032;SUMAR                                                  ;00000002;00689;0042;AGRUPACIÓN DE ELECTORES "SE ACABÓ LA FIESTA"           ;00000002;00689;0027;PCTE                                                   ;00000001;00344;0001;IZQESP                                                 ;00000000;00000;0002;CEUS                                                   ;00000000;00000;0009;FO                                                     ;00000000;00000;0010;AHORA REPÚBLICAS (ERC-EH BILDU-BNG-ARA MÉS)            ;00000000;00000;0060;JUNTS UE                                               ;00000000;00000;0019;ANDALUCISTAS                                           ;00000000;00000;0020;IE                                                     ;00000000;00000;0023;ESCAÑOS EN BLANCO                                      ;00000000;00000;0024;CRT                                                    ;00000000;00000;0025;PODEMOS                                                ;00000000;00000;0026;PFAC                                                   ;00000000;00000;0029;PCPE/PCPC                                              ;00000000;00000;0039;PACMA                                                  ;00000000;00000;0040;CREE EN EUROPA                                         ;00000000;00000;0041;PMR                                                    ;00000000;00000;0043;F                                                      ;00000000;00000;0072;EXISTE                                                 ;00000000;00000;0046;Cs                                                     ;00000000;00000;0047;FE de las JONS                                         ;00000000;00000;0048;SAE                                                    ;00000000;00000;0049;J.U.E.X.                                               ;00000000;00000;0050;PH                                                     ;00000000;00000;0051;VOLT                                                   ;00000000;00000;0052;RECORTES CERO                                          ;00000000;00000;0063;EXTREMEÑOS                                             ;00000000;00000;0064;GLG                                                    ;00000000;00000;0065;PIRATAS / REBELDES                                     ;00000000;00000;0070;PREPAL                                                 ;00000000;00000;0000;                                                       ;00000000;00000;0000;                                                       ;00000000;00000;0000;                                                       ;00000000;00000;0000;                                                       ;00000000;00000;0000;                                                       ;00000000;00000;0000;                                                       ;00000000;00000;0000;                                                       ;00000000;00000;0000;                                                       ;00000000;00000;0000;                                                       ;00000000;00000;0000;                                                       ;00000000;00000;0000;                                                       ;00000000;00000;0000;                                                       ;00000000;00000;0000;                                                       ;00000000;00000;0000;                                                       ;00000000;00000;0000;                                                       ;00000000;00000;0000;                                                       ;00000000;00000;0000;                                                       ;00000000;00000;0000;                                                       ;00000000;00000;0000;                                                       ;00000000;00000;0000;                                                       ;00000000;00000;0000;                                                       ;00000000;00000;0000;                                                       ;00000000;00000;0000;                                                       ;00000000;00000;0000;                                                       ;00000000;00000;0000;                                                       ;00000000;00000;0000;                                                       ;00000000;00000;0000;                                                       ;00000000;00000;0000;                                                       ;00000000;00000;0000;                                                       ;00000000;00000;0000;                                                       ;00000000;00000;0000;                                                       ;00000000;00000;0000;                                                       ;00000000;00000;0000;                                                       ;00000000;00000;0000;                                                       ;00000000;00000;0000;                                                       ;00000000;00000;0000;                                                       ;00000000;00000;0000;                                                       ;00000000;00000;0000;                                                       ;00000000;00000;0000;                                                       ;00000000;00000;0000;                                                       ;00000000;00000;0000;                                                       ;00000000;00000;0000;                                                       ;00000000;00000;0000;                                                       ;00000000;00000;0000;                                                       ;00000000;00000;0000;                                                       ;00000000;00000;0000;                                                       ;00000000;00000;
2406100033;08;09;9;056;99;Briviesca                                         ;99;99;00008;00004743;00004743;10000;00002455;05176;00002288;04823;00000015;00061;00000019;00077;0022;PP                                                     ;00001101;04519;0017;PSOE                                                   ;00000674;02766;0021;VOX                                                    ;00000293;01202;0042;AGRUPACIÓN DE ELECTORES "SE ACABÓ LA FIESTA"           ;00000116;00476;0025;PODEMOS                                                ;00000059;00242;0032;SUMAR                                                  ;00000058;00238;0046;Cs                                                     ;00000039;00160;0009;FO                                                     ;00000022;00090;0039;PACMA                                                  ;00000008;00032;0001;IZQESP                                                 ;00000005;00020;0010;AHORA REPÚBLICAS (ERC-EH BILDU-BNG-ARA MÉS)            ;00000005;00020;0020;IE                                                     ;00000005;00020;0072;EXISTE                                                 ;00000005;00020;0047;FE de las JONS                                         ;00000004;00016;0048;SAE                                                    ;00000003;00012;0051;VOLT                                                   ;00000003;00012;0070;PREPAL                                                 ;00000003;00012;0002;CEUS                                                   ;00000002;00008;0023;ESCAÑOS EN BLANCO                                      ;00000002;00008;0026;PFAC                                                   ;00000002;00008;0027;PCTE                                                   ;00000002;00008;0043;F                                                      ;00000002;00008;0063;EXTREMEÑOS                                             ;00000002;00008;0065;PIRATAS / REBELDES                                     ;00000002;00008;0060;JUNTS UE                                               ;00000001;00004;0040;CREE EN EUROPA                                         ;00000001;00004;0049;J.U.E.X.                                               ;00000001;00004;0050;PH                                                     ;00000001;00004;0019;ANDALUCISTAS                                           ;00000000;00000;0024;CRT                                                    ;00000000;00000;0029;PCPE/PCPC                                              ;00000000;00000;0041;PMR                                                    ;00000000;00000;0052;RECORTES CERO                                          ;00000000;00000;0064;GLG                                                    ;00000000;00000;0000;                                                       ;00000000;00000;0000;                                                       ;00000000;00000;0000;                                                       ;00000000;00000;0000;                                                       ;00000000;00000;0000;                                                       ;00000000;00000;0000;                                                       ;00000000;00000;0000;                                                       ;00000000;00000;0000;                                                       ;00000000;00000;0000;                                                       ;00000000;00000;0000;                                                       ;00000000;00000;0000;                                                       ;00000000;00000;0000;                                                       ;00000000;00000;0000;                                                       ;00000000;00000;0000;                                                       ;00000000;00000;0000;                                                       ;00000000;00000;0000;                                                       ;00000000;00000;0000;                                                       ;00000000;00000;0000;                                                       ;00000000;00000;0000;                                                       ;00000000;00000;0000;                                                       ;00000000;00000;0000;                                                       ;00000000;00000;0000;                                                       ;00000000;00000;0000;                                                       ;00000000;00000;0000;                                                       ;00000000;00000;0000;                                                       ;00000000;00000;0000;                                                       ;00000000;00000;0000;                                                       ;00000000;00000;0000;                                                       ;00000000;00000;0000;                                                       ;00000000;00000;0000;                                                       ;00000000;00000;0000;                                                       ;00000000;00000;0000;                                                       ;00000000;00000;0000;                                                       ;00000000;00000;0000;                                                       ;00000000;00000;0000;                                                       ;00000000;00000;0000;                                                       ;00000000;00000;0000;                                                       ;00000000;00000;0000;                                                       ;00000000;00000;0000;                                                       ;00000000;00000;0000;                                                       ;00000000;00000;0000;                                                       ;00000000;00000;0000;                                                       ;00000000;00000;0000;                                                       ;00000000;00000;0000;                                                       ;00000000;00000;0000;                                                       ;00000000;00000;0000;                                                       ;00000000;00000;
2406100033;08;09;9;057;99;Bugedo                                            ;99;99;00001;00000160;00000160;10000;00000106;06625;00000054;03375;00000001;00098;00000004;00377;0022;PP                                                     ;00000037;03627;0017;PSOE                                                   ;00000032;03137;0021;VOX                                                    ;00000014;01372;0025;PODEMOS                                                ;00000006;00588;0032;SUMAR                                                  ;00000006;00588;0042;AGRUPACIÓN DE ELECTORES "SE ACABÓ LA FIESTA"           ;00000003;00294;0010;AHORA REPÚBLICAS (ERC-EH BILDU-BNG-ARA MÉS)            ;00000002;00196;0046;Cs                                                     ;00000001;00098;0001;IZQESP                                                 ;00000000;00000;0002;CEUS                                                   ;00000000;00000;0009;FO                                                     ;00000000;00000;0060;JUNTS UE                                               ;00000000;00000;0019;ANDALUCISTAS                                           ;00000000;00000;0020;IE                                                     ;00000000;00000;0023;ESCAÑOS EN BLANCO                                      ;00000000;00000;0024;CRT                                                    ;00000000;00000;0026;PFAC                                                   ;00000000;00000;0027;PCTE                                                   ;00000000;00000;0029;PCPE/PCPC                                              ;00000000;00000;0039;PACMA                                                  ;00000000;00000;0040;CREE EN EUROPA                                         ;00000000;00000;0041;PMR                                                    ;00000000;00000;0043;F                                                      ;00000000;00000;0072;EXISTE                                                 ;00000000;00000;0047;FE de las JONS                                         ;00000000;00000;0048;SAE                                                    ;00000000;00000;0049;J.U.E.X.                                               ;00000000;00000;0050;PH                                                     ;00000000;00000;0051;VOLT                                                   ;00000000;00000;0052;RECORTES CERO                                          ;00000000;00000;0063;EXTREMEÑOS                                             ;00000000;00000;0064;GLG                                                    ;00000000;00000;0065;PIRATAS / REBELDES                                     ;00000000;00000;0070;PREPAL                                                 ;00000000;00000;0000;                                                       ;00000000;00000;0000;                                                       ;00000000;00000;0000;                                                       ;00000000;00000;0000;                                                       ;00000000;00000;0000;                                                       ;00000000;00000;0000;                                                       ;00000000;00000;0000;                                                       ;00000000;00000;0000;                                                       ;00000000;00000;0000;                                                       ;00000000;00000;0000;                                                       ;00000000;00000;0000;                                                       ;00000000;00000;0000;                                                       ;00000000;00000;0000;                                                       ;00000000;00000;0000;                                                       ;00000000;00000;0000;                                                       ;00000000;00000;0000;                                                       ;00000000;00000;0000;                                                       ;00000000;00000;0000;                                                       ;00000000;00000;0000;                                                       ;00000000;00000;0000;                                                       ;00000000;00000;0000;                                                       ;00000000;00000;0000;                                                       ;00000000;00000;0000;                                                       ;00000000;00000;0000;                                                       ;00000000;00000;0000;                                                       ;00000000;00000;0000;                                                       ;00000000;00000;0000;                                                       ;00000000;00000;0000;                                                       ;00000000;00000;0000;                                                       ;00000000;00000;0000;                                                       ;00000000;00000;0000;                                                       ;00000000;00000;0000;                                                       ;00000000;00000;0000;                                                       ;00000000;00000;0000;                                                       ;00000000;00000;0000;                                                       ;00000000;00000;0000;                                                       ;00000000;00000;0000;                                                       ;00000000;00000;0000;                                                       ;00000000;00000;0000;                                                       ;00000000;00000;0000;                                                       ;00000000;00000;0000;                                                       ;00000000;00000;0000;                                                       ;00000000;00000;0000;                                                       ;00000000;00000;0000;                                                       ;00000000;00000;0000;                                                       ;00000000;00000;0000;                                                       ;00000000;00000;
2406100033;08;09;9;058;99;Buniel                                            ;99;99;00001;00000441;00000441;10000;00000255;05782;00000186;04217;00000004;00160;00000006;00235;0022;PP                                                     ;00000098;03935;0017;PSOE                                                   ;00000060;02409;0021;VOX                                                    ;00000038;01526;0042;AGRUPACIÓN DE ELECTORES "SE ACABÓ LA FIESTA"           ;00000015;00602;0032;SUMAR                                                  ;00000010;00401;0025;PODEMOS                                                ;00000007;00281;0010;AHORA REPÚBLICAS (ERC-EH BILDU-BNG-ARA MÉS)            ;00000004;00160;0046;Cs                                                     ;00000004;00160;0026;PFAC                                                   ;00000002;00080;0072;EXISTE                                                 ;00000002;00080;0001;IZQESP                                                 ;00000001;00040;0020;IE                                                     ;00000001;00040;0027;PCTE                                                   ;00000001;00040;0039;PACMA                                                  ;00000001;00040;0048;SAE                                                    ;00000001;00040;0002;CEUS                                                   ;00000000;00000;0009;FO                                                     ;00000000;00000;0060;JUNTS UE                                               ;00000000;00000;0019;ANDALUCISTAS                                           ;00000000;00000;0023;ESCAÑOS EN BLANCO                                      ;00000000;00000;0024;CRT                                                    ;00000000;00000;0029;PCPE/PCPC                                              ;00000000;00000;0040;CREE EN EUROPA                                         ;00000000;00000;0041;PMR                                                    ;00000000;00000;0043;F                                                      ;00000000;00000;0047;FE de las JONS                                         ;00000000;00000;0049;J.U.E.X.                                               ;00000000;00000;0050;PH                                                     ;00000000;00000;0051;VOLT                                                   ;00000000;00000;0052;RECORTES CERO                                          ;00000000;00000;0063;EXTREMEÑOS                                             ;00000000;00000;0064;GLG                                                    ;00000000;00000;0065;PIRATAS / REBELDES                                     ;00000000;00000;0070;PREPAL                                                 ;00000000;00000;0000;                                                       ;00000000;00000;0000;                                                       ;00000000;00000;0000;                                                       ;00000000;00000;0000;                                                       ;00000000;00000;0000;                                                       ;00000000;00000;0000;                                                       ;00000000;00000;0000;                                                       ;00000000;00000;0000;                                                       ;00000000;00000;0000;                                                       ;00000000;00000;0000;                                                       ;00000000;00000;0000;                                                       ;00000000;00000;0000;                                                       ;00000000;00000;0000;                                                       ;00000000;00000;0000;                                                       ;00000000;00000;0000;                                                       ;00000000;00000;0000;                                                       ;00000000;00000;0000;                                                       ;00000000;00000;0000;                                                       ;00000000;00000;0000;                                                       ;00000000;00000;0000;                                                       ;00000000;00000;0000;                                                       ;00000000;00000;0000;                                                       ;00000000;00000;0000;                                                       ;00000000;00000;0000;                                                       ;00000000;00000;0000;                                                       ;00000000;00000;0000;                                                       ;00000000;00000;0000;                                                       ;00000000;00000;0000;                                                       ;00000000;00000;0000;                                                       ;00000000;00000;0000;                                                       ;00000000;00000;0000;                                                       ;00000000;00000;0000;                                                       ;00000000;00000;0000;                                                       ;00000000;00000;0000;                                                       ;00000000;00000;0000;                                                       ;00000000;00000;0000;                                                       ;00000000;00000;0000;                                                       ;00000000;00000;0000;                                                       ;00000000;00000;0000;                                                       ;00000000;00000;0000;                                                       ;00000000;00000;0000;                                                       ;00000000;00000;0000;                                                       ;00000000;00000;0000;                                                       ;00000000;00000;0000;                                                       ;00000000;00000;0000;                                                       ;00000000;00000;0000;                                                       ;00000000;00000;
2406100033;08;09;9;059;99;Burgos                                            ;99;99;00233;00135339;00135339;10000;00076625;05661;00058714;04338;00000839;00110;00000681;00088;0022;PP                                                     ;00032981;04342;0017;PSOE                                                   ;00023826;03137;0021;VOX                                                    ;00007244;00953;0042;AGRUPACIÓN DE ELECTORES "SE ACABÓ LA FIESTA"           ;00002941;00387;0032;SUMAR                                                  ;00002565;00337;0025;PODEMOS                                                ;00001903;00250;0046;Cs                                                     ;00000863;00113;0039;PACMA                                                  ;00000464;00061;0009;FO                                                     ;00000445;00058;0072;EXISTE                                                 ;00000309;00040;0001;IZQESP                                                 ;00000237;00031;0010;AHORA REPÚBLICAS (ERC-EH BILDU-BNG-ARA MÉS)            ;00000205;00026;0023;ESCAÑOS EN BLANCO                                      ;00000133;00017;0027;PCTE                                                   ;00000127;00016;0026;PFAC                                                   ;00000122;00016;0020;IE                                                     ;00000095;00012;0040;CREE EN EUROPA                                         ;00000082;00010;0051;VOLT                                                   ;00000074;00009;0048;SAE                                                    ;00000059;00007;0065;PIRATAS / REBELDES                                     ;00000059;00007;0047;FE de las JONS                                         ;00000048;00006;0043;F                                                      ;00000046;00006;0002;CEUS                                                   ;00000044;00005;0050;PH                                                     ;00000037;00004;0052;RECORTES CERO                                          ;00000034;00004;0029;PCPE/PCPC                                              ;00000031;00004;0024;CRT                                                    ;00000028;00003;0070;PREPAL                                                 ;00000027;00003;0041;PMR                                                    ;00000020;00002;0019;ANDALUCISTAS                                           ;00000018;00002;0064;GLG                                                    ;00000016;00002;0049;J.U.E.X.                                               ;00000011;00001;0063;EXTREMEÑOS                                             ;00000006;00001;0060;JUNTS UE                                               ;00000005;00001;0000;                                                       ;00000000;00000;0000;                                                       ;00000000;00000;0000;                                                       ;00000000;00000;0000;                                                       ;00000000;00000;0000;                                                       ;00000000;00000;0000;                                                       ;00000000;00000;0000;                                                       ;00000000;00000;0000;                                                       ;00000000;00000;0000;                                                       ;00000000;00000;0000;                                                       ;00000000;00000;0000;                                                       ;00000000;00000;0000;                                                       ;00000000;00000;0000;                                                       ;00000000;00000;0000;                                                       ;00000000;00000;0000;                                                       ;00000000;00000;0000;                                                       ;00000000;00000;0000;                                                       ;00000000;00000;0000;                                                       ;00000000;00000;0000;                                                       ;00000000;00000;0000;                                                       ;00000000;00000;0000;                                                       ;00000000;00000;0000;                                                       ;00000000;00000;0000;                                                       ;00000000;00000;0000;                                                       ;00000000;00000;0000;                                                       ;00000000;00000;0000;                                                       ;00000000;00000;0000;                                                       ;00000000;00000;0000;                                                       ;00000000;00000;0000;                                                       ;00000000;00000;0000;                                                       ;00000000;00000;0000;                                                       ;00000000;00000;0000;                                                       ;00000000;00000;0000;                                                       ;00000000;00000;0000;                                                       ;00000000;00000;0000;                                                       ;00000000;00000;0000;                                                       ;00000000;00000;0000;                                                       ;00000000;00000;0000;                                                       ;00000000;00000;0000;                                                       ;00000000;00000;0000;                                                       ;00000000;00000;0000;                                                       ;00000000;00000;0000;                                                       ;00000000;00000;0000;                                                       ;00000000;00000;0000;                                                       ;00000000;00000;0000;                                                       ;00000000;00000;0000;                                                       ;00000000;00000;
2406100033;08;09;9;060;99;Busto de Bureba                                   ;99;99;00001;00000134;00000134;10000;00000098;07313;00000036;02686;00000001;00102;00000000;00000;0022;PP                                                     ;00000042;04285;0017;PSOE                                                   ;00000024;02448;0021;VOX                                                    ;00000017;01734;0025;PODEMOS                                                ;00000004;00408;0032;SUMAR                                                  ;00000003;00306;0042;AGRUPACIÓN DE ELECTORES "SE ACABÓ LA FIESTA"           ;00000002;00204;0046;Cs                                                     ;00000002;00204;0009;FO                                                     ;00000001;00102;0010;AHORA REPÚBLICAS (ERC-EH BILDU-BNG-ARA MÉS)            ;00000001;00102;0020;IE                                                     ;00000001;00102;0001;IZQESP                                                 ;00000000;00000;0002;CEUS                                                   ;00000000;00000;0060;JUNTS UE                                               ;00000000;00000;0019;ANDALUCISTAS                                           ;00000000;00000;0023;ESCAÑOS EN BLANCO                                      ;00000000;00000;0024;CRT                                                    ;00000000;00000;0026;PFAC                                                   ;00000000;00000;0027;PCTE                                                   ;00000000;00000;0029;PCPE/PCPC                                              ;00000000;00000;0039;PACMA                                                  ;00000000;00000;0040;CREE EN EUROPA                                         ;00000000;00000;0041;PMR                                                    ;00000000;00000;0043;F                                                      ;00000000;00000;0072;EXISTE                                                 ;00000000;00000;0047;FE de las JONS                                         ;00000000;00000;0048;SAE                                                    ;00000000;00000;0049;J.U.E.X.                                               ;00000000;00000;0050;PH                                                     ;00000000;00000;0051;VOLT                                                   ;00000000;00000;0052;RECORTES CERO                                          ;00000000;00000;0063;EXTREMEÑOS                                             ;00000000;00000;0064;GLG                                                    ;00000000;00000;0065;PIRATAS / REBELDES                                     ;00000000;00000;0070;PREPAL                                                 ;00000000;00000;0000;                                                       ;00000000;00000;0000;                                                       ;00000000;00000;0000;                                                       ;00000000;00000;0000;                                                       ;00000000;00000;0000;                                                       ;00000000;00000;0000;                                                       ;00000000;00000;0000;                                                       ;00000000;00000;0000;                                                       ;00000000;00000;0000;                                                       ;00000000;00000;0000;                                                       ;00000000;00000;0000;                                                       ;00000000;00000;0000;                                                       ;00000000;00000;0000;                                                       ;00000000;00000;0000;                                                       ;00000000;00000;0000;                                                       ;00000000;00000;0000;                                                       ;00000000;00000;0000;                                                       ;00000000;00000;0000;                                                       ;00000000;00000;0000;                                                       ;00000000;00000;0000;                                                       ;00000000;00000;0000;                                                       ;00000000;00000;0000;                                                       ;00000000;00000;0000;                                                       ;00000000;00000;0000;                                                       ;00000000;00000;0000;                                                       ;00000000;00000;0000;                                                       ;00000000;00000;0000;                                                       ;00000000;00000;0000;                                                       ;00000000;00000;0000;                                                       ;00000000;00000;0000;                                                       ;00000000;00000;0000;                                                       ;00000000;00000;0000;                                                       ;00000000;00000;0000;                                                       ;00000000;00000;0000;                                                       ;00000000;00000;0000;                                                       ;00000000;00000;0000;                                                       ;00000000;00000;0000;                                                       ;00000000;00000;0000;                                                       ;00000000;00000;0000;                                                       ;00000000;00000;0000;                                                       ;00000000;00000;0000;                                                       ;00000000;00000;0000;                                                       ;00000000;00000;0000;                                                       ;00000000;00000;0000;                                                       ;00000000;00000;0000;                                                       ;00000000;00000;0000;                                                       ;00000000;00000;
2406100033;08;09;9;061;99;Cabañes de Esgueva                                ;99;99;00001;00000135;00000135;10000;00000102;07555;00000033;02444;00000000;00000;00000000;00000;0022;PP                                                     ;00000075;07352;0021;VOX                                                    ;00000015;01470;0017;PSOE                                                   ;00000005;00490;0042;AGRUPACIÓN DE ELECTORES "SE ACABÓ LA FIESTA"           ;00000005;00490;0025;PODEMOS                                                ;00000001;00098;0048;SAE                                                    ;00000001;00098;0001;IZQESP                                                 ;00000000;00000;0002;CEUS                                                   ;00000000;00000;0009;FO                                                     ;00000000;00000;0010;AHORA REPÚBLICAS (ERC-EH BILDU-BNG-ARA MÉS)            ;00000000;00000;0060;JUNTS UE                                               ;00000000;00000;0019;ANDALUCISTAS                                           ;00000000;00000;0020;IE                                                     ;00000000;00000;0023;ESCAÑOS EN BLANCO                                      ;00000000;00000;0024;CRT                                                    ;00000000;00000;0026;PFAC                                                   ;00000000;00000;0027;PCTE                                                   ;00000000;00000;0029;PCPE/PCPC                                              ;00000000;00000;0032;SUMAR                                                  ;00000000;00000;0039;PACMA                                                  ;00000000;00000;0040;CREE EN EUROPA                                         ;00000000;00000;0041;PMR                                                    ;00000000;00000;0043;F                                                      ;00000000;00000;0072;EXISTE                                                 ;00000000;00000;0046;Cs                                                     ;00000000;00000;0047;FE de las JONS                                         ;00000000;00000;0049;J.U.E.X.                                               ;00000000;00000;0050;PH                                                     ;00000000;00000;0051;VOLT                                                   ;00000000;00000;0052;RECORTES CERO                                          ;00000000;00000;0063;EXTREMEÑOS                                             ;00000000;00000;0064;GLG                                                    ;00000000;00000;0065;PIRATAS / REBELDES                                     ;00000000;00000;0070;PREPAL                                                 ;00000000;00000;0000;                                                       ;00000000;00000;0000;                                                       ;00000000;00000;0000;                                                       ;00000000;00000;0000;                                                       ;00000000;00000;0000;                                                       ;00000000;00000;0000;                                                       ;00000000;00000;0000;                                                       ;00000000;00000;0000;                                                       ;00000000;00000;0000;                                                       ;00000000;00000;0000;                                                       ;00000000;00000;0000;                                                       ;00000000;00000;0000;                                                       ;00000000;00000;0000;                                                       ;00000000;00000;0000;                                                       ;00000000;00000;0000;                                                       ;00000000;00000;0000;                                                       ;00000000;00000;0000;                                                       ;00000000;00000;0000;                                                       ;00000000;00000;0000;                                                       ;00000000;00000;0000;                                                       ;00000000;00000;0000;                                                       ;00000000;00000;0000;                                                       ;00000000;00000;0000;                                                       ;00000000;00000;0000;                                                       ;00000000;00000;0000;                                                       ;00000000;00000;0000;                                                       ;00000000;00000;0000;                                                       ;00000000;00000;0000;                                                       ;00000000;00000;0000;                                                       ;00000000;00000;0000;                                                       ;00000000;00000;0000;                                                       ;00000000;00000;0000;                                                       ;00000000;00000;0000;                                                       ;00000000;00000;0000;                                                       ;00000000;00000;0000;                                                       ;00000000;00000;0000;                                                       ;00000000;00000;0000;                                                       ;00000000;00000;0000;                                                       ;00000000;00000;0000;                                                       ;00000000;00000;0000;                                                       ;00000000;00000;0000;                                                       ;00000000;00000;0000;                                                       ;00000000;00000;0000;                                                       ;00000000;00000;0000;                                                       ;00000000;00000;0000;                                                       ;00000000;00000;0000;                                                       ;00000000;00000;
2406100033;08;09;9;062;99;Cabezón de la Sierra                              ;99;99;00001;00000036;00000036;10000;00000032;08888;00000004;01111;00000000;00000;00000000;00000;0022;PP                                                     ;00000016;05000;0017;PSOE                                                   ;00000010;03125;0021;VOX                                                    ;00000004;01250;0032;SUMAR                                                  ;00000001;00312;0042;AGRUPACIÓN DE ELECTORES "SE ACABÓ LA FIESTA"           ;00000001;00312;0001;IZQESP                                                 ;00000000;00000;0002;CEUS                                                   ;00000000;00000;0009;FO                                                     ;00000000;00000;0010;AHORA REPÚBLICAS (ERC-EH BILDU-BNG-ARA MÉS)            ;00000000;00000;0060;JUNTS UE                                               ;00000000;00000;0019;ANDALUCISTAS                                           ;00000000;00000;0020;IE                                                     ;00000000;00000;0023;ESCAÑOS EN BLANCO                                      ;00000000;00000;0024;CRT                                                    ;00000000;00000;0025;PODEMOS                                                ;00000000;00000;0026;PFAC                                                   ;00000000;00000;0027;PCTE                                                   ;00000000;00000;0029;PCPE/PCPC                                              ;00000000;00000;0039;PACMA                                                  ;00000000;00000;0040;CREE EN EUROPA                                         ;00000000;00000;0041;PMR                                                    ;00000000;00000;0043;F                                                      ;00000000;00000;0072;EXISTE                                                 ;00000000;00000;0046;Cs                                                     ;00000000;00000;0047;FE de las JONS                                         ;00000000;00000;0048;SAE                                                    ;00000000;00000;0049;J.U.E.X.                                               ;00000000;00000;0050;PH                                                     ;00000000;00000;0051;VOLT                                                   ;00000000;00000;0052;RECORTES CERO                                          ;00000000;00000;0063;EXTREMEÑOS                                             ;00000000;00000;0064;GLG                                                    ;00000000;00000;0065;PIRATAS / REBELDES                                     ;00000000;00000;0070;PREPAL                                                 ;00000000;00000;0000;                                                       ;00000000;00000;0000;                                                       ;00000000;00000;0000;                                                       ;00000000;00000;0000;                                                       ;00000000;00000;0000;                                                       ;00000000;00000;0000;                                                       ;00000000;00000;0000;                                                       ;00000000;00000;0000;                                                       ;00000000;00000;0000;                                                       ;00000000;00000;0000;                                                       ;00000000;00000;0000;                                                       ;00000000;00000;0000;                                                       ;00000000;00000;0000;                                                       ;00000000;00000;0000;                                                       ;00000000;00000;0000;                                                       ;00000000;00000;0000;                                                       ;00000000;00000;0000;                                                       ;00000000;00000;0000;                                                       ;00000000;00000;0000;                                                       ;00000000;00000;0000;                                                       ;00000000;00000;0000;                                                       ;00000000;00000;0000;                                                       ;00000000;00000;0000;                                                       ;00000000;00000;0000;                                                       ;00000000;00000;0000;                                                       ;00000000;00000;0000;                                                       ;00000000;00000;0000;                                                       ;00000000;00000;0000;                                                       ;00000000;00000;0000;                                                       ;00000000;00000;0000;                                                       ;00000000;00000;0000;                                                       ;00000000;00000;0000;                                                       ;00000000;00000;0000;                                                       ;00000000;00000;0000;                                                       ;00000000;00000;0000;                                                       ;00000000;00000;0000;                                                       ;00000000;00000;0000;                                                       ;00000000;00000;0000;                                                       ;00000000;00000;0000;                                                       ;00000000;00000;0000;                                                       ;00000000;00000;0000;                                                       ;00000000;00000;0000;                                                       ;00000000;00000;0000;                                                       ;00000000;00000;0000;                                                       ;00000000;00000;0000;                                                       ;00000000;00000;0000;                                                       ;00000000;00000;
2406100033;08;09;9;063;99;Cavia                                             ;99;99;00001;00000218;00000218;10000;00000149;06834;00000069;03165;00000000;00000;00000000;00000;0022;PP                                                     ;00000087;05838;0021;VOX                                                    ;00000029;01946;0017;PSOE                                                   ;00000014;00939;0042;AGRUPACIÓN DE ELECTORES "SE ACABÓ LA FIESTA"           ;00000011;00738;0020;IE                                                     ;00000002;00134;0009;FO                                                     ;00000001;00067;0023;ESCAÑOS EN BLANCO                                      ;00000001;00067;0025;PODEMOS                                                ;00000001;00067;0027;PCTE                                                   ;00000001;00067;0032;SUMAR                                                  ;00000001;00067;0048;SAE                                                    ;00000001;00067;0001;IZQESP                                                 ;00000000;00000;0002;CEUS                                                   ;00000000;00000;0010;AHORA REPÚBLICAS (ERC-EH BILDU-BNG-ARA MÉS)            ;00000000;00000;0060;JUNTS UE                                               ;00000000;00000;0019;ANDALUCISTAS                                           ;00000000;00000;0024;CRT                                                    ;00000000;00000;0026;PFAC                                                   ;00000000;00000;0029;PCPE/PCPC                                              ;00000000;00000;0039;PACMA                                                  ;00000000;00000;0040;CREE EN EUROPA                                         ;00000000;00000;0041;PMR                                                    ;00000000;00000;0043;F                                                      ;00000000;00000;0072;EXISTE                                                 ;00000000;00000;0046;Cs                                                     ;00000000;00000;0047;FE de las JONS                                         ;00000000;00000;0049;J.U.E.X.                                               ;00000000;00000;0050;PH                                                     ;00000000;00000;0051;VOLT                                                   ;00000000;00000;0052;RECORTES CERO                                          ;00000000;00000;0063;EXTREMEÑOS                                             ;00000000;00000;0064;GLG                                                    ;00000000;00000;0065;PIRATAS / REBELDES                                     ;00000000;00000;0070;PREPAL                                                 ;00000000;00000;0000;                                                       ;00000000;00000;0000;                                                       ;00000000;00000;0000;                                                       ;00000000;00000;0000;                                                       ;00000000;00000;0000;                                                       ;00000000;00000;0000;                                                       ;00000000;00000;0000;                                                       ;00000000;00000;0000;                                                       ;00000000;00000;0000;                                                       ;00000000;00000;0000;                                                       ;00000000;00000;0000;                                                       ;00000000;00000;0000;                                                       ;00000000;00000;0000;                                                       ;00000000;00000;0000;                                                       ;00000000;00000;0000;                                                       ;00000000;00000;0000;                                                       ;00000000;00000;0000;                                                       ;00000000;00000;0000;                                                       ;00000000;00000;0000;                                                       ;00000000;00000;0000;                                                       ;00000000;00000;0000;                                                       ;00000000;00000;0000;                                                       ;00000000;00000;0000;                                                       ;00000000;00000;0000;                                                       ;00000000;00000;0000;                                                       ;00000000;00000;0000;                                                       ;00000000;00000;0000;                                                       ;00000000;00000;0000;                                                       ;00000000;00000;0000;                                                       ;00000000;00000;0000;                                                       ;00000000;00000;0000;                                                       ;00000000;00000;0000;                                                       ;00000000;00000;0000;                                                       ;00000000;00000;0000;                                                       ;00000000;00000;0000;                                                       ;00000000;00000;0000;                                                       ;00000000;00000;0000;                                                       ;00000000;00000;0000;                                                       ;00000000;00000;0000;                                                       ;00000000;00000;0000;                                                       ;00000000;00000;0000;                                                       ;00000000;00000;0000;                                                       ;00000000;00000;0000;                                                       ;00000000;00000;0000;                                                       ;00000000;00000;0000;                                                       ;00000000;00000;0000;                                                       ;00000000;00000;
2406100033;08;09;9;064;99;Caleruega                                         ;99;99;00001;00000271;00000271;10000;00000157;05793;00000114;04206;00000004;00258;00000002;00127;0022;PP                                                     ;00000082;05290;0017;PSOE                                                   ;00000028;01806;0021;VOX                                                    ;00000019;01225;0042;AGRUPACIÓN DE ELECTORES "SE ACABÓ LA FIESTA"           ;00000009;00580;0046;Cs                                                     ;00000003;00193;0023;ESCAÑOS EN BLANCO                                      ;00000002;00129;0032;SUMAR                                                  ;00000002;00129;0002;CEUS                                                   ;00000001;00064;0025;PODEMOS                                                ;00000001;00064;0039;PACMA                                                  ;00000001;00064;0040;CREE EN EUROPA                                         ;00000001;00064;0072;EXISTE                                                 ;00000001;00064;0064;GLG                                                    ;00000001;00064;0001;IZQESP                                                 ;00000000;00000;0009;FO                                                     ;00000000;00000;0010;AHORA REPÚBLICAS (ERC-EH BILDU-BNG-ARA MÉS)            ;00000000;00000;0060;JUNTS UE                                               ;00000000;00000;0019;ANDALUCISTAS                                           ;00000000;00000;0020;IE                                                     ;00000000;00000;0024;CRT                                                    ;00000000;00000;0026;PFAC                                                   ;00000000;00000;0027;PCTE                                                   ;00000000;00000;0029;PCPE/PCPC                                              ;00000000;00000;0041;PMR                                                    ;00000000;00000;0043;F                                                      ;00000000;00000;0047;FE de las JONS                                         ;00000000;00000;0048;SAE                                                    ;00000000;00000;0049;J.U.E.X.                                               ;00000000;00000;0050;PH                                                     ;00000000;00000;0051;VOLT                                                   ;00000000;00000;0052;RECORTES CERO                                          ;00000000;00000;0063;EXTREMEÑOS                                             ;00000000;00000;0065;PIRATAS / REBELDES                                     ;00000000;00000;0070;PREPAL                                                 ;00000000;00000;0000;                                                       ;00000000;00000;0000;                                                       ;00000000;00000;0000;                                                       ;00000000;00000;0000;                                                       ;00000000;00000;0000;                                                       ;00000000;00000;0000;                                                       ;00000000;00000;0000;                                                       ;00000000;00000;0000;                                                       ;00000000;00000;0000;                                                       ;00000000;00000;0000;                                                       ;00000000;00000;0000;                                                       ;00000000;00000;0000;                                                       ;00000000;00000;0000;                                                       ;00000000;00000;0000;                                                       ;00000000;00000;0000;                                                       ;00000000;00000;0000;                                                       ;00000000;00000;0000;                                                       ;00000000;00000;0000;                                                       ;00000000;00000;0000;                                                       ;00000000;00000;0000;                                                       ;00000000;00000;0000;                                                       ;00000000;00000;0000;                                                       ;00000000;00000;0000;                                                       ;00000000;00000;0000;                                                       ;00000000;00000;0000;                                                       ;00000000;00000;0000;                                                       ;00000000;00000;0000;                                                       ;00000000;00000;0000;                                                       ;00000000;00000;0000;                                                       ;00000000;00000;0000;                                                       ;00000000;00000;0000;                                                       ;00000000;00000;0000;                                                       ;00000000;00000;0000;                                                       ;00000000;00000;0000;                                                       ;00000000;00000;0000;                                                       ;00000000;00000;0000;                                                       ;00000000;00000;0000;                                                       ;00000000;00000;0000;                                                       ;00000000;00000;0000;                                                       ;00000000;00000;0000;                                                       ;00000000;00000;0000;                                                       ;00000000;00000;0000;                                                       ;00000000;00000;0000;                                                       ;00000000;00000;0000;                                                       ;00000000;00000;0000;                                                       ;00000000;00000;0000;                                                       ;00000000;00000;
2406100033;08;09;9;065;99;Campillo de Aranda                                ;99;99;00001;00000121;00000121;10000;00000084;06942;00000037;03057;00000001;00119;00000000;00000;0022;PP                                                     ;00000040;04761;0017;PSOE                                                   ;00000023;02738;0021;VOX                                                    ;00000008;00952;0032;SUMAR                                                  ;00000003;00357;0042;AGRUPACIÓN DE ELECTORES "SE ACABÓ LA FIESTA"           ;00000003;00357;0002;CEUS                                                   ;00000001;00119;0009;FO                                                     ;00000001;00119;0025;PODEMOS                                                ;00000001;00119;0027;PCTE                                                   ;00000001;00119;0039;PACMA                                                  ;00000001;00119;0046;Cs                                                     ;00000001;00119;0001;IZQESP                                                 ;00000000;00000;0010;AHORA REPÚBLICAS (ERC-EH BILDU-BNG-ARA MÉS)            ;00000000;00000;0060;JUNTS UE                                               ;00000000;00000;0019;ANDALUCISTAS                                           ;00000000;00000;0020;IE                                                     ;00000000;00000;0023;ESCAÑOS EN BLANCO                                      ;00000000;00000;0024;CRT                                                    ;00000000;00000;0026;PFAC                                                   ;00000000;00000;0029;PCPE/PCPC                                              ;00000000;00000;0040;CREE EN EUROPA                                         ;00000000;00000;0041;PMR                                                    ;00000000;00000;0043;F                                                      ;00000000;00000;0072;EXISTE                                                 ;00000000;00000;0047;FE de las JONS                                         ;00000000;00000;0048;SAE                                                    ;00000000;00000;0049;J.U.E.X.                                               ;00000000;00000;0050;PH                                                     ;00000000;00000;0051;VOLT                                                   ;00000000;00000;0052;RECORTES CERO                                          ;00000000;00000;0063;EXTREMEÑOS                                             ;00000000;00000;0064;GLG                                                    ;00000000;00000;0065;PIRATAS / REBELDES                                     ;00000000;00000;0070;PREPAL                                                 ;00000000;00000;0000;                                                       ;00000000;00000;0000;                                                       ;00000000;00000;0000;                                                       ;00000000;00000;0000;                                                       ;00000000;00000;0000;                                                       ;00000000;00000;0000;                                                       ;00000000;00000;0000;                                                       ;00000000;00000;0000;                                                       ;00000000;00000;0000;                                                       ;00000000;00000;0000;                                                       ;00000000;00000;0000;                                                       ;00000000;00000;0000;                                                       ;00000000;00000;0000;                                                       ;00000000;00000;0000;                                                       ;00000000;00000;0000;                                                       ;00000000;00000;0000;                                                       ;00000000;00000;0000;                                                       ;00000000;00000;0000;                                                       ;00000000;00000;0000;                                                       ;00000000;00000;0000;                                                       ;00000000;00000;0000;                                                       ;00000000;00000;0000;                                                       ;00000000;00000;0000;                                                       ;00000000;00000;0000;                                                       ;00000000;00000;0000;                                                       ;00000000;00000;0000;                                                       ;00000000;00000;0000;                                                       ;00000000;00000;0000;                                                       ;00000000;00000;0000;                                                       ;00000000;00000;0000;                                                       ;00000000;00000;0000;                                                       ;00000000;00000;0000;                                                       ;00000000;00000;0000;                                                       ;00000000;00000;0000;                                                       ;00000000;00000;0000;                                                       ;00000000;00000;0000;                                                       ;00000000;00000;0000;                                                       ;00000000;00000;0000;                                                       ;00000000;00000;0000;                                                       ;00000000;00000;0000;                                                       ;00000000;00000;0000;                                                       ;00000000;00000;0000;                                                       ;00000000;00000;0000;                                                       ;00000000;00000;0000;                                                       ;00000000;00000;0000;                                                       ;00000000;00000;0000;                                                       ;00000000;00000;
2406100033;08;09;9;066;99;Campolara                                         ;99;99;00001;00000046;00000046;10000;00000031;06739;00000015;03260;00000000;00000;00000000;00000;0017;PSOE                                                   ;00000010;03225;0022;PP                                                     ;00000009;02903;0042;AGRUPACIÓN DE ELECTORES "SE ACABÓ LA FIESTA"           ;00000004;01290;0009;FO                                                     ;00000001;00322;0021;VOX                                                    ;00000001;00322;0024;CRT                                                    ;00000001;00322;0032;SUMAR                                                  ;00000001;00322;0040;CREE EN EUROPA                                         ;00000001;00322;0072;EXISTE                                                 ;00000001;00322;0046;Cs                                                     ;00000001;00322;0065;PIRATAS / REBELDES                                     ;00000001;00322;0001;IZQESP                                                 ;00000000;00000;0002;CEUS                                                   ;00000000;00000;0010;AHORA REPÚBLICAS (ERC-EH BILDU-BNG-ARA MÉS)            ;00000000;00000;0060;JUNTS UE                                               ;00000000;00000;0019;ANDALUCISTAS                                           ;00000000;00000;0020;IE                                                     ;00000000;00000;0023;ESCAÑOS EN BLANCO                                      ;00000000;00000;0025;PODEMOS                                                ;00000000;00000;0026;PFAC                                                   ;00000000;00000;0027;PCTE                                                   ;00000000;00000;0029;PCPE/PCPC                                              ;00000000;00000;0039;PACMA                                                  ;00000000;00000;0041;PMR                                                    ;00000000;00000;0043;F                                                      ;00000000;00000;0047;FE de las JONS                                         ;00000000;00000;0048;SAE                                                    ;00000000;00000;0049;J.U.E.X.                                               ;00000000;00000;0050;PH                                                     ;00000000;00000;0051;VOLT                                                   ;00000000;00000;0052;RECORTES CERO                                          ;00000000;00000;0063;EXTREMEÑOS                                             ;00000000;00000;0064;GLG                                                    ;00000000;00000;0070;PREPAL                                                 ;00000000;00000;0000;                                                       ;00000000;00000;0000;                                                       ;00000000;00000;0000;                                                       ;00000000;00000;0000;                                                       ;00000000;00000;0000;                                                       ;00000000;00000;0000;                                                       ;00000000;00000;0000;                                                       ;00000000;00000;0000;                                                       ;00000000;00000;0000;                                                       ;00000000;00000;0000;                                                       ;00000000;00000;0000;                                                       ;00000000;00000;0000;                                                       ;00000000;00000;0000;                                                       ;00000000;00000;0000;                                                       ;00000000;00000;0000;                                                       ;00000000;00000;0000;                                                       ;00000000;00000;0000;                                                       ;00000000;00000;0000;                                                       ;00000000;00000;0000;                                                       ;00000000;00000;0000;                                                       ;00000000;00000;0000;                                                       ;00000000;00000;0000;                                                       ;00000000;00000;0000;                                                       ;00000000;00000;0000;                                                       ;00000000;00000;0000;                                                       ;00000000;00000;0000;                                                       ;00000000;00000;0000;                                                       ;00000000;00000;0000;                                                       ;00000000;00000;0000;                                                       ;00000000;00000;0000;                                                       ;00000000;00000;0000;                                                       ;00000000;00000;0000;                                                       ;00000000;00000;0000;                                                       ;00000000;00000;0000;                                                       ;00000000;00000;0000;                                                       ;00000000;00000;0000;                                                       ;00000000;00000;0000;                                                       ;00000000;00000;0000;                                                       ;00000000;00000;0000;                                                       ;00000000;00000;0000;                                                       ;00000000;00000;0000;                                                       ;00000000;00000;0000;                                                       ;00000000;00000;0000;                                                       ;00000000;00000;0000;                                                       ;00000000;00000;0000;                                                       ;00000000;00000;0000;                                                       ;00000000;00000;
2406100033;08;09;9;067;99;Canicosa de la Sierra                             ;99;99;00001;00000365;00000365;10000;00000187;05123;00000178;04876;00000002;00109;00000004;00213;0022;PP                                                     ;00000119;06502;0017;PSOE                                                   ;00000036;01967;0021;VOX                                                    ;00000009;00491;0042;AGRUPACIÓN DE ELECTORES "SE ACABÓ LA FIESTA"           ;00000008;00437;0009;FO                                                     ;00000002;00109;0010;AHORA REPÚBLICAS (ERC-EH BILDU-BNG-ARA MÉS)            ;00000001;00054;0023;ESCAÑOS EN BLANCO                                      ;00000001;00054;0025;PODEMOS                                                ;00000001;00054;0039;PACMA                                                  ;00000001;00054;0041;PMR                                                    ;00000001;00054;0046;Cs                                                     ;00000001;00054;0049;J.U.E.X.                                               ;00000001;00054;0001;IZQESP                                                 ;00000000;00000;0002;CEUS                                                   ;00000000;00000;0060;JUNTS UE                                               ;00000000;00000;0019;ANDALUCISTAS                                           ;00000000;00000;0020;IE                                                     ;00000000;00000;0024;CRT                                                    ;00000000;00000;0026;PFAC                                                   ;00000000;00000;0027;PCTE                                                   ;00000000;00000;0029;PCPE/PCPC                                              ;00000000;00000;0032;SUMAR                                                  ;00000000;00000;0040;CREE EN EUROPA                                         ;00000000;00000;0043;F                                                      ;00000000;00000;0072;EXISTE                                                 ;00000000;00000;0047;FE de las JONS                                         ;00000000;00000;0048;SAE                                                    ;00000000;00000;0050;PH                                                     ;00000000;00000;0051;VOLT                                                   ;00000000;00000;0052;RECORTES CERO                                          ;00000000;00000;0063;EXTREMEÑOS                                             ;00000000;00000;0064;GLG                                                    ;00000000;00000;0065;PIRATAS / REBELDES                                     ;00000000;00000;0070;PREPAL                                                 ;00000000;00000;0000;                                                       ;00000000;00000;0000;                                                       ;00000000;00000;0000;                                                       ;00000000;00000;0000;                                                       ;00000000;00000;0000;                                                       ;00000000;00000;0000;                                                       ;00000000;00000;0000;                                                       ;00000000;00000;0000;                                                       ;00000000;00000;0000;                                                       ;00000000;00000;0000;                                                       ;00000000;00000;0000;                                                       ;00000000;00000;0000;                                                       ;00000000;00000;0000;                                                       ;00000000;00000;0000;                                                       ;00000000;00000;0000;                                                       ;00000000;00000;0000;                                                       ;00000000;00000;0000;                                                       ;00000000;00000;0000;                                                       ;00000000;00000;0000;                                                       ;00000000;00000;0000;                                                       ;00000000;00000;0000;                                                       ;00000000;00000;0000;                                                       ;00000000;00000;0000;                                                       ;00000000;00000;0000;                                                       ;00000000;00000;0000;                                                       ;00000000;00000;0000;                                                       ;00000000;00000;0000;                                                       ;00000000;00000;0000;                                                       ;00000000;00000;0000;                                                       ;00000000;00000;0000;                                                       ;00000000;00000;0000;                                                       ;00000000;00000;0000;                                                       ;00000000;00000;0000;                                                       ;00000000;00000;0000;                                                       ;00000000;00000;0000;                                                       ;00000000;00000;0000;                                                       ;00000000;00000;0000;                                                       ;00000000;00000;0000;                                                       ;00000000;00000;0000;                                                       ;00000000;00000;0000;                                                       ;00000000;00000;0000;                                                       ;00000000;00000;0000;                                                       ;00000000;00000;0000;                                                       ;00000000;00000;0000;                                                       ;00000000;00000;0000;                                                       ;00000000;00000;0000;                                                       ;00000000;00000;
2406100033;08;09;9;068;99;Cantabrana                                        ;99;99;00001;00000022;00000022;10000;00000016;07272;00000006;02727;00000001;00625;00000000;00000;0017;PSOE                                                   ;00000007;04375;0022;PP                                                     ;00000004;02500;0010;AHORA REPÚBLICAS (ERC-EH BILDU-BNG-ARA MÉS)            ;00000001;00625;0025;PODEMOS                                                ;00000001;00625;0032;SUMAR                                                  ;00000001;00625;0046;Cs                                                     ;00000001;00625;0001;IZQESP                                                 ;00000000;00000;0002;CEUS                                                   ;00000000;00000;0009;FO                                                     ;00000000;00000;0060;JUNTS UE                                               ;00000000;00000;0019;ANDALUCISTAS                                           ;00000000;00000;0020;IE                                                     ;00000000;00000;0021;VOX                                                    ;00000000;00000;0023;ESCAÑOS EN BLANCO                                      ;00000000;00000;0024;CRT                                                    ;00000000;00000;0026;PFAC                                                   ;00000000;00000;0027;PCTE                                                   ;00000000;00000;0029;PCPE/PCPC                                              ;00000000;00000;0039;PACMA                                                  ;00000000;00000;0040;CREE EN EUROPA                                         ;00000000;00000;0041;PMR                                                    ;00000000;00000;0042;AGRUPACIÓN DE ELECTORES "SE ACABÓ LA FIESTA"           ;00000000;00000;0043;F                                                      ;00000000;00000;0072;EXISTE                                                 ;00000000;00000;0047;FE de las JONS                                         ;00000000;00000;0048;SAE                                                    ;00000000;00000;0049;J.U.E.X.                                               ;00000000;00000;0050;PH                                                     ;00000000;00000;0051;VOLT                                                   ;00000000;00000;0052;RECORTES CERO                                          ;00000000;00000;0063;EXTREMEÑOS                                             ;00000000;00000;0064;GLG                                                    ;00000000;00000;0065;PIRATAS / REBELDES                                     ;00000000;00000;0070;PREPAL                                                 ;00000000;00000;0000;                                                       ;00000000;00000;0000;                                                       ;00000000;00000;0000;                                                       ;00000000;00000;0000;                                                       ;00000000;00000;0000;                                                       ;00000000;00000;0000;                                                       ;00000000;00000;0000;                                                       ;00000000;00000;0000;                                                       ;00000000;00000;0000;                                                       ;00000000;00000;0000;                                                       ;00000000;00000;0000;                                                       ;00000000;00000;0000;                                                       ;00000000;00000;0000;                                                       ;00000000;00000;0000;                                                       ;00000000;00000;0000;                                                       ;00000000;00000;0000;                                                       ;00000000;00000;0000;                                                       ;00000000;00000;0000;                                                       ;00000000;00000;0000;                                                       ;00000000;00000;0000;                                                       ;00000000;00000;0000;                                                       ;00000000;00000;0000;                                                       ;00000000;00000;0000;                                                       ;00000000;00000;0000;                                                       ;00000000;00000;0000;                                                       ;00000000;00000;0000;                                                       ;00000000;00000;0000;                                                       ;00000000;00000;0000;                                                       ;00000000;00000;0000;                                                       ;00000000;00000;0000;                                                       ;00000000;00000;0000;                                                       ;00000000;00000;0000;                                                       ;00000000;00000;0000;                                                       ;00000000;00000;0000;                                                       ;00000000;00000;0000;                                                       ;00000000;00000;0000;                                                       ;00000000;00000;0000;                                                       ;00000000;00000;0000;                                                       ;00000000;00000;0000;                                                       ;00000000;00000;0000;                                                       ;00000000;00000;0000;                                                       ;00000000;00000;0000;                                                       ;00000000;00000;0000;                                                       ;00000000;00000;0000;                                                       ;00000000;00000;0000;                                                       ;00000000;00000;0000;                                                       ;00000000;00000;
2406100033;08;09;9;070;99;Carazo                                            ;99;99;00001;00000040;00000040;10000;00000028;07000;00000012;03000;00000002;00714;00000000;00000;0022;PP                                                     ;00000013;04642;0017;PSOE                                                   ;00000009;03214;0021;VOX                                                    ;00000003;01071;0029;PCPE/PCPC                                              ;00000001;00357;0001;IZQESP                                                 ;00000000;00000;0002;CEUS                                                   ;00000000;00000;0009;FO                                                     ;00000000;00000;0010;AHORA REPÚBLICAS (ERC-EH BILDU-BNG-ARA MÉS)            ;00000000;00000;0060;JUNTS UE                                               ;00000000;00000;0019;ANDALUCISTAS                                           ;00000000;00000;0020;IE                                                     ;00000000;00000;0023;ESCAÑOS EN BLANCO                                      ;00000000;00000;0024;CRT                                                    ;00000000;00000;0025;PODEMOS                                                ;00000000;00000;0026;PFAC                                                   ;00000000;00000;0027;PCTE                                                   ;00000000;00000;0032;SUMAR                                                  ;00000000;00000;0039;PACMA                                                  ;00000000;00000;0040;CREE EN EUROPA                                         ;00000000;00000;0041;PMR                                                    ;00000000;00000;0042;AGRUPACIÓN DE ELECTORES "SE ACABÓ LA FIESTA"           ;00000000;00000;0043;F                                                      ;00000000;00000;0072;EXISTE                                                 ;00000000;00000;0046;Cs                                                     ;00000000;00000;0047;FE de las JONS                                         ;00000000;00000;0048;SAE                                                    ;00000000;00000;0049;J.U.E.X.                                               ;00000000;00000;0050;PH                                                     ;00000000;00000;0051;VOLT                                                   ;00000000;00000;0052;RECORTES CERO                                          ;00000000;00000;0063;EXTREMEÑOS                                             ;00000000;00000;0064;GLG                                                    ;00000000;00000;0065;PIRATAS / REBELDES                                     ;00000000;00000;0070;PREPAL                                                 ;00000000;00000;0000;                                                       ;00000000;00000;0000;                                                       ;00000000;00000;0000;                                                       ;00000000;00000;0000;                                                       ;00000000;00000;0000;                                                       ;00000000;00000;0000;                                                       ;00000000;00000;0000;                                                       ;00000000;00000;0000;                                                       ;00000000;00000;0000;                                                       ;00000000;00000;0000;                                                       ;00000000;00000;0000;                                                       ;00000000;00000;0000;                                                       ;00000000;00000;0000;                                                       ;00000000;00000;0000;                                                       ;00000000;00000;0000;                                                       ;00000000;00000;0000;                                                       ;00000000;00000;0000;                                                       ;00000000;00000;0000;                                                       ;00000000;00000;0000;                                                       ;00000000;00000;0000;                                                       ;00000000;00000;0000;                                                       ;00000000;00000;0000;                                                       ;00000000;00000;0000;                                                       ;00000000;00000;0000;                                                       ;00000000;00000;0000;                                                       ;00000000;00000;0000;                                                       ;00000000;00000;0000;                                                       ;00000000;00000;0000;                                                       ;00000000;00000;0000;                                                       ;00000000;00000;0000;                                                       ;00000000;00000;0000;                                                       ;00000000;00000;0000;                                                       ;00000000;00000;0000;                                                       ;00000000;00000;0000;                                                       ;00000000;00000;0000;                                                       ;00000000;00000;0000;                                                       ;00000000;00000;0000;                                                       ;00000000;00000;0000;                                                       ;00000000;00000;0000;                                                       ;00000000;00000;0000;                                                       ;00000000;00000;0000;                                                       ;00000000;00000;0000;                                                       ;00000000;00000;0000;                                                       ;00000000;00000;0000;                                                       ;00000000;00000;0000;                                                       ;00000000;00000;0000;                                                       ;00000000;00000;
2406100033;08;09;9;071;99;Carcedo de Bureba                                 ;99;99;00001;00000036;00000036;10000;00000023;06388;00000013;03611;00000001;00434;00000000;00000;0022;PP                                                     ;00000011;04782;0021;VOX                                                    ;00000005;02173;0017;PSOE                                                   ;00000003;01304;0032;SUMAR                                                  ;00000002;00869;0002;CEUS                                                   ;00000001;00434;0001;IZQESP                                                 ;00000000;00000;0009;FO                                                     ;00000000;00000;0010;AHORA REPÚBLICAS (ERC-EH BILDU-BNG-ARA MÉS)            ;00000000;00000;0060;JUNTS UE                                               ;00000000;00000;0019;ANDALUCISTAS                                           ;00000000;00000;0020;IE                                                     ;00000000;00000;0023;ESCAÑOS EN BLANCO                                      ;00000000;00000;0024;CRT                                                    ;00000000;00000;0025;PODEMOS                                                ;00000000;00000;0026;PFAC                                                   ;00000000;00000;0027;PCTE                                                   ;00000000;00000;0029;PCPE/PCPC                                              ;00000000;00000;0039;PACMA                                                  ;00000000;00000;0040;CREE EN EUROPA                                         ;00000000;00000;0041;PMR                                                    ;00000000;00000;0042;AGRUPACIÓN DE ELECTORES "SE ACABÓ LA FIESTA"           ;00000000;00000;0043;F                                                      ;00000000;00000;0072;EXISTE                                                 ;00000000;00000;0046;Cs                                                     ;00000000;00000;0047;FE de las JONS                                         ;00000000;00000;0048;SAE                                                    ;00000000;00000;0049;J.U.E.X.                                               ;00000000;00000;0050;PH                                                     ;00000000;00000;0051;VOLT                                                   ;00000000;00000;0052;RECORTES CERO                                          ;00000000;00000;0063;EXTREMEÑOS                                             ;00000000;00000;0064;GLG                                                    ;00000000;00000;0065;PIRATAS / REBELDES                                     ;00000000;00000;0070;PREPAL                                                 ;00000000;00000;0000;                                                       ;00000000;00000;0000;                                                       ;00000000;00000;0000;                                                       ;00000000;00000;0000;                                                       ;00000000;00000;0000;                                                       ;00000000;00000;0000;                                                       ;00000000;00000;0000;                                                       ;00000000;00000;0000;                                                       ;00000000;00000;0000;                                                       ;00000000;00000;0000;                                                       ;00000000;00000;0000;                                                       ;00000000;00000;0000;                                                       ;00000000;00000;0000;                                                       ;00000000;00000;0000;                                                       ;00000000;00000;0000;                                                       ;00000000;00000;0000;                                                       ;00000000;00000;0000;                                                       ;00000000;00000;0000;                                                       ;00000000;00000;0000;                                                       ;00000000;00000;0000;                                                       ;00000000;00000;0000;                                                       ;00000000;00000;0000;                                                       ;00000000;00000;0000;                                                       ;00000000;00000;0000;                                                       ;00000000;00000;0000;                                                       ;00000000;00000;0000;                                                       ;00000000;00000;0000;                                                       ;00000000;00000;0000;                                                       ;00000000;00000;0000;                                                       ;00000000;00000;0000;                                                       ;00000000;00000;0000;                                                       ;00000000;00000;0000;                                                       ;00000000;00000;0000;                                                       ;00000000;00000;0000;                                                       ;00000000;00000;0000;                                                       ;00000000;00000;0000;                                                       ;00000000;00000;0000;                                                       ;00000000;00000;0000;                                                       ;00000000;00000;0000;                                                       ;00000000;00000;0000;                                                       ;00000000;00000;0000;                                                       ;00000000;00000;0000;                                                       ;00000000;00000;0000;                                                       ;00000000;00000;0000;                                                       ;00000000;00000;0000;                                                       ;00000000;00000;0000;                                                       ;00000000;00000;
2406100033;08;09;9;072;99;Carcedo de Burgos                                 ;99;99;00001;00000381;00000381;10000;00000238;06246;00000143;03753;00000003;00126;00000000;00000;0022;PP                                                     ;00000090;03781;0017;PSOE                                                   ;00000076;03193;0021;VOX                                                    ;00000023;00966;0025;PODEMOS                                                ;00000013;00546;0032;SUMAR                                                  ;00000010;00420;0042;AGRUPACIÓN DE ELECTORES "SE ACABÓ LA FIESTA"           ;00000009;00378;0039;PACMA                                                  ;00000004;00168;0051;VOLT                                                   ;00000003;00126;0009;FO                                                     ;00000002;00084;0046;Cs                                                     ;00000002;00084;0010;AHORA REPÚBLICAS (ERC-EH BILDU-BNG-ARA MÉS)            ;00000001;00042;0027;PCTE                                                   ;00000001;00042;0052;RECORTES CERO                                          ;00000001;00042;0001;IZQESP                                                 ;00000000;00000;0002;CEUS                                                   ;00000000;00000;0060;JUNTS UE                                               ;00000000;00000;0019;ANDALUCISTAS                                           ;00000000;00000;0020;IE                                                     ;00000000;00000;0023;ESCAÑOS EN BLANCO                                      ;00000000;00000;0024;CRT                                                    ;00000000;00000;0026;PFAC                                                   ;00000000;00000;0029;PCPE/PCPC                                              ;00000000;00000;0040;CREE EN EUROPA                                         ;00000000;00000;0041;PMR                                                    ;00000000;00000;0043;F                                                      ;00000000;00000;0072;EXISTE                                                 ;00000000;00000;0047;FE de las JONS                                         ;00000000;00000;0048;SAE                                                    ;00000000;00000;0049;J.U.E.X.                                               ;00000000;00000;0050;PH                                                     ;00000000;00000;0063;EXTREMEÑOS                                             ;00000000;00000;0064;GLG                                                    ;00000000;00000;0065;PIRATAS / REBELDES                                     ;00000000;00000;0070;PREPAL                                                 ;00000000;00000;0000;                                                       ;00000000;00000;0000;                                                       ;00000000;00000;0000;                                                       ;00000000;00000;0000;                                                       ;00000000;00000;0000;                                                       ;00000000;00000;0000;                                                       ;00000000;00000;0000;                                                       ;00000000;00000;0000;                                                       ;00000000;00000;0000;                                                       ;00000000;00000;0000;                                                       ;00000000;00000;0000;                                                       ;00000000;00000;0000;                                                       ;00000000;00000;0000;                                                       ;00000000;00000;0000;                                                       ;00000000;00000;0000;                                                       ;00000000;00000;0000;                                                       ;00000000;00000;0000;                                                       ;00000000;00000;0000;                                                       ;00000000;00000;0000;                                                       ;00000000;00000;0000;                                                       ;00000000;00000;0000;                                                       ;00000000;00000;0000;                                                       ;00000000;00000;0000;                                                       ;00000000;00000;0000;                                                       ;00000000;00000;0000;                                                       ;00000000;00000;0000;                                                       ;00000000;00000;0000;                                                       ;00000000;00000;0000;                                                       ;00000000;00000;0000;                                                       ;00000000;00000;0000;                                                       ;00000000;00000;0000;                                                       ;00000000;00000;0000;                                                       ;00000000;00000;0000;                                                       ;00000000;00000;0000;                                                       ;00000000;00000;0000;                                                       ;00000000;00000;0000;                                                       ;00000000;00000;0000;                                                       ;00000000;00000;0000;                                                       ;00000000;00000;0000;                                                       ;00000000;00000;0000;                                                       ;00000000;00000;0000;                                                       ;00000000;00000;0000;                                                       ;00000000;00000;0000;                                                       ;00000000;00000;0000;                                                       ;00000000;00000;0000;                                                       ;00000000;00000;0000;                                                       ;00000000;00000;
2406100033;08;09;9;073;99;Cardeñadijo                                       ;99;99;00002;00001069;00001069;10000;00000585;05472;00000484;04527;00000005;00085;00000002;00034;0022;PP                                                     ;00000201;03447;0017;PSOE                                                   ;00000166;02847;0021;VOX                                                    ;00000076;01303;0042;AGRUPACIÓN DE ELECTORES "SE ACABÓ LA FIESTA"           ;00000056;00960;0032;SUMAR                                                  ;00000031;00531;0025;PODEMOS                                                ;00000017;00291;0046;Cs                                                     ;00000009;00154;0009;FO                                                     ;00000005;00085;0039;PACMA                                                  ;00000005;00085;0047;FE de las JONS                                         ;00000002;00034;0001;IZQESP                                                 ;00000001;00017;0010;AHORA REPÚBLICAS (ERC-EH BILDU-BNG-ARA MÉS)            ;00000001;00017;0060;JUNTS UE                                               ;00000001;00017;0023;ESCAÑOS EN BLANCO                                      ;00000001;00017;0026;PFAC                                                   ;00000001;00017;0027;PCTE                                                   ;00000001;00017;0029;PCPE/PCPC                                              ;00000001;00017;0041;PMR                                                    ;00000001;00017;0043;F                                                      ;00000001;00017;0072;EXISTE                                                 ;00000001;00017;0002;CEUS                                                   ;00000000;00000;0019;ANDALUCISTAS                                           ;00000000;00000;0020;IE                                                     ;00000000;00000;0024;CRT                                                    ;00000000;00000;0040;CREE EN EUROPA                                         ;00000000;00000;0048;SAE                                                    ;00000000;00000;0049;J.U.E.X.                                               ;00000000;00000;0050;PH                                                     ;00000000;00000;0051;VOLT                                                   ;00000000;00000;0052;RECORTES CERO                                          ;00000000;00000;0063;EXTREMEÑOS                                             ;00000000;00000;0064;GLG                                                    ;00000000;00000;0065;PIRATAS / REBELDES                                     ;00000000;00000;0070;PREPAL                                                 ;00000000;00000;0000;                                                       ;00000000;00000;0000;                                                       ;00000000;00000;0000;                                                       ;00000000;00000;0000;                                                       ;00000000;00000;0000;                                                       ;00000000;00000;0000;                                                       ;00000000;00000;0000;                                                       ;00000000;00000;0000;                                                       ;00000000;00000;0000;                                                       ;00000000;00000;0000;                                                       ;00000000;00000;0000;                                                       ;00000000;00000;0000;                                                       ;00000000;00000;0000;                                                       ;00000000;00000;0000;                                                       ;00000000;00000;0000;                                                       ;00000000;00000;0000;                                                       ;00000000;00000;0000;                                                       ;00000000;00000;0000;                                                       ;00000000;00000;0000;                                                       ;00000000;00000;0000;                                                       ;00000000;00000;0000;                                                       ;00000000;00000;0000;                                                       ;00000000;00000;0000;                                                       ;00000000;00000;0000;                                                       ;00000000;00000;0000;                                                       ;00000000;00000;0000;                                                       ;00000000;00000;0000;                                                       ;00000000;00000;0000;                                                       ;00000000;00000;0000;                                                       ;00000000;00000;0000;                                                       ;00000000;00000;0000;                                                       ;00000000;00000;0000;                                                       ;00000000;00000;0000;                                                       ;00000000;00000;0000;                                                       ;00000000;00000;0000;                                                       ;00000000;00000;0000;                                                       ;00000000;00000;0000;                                                       ;00000000;00000;0000;                                                       ;00000000;00000;0000;                                                       ;00000000;00000;0000;                                                       ;00000000;00000;0000;                                                       ;00000000;00000;0000;                                                       ;00000000;00000;0000;                                                       ;00000000;00000;0000;                                                       ;00000000;00000;0000;                                                       ;00000000;00000;0000;                                                       ;00000000;00000;
2406100033;08;09;9;074;99;Cardeñajimeno                                     ;99;99;00002;00000910;00000910;10000;00000505;05549;00000405;04450;00000014;00279;00000004;00079;0022;PP                                                     ;00000208;04151;0017;PSOE                                                   ;00000120;02395;0021;VOX                                                    ;00000069;01377;0042;AGRUPACIÓN DE ELECTORES "SE ACABÓ LA FIESTA"           ;00000027;00538;0032;SUMAR                                                  ;00000023;00459;0025;PODEMOS                                                ;00000009;00179;0039;PACMA                                                  ;00000006;00119;0009;FO                                                     ;00000004;00079;0072;EXISTE                                                 ;00000004;00079;0001;IZQESP                                                 ;00000002;00039;0020;IE                                                     ;00000002;00039;0023;ESCAÑOS EN BLANCO                                      ;00000002;00039;0026;PFAC                                                   ;00000002;00039;0029;PCPE/PCPC                                              ;00000002;00039;0070;PREPAL                                                 ;00000002;00039;0027;PCTE                                                   ;00000001;00019;0043;F                                                      ;00000001;00019;0046;Cs                                                     ;00000001;00019;0048;SAE                                                    ;00000001;00019;0052;RECORTES CERO                                          ;00000001;00019;0002;CEUS                                                   ;00000000;00000;0010;AHORA REPÚBLICAS (ERC-EH BILDU-BNG-ARA MÉS)            ;00000000;00000;0060;JUNTS UE                                               ;00000000;00000;0019;ANDALUCISTAS                                           ;00000000;00000;0024;CRT                                                    ;00000000;00000;0040;CREE EN EUROPA                                         ;00000000;00000;0041;PMR                                                    ;00000000;00000;0047;FE de las JONS                                         ;00000000;00000;0049;J.U.E.X.                                               ;00000000;00000;0050;PH                                                     ;00000000;00000;0051;VOLT                                                   ;00000000;00000;0063;EXTREMEÑOS                                             ;00000000;00000;0064;GLG                                                    ;00000000;00000;0065;PIRATAS / REBELDES                                     ;00000000;00000;0000;                                                       ;00000000;00000;0000;                                                       ;00000000;00000;0000;                                                       ;00000000;00000;0000;                                                       ;00000000;00000;0000;                                                       ;00000000;00000;0000;                                                       ;00000000;00000;0000;                                                       ;00000000;00000;0000;                                                       ;00000000;00000;0000;                                                       ;00000000;00000;0000;                                                       ;00000000;00000;0000;                                                       ;00000000;00000;0000;                                                       ;00000000;00000;0000;                                                       ;00000000;00000;0000;                                                       ;00000000;00000;0000;                                                       ;00000000;00000;0000;                                                       ;00000000;00000;0000;                                                       ;00000000;00000;0000;                                                       ;00000000;00000;0000;                                                       ;00000000;00000;0000;                                                       ;00000000;00000;0000;                                                       ;00000000;00000;0000;                                                       ;00000000;00000;0000;                                                       ;00000000;00000;0000;                                                       ;00000000;00000;0000;                                                       ;00000000;00000;0000;                                                       ;00000000;00000;0000;                                                       ;00000000;00000;0000;                                                       ;00000000;00000;0000;                                                       ;00000000;00000;0000;                                                       ;00000000;00000;0000;                                                       ;00000000;00000;0000;                                                       ;00000000;00000;0000;                                                       ;00000000;00000;0000;                                                       ;00000000;00000;0000;                                                       ;00000000;00000;0000;                                                       ;00000000;00000;0000;                                                       ;00000000;00000;0000;                                                       ;00000000;00000;0000;                                                       ;00000000;00000;0000;                                                       ;00000000;00000;0000;                                                       ;00000000;00000;0000;                                                       ;00000000;00000;0000;                                                       ;00000000;00000;0000;                                                       ;00000000;00000;0000;                                                       ;00000000;00000;0000;                                                       ;00000000;00000;
2406100033;08;09;9;075;99;Cardeñuela Riopico                                ;99;99;00001;00000095;00000095;10000;00000056;05894;00000039;04105;00000000;00000;00000000;00000;0022;PP                                                     ;00000024;04285;0017;PSOE                                                   ;00000017;03035;0021;VOX                                                    ;00000007;01250;0032;SUMAR                                                  ;00000003;00535;0042;AGRUPACIÓN DE ELECTORES "SE ACABÓ LA FIESTA"           ;00000002;00357;0009;FO                                                     ;00000001;00178;0039;PACMA                                                  ;00000001;00178;0065;PIRATAS / REBELDES                                     ;00000001;00178;0001;IZQESP                                                 ;00000000;00000;0002;CEUS                                                   ;00000000;00000;0010;AHORA REPÚBLICAS (ERC-EH BILDU-BNG-ARA MÉS)            ;00000000;00000;0060;JUNTS UE                                               ;00000000;00000;0019;ANDALUCISTAS                                           ;00000000;00000;0020;IE                                                     ;00000000;00000;0023;ESCAÑOS EN BLANCO                                      ;00000000;00000;0024;CRT                                                    ;00000000;00000;0025;PODEMOS                                                ;00000000;00000;0026;PFAC                                                   ;00000000;00000;0027;PCTE                                                   ;00000000;00000;0029;PCPE/PCPC                                              ;00000000;00000;0040;CREE EN EUROPA                                         ;00000000;00000;0041;PMR                                                    ;00000000;00000;0043;F                                                      ;00000000;00000;0072;EXISTE                                                 ;00000000;00000;0046;Cs                                                     ;00000000;00000;0047;FE de las JONS                                         ;00000000;00000;0048;SAE                                                    ;00000000;00000;0049;J.U.E.X.                                               ;00000000;00000;0050;PH                                                     ;00000000;00000;0051;VOLT                                                   ;00000000;00000;0052;RECORTES CERO                                          ;00000000;00000;0063;EXTREMEÑOS                                             ;00000000;00000;0064;GLG                                                    ;00000000;00000;0070;PREPAL                                                 ;00000000;00000;0000;                                                       ;00000000;00000;0000;                                                       ;00000000;00000;0000;                                                       ;00000000;00000;0000;                                                       ;00000000;00000;0000;                                                       ;00000000;00000;0000;                                                       ;00000000;00000;0000;                                                       ;00000000;00000;0000;                                                       ;00000000;00000;0000;                                                       ;00000000;00000;0000;                                                       ;00000000;00000;0000;                                                       ;00000000;00000;0000;                                                       ;00000000;00000;0000;                                                       ;00000000;00000;0000;                                                       ;00000000;00000;0000;                                                       ;00000000;00000;0000;                                                       ;00000000;00000;0000;                                                       ;00000000;00000;0000;                                                       ;00000000;00000;0000;                                                       ;00000000;00000;0000;                                                       ;00000000;00000;0000;                                                       ;00000000;00000;0000;                                                       ;00000000;00000;0000;                                                       ;00000000;00000;0000;                                                       ;00000000;00000;0000;                                                       ;00000000;00000;0000;                                                       ;00000000;00000;0000;                                                       ;00000000;00000;0000;                                                       ;00000000;00000;0000;                                                       ;00000000;00000;0000;                                                       ;00000000;00000;0000;                                                       ;00000000;00000;0000;                                                       ;00000000;00000;0000;                                                       ;00000000;00000;0000;                                                       ;00000000;00000;0000;                                                       ;00000000;00000;0000;                                                       ;00000000;00000;0000;                                                       ;00000000;00000;0000;                                                       ;00000000;00000;0000;                                                       ;00000000;00000;0000;                                                       ;00000000;00000;0000;                                                       ;00000000;00000;0000;                                                       ;00000000;00000;0000;                                                       ;00000000;00000;0000;                                                       ;00000000;00000;0000;                                                       ;00000000;00000;0000;                                                       ;00000000;00000;
2406100033;08;09;9;076;99;Carrias                                           ;99;99;00001;00000024;00000024;10000;00000012;05000;00000012;05000;00000001;00833;00000000;00000;0022;PP                                                     ;00000007;05833;0017;PSOE                                                   ;00000003;02500;0021;VOX                                                    ;00000001;00833;0001;IZQESP                                                 ;00000000;00000;0002;CEUS                                                   ;00000000;00000;0009;FO                                                     ;00000000;00000;0010;AHORA REPÚBLICAS (ERC-EH BILDU-BNG-ARA MÉS)            ;00000000;00000;0060;JUNTS UE                                               ;00000000;00000;0019;ANDALUCISTAS                                           ;00000000;00000;0020;IE                                                     ;00000000;00000;0023;ESCAÑOS EN BLANCO                                      ;00000000;00000;0024;CRT                                                    ;00000000;00000;0025;PODEMOS                                                ;00000000;00000;0026;PFAC                                                   ;00000000;00000;0027;PCTE                                                   ;00000000;00000;0029;PCPE/PCPC                                              ;00000000;00000;0032;SUMAR                                                  ;00000000;00000;0039;PACMA                                                  ;00000000;00000;0040;CREE EN EUROPA                                         ;00000000;00000;0041;PMR                                                    ;00000000;00000;0042;AGRUPACIÓN DE ELECTORES "SE ACABÓ LA FIESTA"           ;00000000;00000;0043;F                                                      ;00000000;00000;0072;EXISTE                                                 ;00000000;00000;0046;Cs                                                     ;00000000;00000;0047;FE de las JONS                                         ;00000000;00000;0048;SAE                                                    ;00000000;00000;0049;J.U.E.X.                                               ;00000000;00000;0050;PH                                                     ;00000000;00000;0051;VOLT                                                   ;00000000;00000;0052;RECORTES CERO                                          ;00000000;00000;0063;EXTREMEÑOS                                             ;00000000;00000;0064;GLG                                                    ;00000000;00000;0065;PIRATAS / REBELDES                                     ;00000000;00000;0070;PREPAL                                                 ;00000000;00000;0000;                                                       ;00000000;00000;0000;                                                       ;00000000;00000;0000;                                                       ;00000000;00000;0000;                                                       ;00000000;00000;0000;                                                       ;00000000;00000;0000;                                                       ;00000000;00000;0000;                                                       ;00000000;00000;0000;                                                       ;00000000;00000;0000;                                                       ;00000000;00000;0000;                                                       ;00000000;00000;0000;                                                       ;00000000;00000;0000;                                                       ;00000000;00000;0000;                                                       ;00000000;00000;0000;                                                       ;00000000;00000;0000;                                                       ;00000000;00000;0000;                                                       ;00000000;00000;0000;                                                       ;00000000;00000;0000;                                                       ;00000000;00000;0000;                                                       ;00000000;00000;0000;                                                       ;00000000;00000;0000;                                                       ;00000000;00000;0000;                                                       ;00000000;00000;0000;                                                       ;00000000;00000;0000;                                                       ;00000000;00000;0000;                                                       ;00000000;00000;0000;                                                       ;00000000;00000;0000;                                                       ;00000000;00000;0000;                                                       ;00000000;00000;0000;                                                       ;00000000;00000;0000;                                                       ;00000000;00000;0000;                                                       ;00000000;00000;0000;                                                       ;00000000;00000;0000;                                                       ;00000000;00000;0000;                                                       ;00000000;00000;0000;                                                       ;00000000;00000;0000;                                                       ;00000000;00000;0000;                                                       ;00000000;00000;0000;                                                       ;00000000;00000;0000;                                                       ;00000000;00000;0000;                                                       ;00000000;00000;0000;                                                       ;00000000;00000;0000;                                                       ;00000000;00000;0000;                                                       ;00000000;00000;0000;                                                       ;00000000;00000;0000;                                                       ;00000000;00000;0000;                                                       ;00000000;00000;
2406100033;08;09;9;077;99;Cascajares de Bureba                              ;99;99;00001;00000024;00000024;10000;00000015;06250;00000009;03750;00000000;00000;00000000;00000;0022;PP                                                     ;00000011;07333;0017;PSOE                                                   ;00000003;02000;0021;VOX                                                    ;00000001;00666;0001;IZQESP                                                 ;00000000;00000;0002;CEUS                                                   ;00000000;00000;0009;FO                                                     ;00000000;00000;0010;AHORA REPÚBLICAS (ERC-EH BILDU-BNG-ARA MÉS)            ;00000000;00000;0060;JUNTS UE                                               ;00000000;00000;0019;ANDALUCISTAS                                           ;00000000;00000;0020;IE                                                     ;00000000;00000;0023;ESCAÑOS EN BLANCO                                      ;00000000;00000;0024;CRT                                                    ;00000000;00000;0025;PODEMOS                                                ;00000000;00000;0026;PFAC                                                   ;00000000;00000;0027;PCTE                                                   ;00000000;00000;0029;PCPE/PCPC                                              ;00000000;00000;0032;SUMAR                                                  ;00000000;00000;0039;PACMA                                                  ;00000000;00000;0040;CREE EN EUROPA                                         ;00000000;00000;0041;PMR                                                    ;00000000;00000;0042;AGRUPACIÓN DE ELECTORES "SE ACABÓ LA FIESTA"           ;00000000;00000;0043;F                                                      ;00000000;00000;0072;EXISTE                                                 ;00000000;00000;0046;Cs                                                     ;00000000;00000;0047;FE de las JONS                                         ;00000000;00000;0048;SAE                                                    ;00000000;00000;0049;J.U.E.X.                                               ;00000000;00000;0050;PH                                                     ;00000000;00000;0051;VOLT                                                   ;00000000;00000;0052;RECORTES CERO                                          ;00000000;00000;0063;EXTREMEÑOS                                             ;00000000;00000;0064;GLG                                                    ;00000000;00000;0065;PIRATAS / REBELDES                                     ;00000000;00000;0070;PREPAL                                                 ;00000000;00000;0000;                                                       ;00000000;00000;0000;                                                       ;00000000;00000;0000;                                                       ;00000000;00000;0000;                                                       ;00000000;00000;0000;                                                       ;00000000;00000;0000;                                                       ;00000000;00000;0000;                                                       ;00000000;00000;0000;                                                       ;00000000;00000;0000;                                                       ;00000000;00000;0000;                                                       ;00000000;00000;0000;                                                       ;00000000;00000;0000;                                                       ;00000000;00000;0000;                                                       ;00000000;00000;0000;                                                       ;00000000;00000;0000;                                                       ;00000000;00000;0000;                                                       ;00000000;00000;0000;                                                       ;00000000;00000;0000;                                                       ;00000000;00000;0000;                                                       ;00000000;00000;0000;                                                       ;00000000;00000;0000;                                                       ;00000000;00000;0000;                                                       ;00000000;00000;0000;                                                       ;00000000;00000;0000;                                                       ;00000000;00000;0000;                                                       ;00000000;00000;0000;                                                       ;00000000;00000;0000;                                                       ;00000000;00000;0000;                                                       ;00000000;00000;0000;                                                       ;00000000;00000;0000;                                                       ;00000000;00000;0000;                                                       ;00000000;00000;0000;                                                       ;00000000;00000;0000;                                                       ;00000000;00000;0000;                                                       ;00000000;00000;0000;                                                       ;00000000;00000;0000;                                                       ;00000000;00000;0000;                                                       ;00000000;00000;0000;                                                       ;00000000;00000;0000;                                                       ;00000000;00000;0000;                                                       ;00000000;00000;0000;                                                       ;00000000;00000;0000;                                                       ;00000000;00000;0000;                                                       ;00000000;00000;0000;                                                       ;00000000;00000;0000;                                                       ;00000000;00000;0000;                                                       ;00000000;00000;
2406100033;08;09;9;078;99;Cascajares de la Sierra                           ;99;99;00001;00000027;00000027;10000;00000023;08518;00000004;01481;00000000;00000;00000000;00000;0022;PP                                                     ;00000015;06521;0017;PSOE                                                   ;00000005;02173;0021;VOX                                                    ;00000001;00434;0032;SUMAR                                                  ;00000001;00434;0042;AGRUPACIÓN DE ELECTORES "SE ACABÓ LA FIESTA"           ;00000001;00434;0001;IZQESP                                                 ;00000000;00000;0002;CEUS                                                   ;00000000;00000;0009;FO                                                     ;00000000;00000;0010;AHORA REPÚBLICAS (ERC-EH BILDU-BNG-ARA MÉS)            ;00000000;00000;0060;JUNTS UE                                               ;00000000;00000;0019;ANDALUCISTAS                                           ;00000000;00000;0020;IE                                                     ;00000000;00000;0023;ESCAÑOS EN BLANCO                                      ;00000000;00000;0024;CRT                                                    ;00000000;00000;0025;PODEMOS                                                ;00000000;00000;0026;PFAC                                                   ;00000000;00000;0027;PCTE                                                   ;00000000;00000;0029;PCPE/PCPC                                              ;00000000;00000;0039;PACMA                                                  ;00000000;00000;0040;CREE EN EUROPA                                         ;00000000;00000;0041;PMR                                                    ;00000000;00000;0043;F                                                      ;00000000;00000;0072;EXISTE                                                 ;00000000;00000;0046;Cs                                                     ;00000000;00000;0047;FE de las JONS                                         ;00000000;00000;0048;SAE                                                    ;00000000;00000;0049;J.U.E.X.                                               ;00000000;00000;0050;PH                                                     ;00000000;00000;0051;VOLT                                                   ;00000000;00000;0052;RECORTES CERO                                          ;00000000;00000;0063;EXTREMEÑOS                                             ;00000000;00000;0064;GLG                                                    ;00000000;00000;0065;PIRATAS / REBELDES                                     ;00000000;00000;0070;PREPAL                                                 ;00000000;00000;0000;                                                       ;00000000;00000;0000;                                                       ;00000000;00000;0000;                                                       ;00000000;00000;0000;                                                       ;00000000;00000;0000;                                                       ;00000000;00000;0000;                                                       ;00000000;00000;0000;                                                       ;00000000;00000;0000;                                                       ;00000000;00000;0000;                                                       ;00000000;00000;0000;                                                       ;00000000;00000;0000;                                                       ;00000000;00000;0000;                                                       ;00000000;00000;0000;                                                       ;00000000;00000;0000;                                                       ;00000000;00000;0000;                                                       ;00000000;00000;0000;                                                       ;00000000;00000;0000;                                                       ;00000000;00000;0000;                                                       ;00000000;00000;0000;                                                       ;00000000;00000;0000;                                                       ;00000000;00000;0000;                                                       ;00000000;00000;0000;                                                       ;00000000;00000;0000;                                                       ;00000000;00000;0000;                                                       ;00000000;00000;0000;                                                       ;00000000;00000;0000;                                                       ;00000000;00000;0000;                                                       ;00000000;00000;0000;                                                       ;00000000;00000;0000;                                                       ;00000000;00000;0000;                                                       ;00000000;00000;0000;                                                       ;00000000;00000;0000;                                                       ;00000000;00000;0000;                                                       ;00000000;00000;0000;                                                       ;00000000;00000;0000;                                                       ;00000000;00000;0000;                                                       ;00000000;00000;0000;                                                       ;00000000;00000;0000;                                                       ;00000000;00000;0000;                                                       ;00000000;00000;0000;                                                       ;00000000;00000;0000;                                                       ;00000000;00000;0000;                                                       ;00000000;00000;0000;                                                       ;00000000;00000;0000;                                                       ;00000000;00000;0000;                                                       ;00000000;00000;0000;                                                       ;00000000;00000;
2406100033;08;09;9;079;99;Castellanos de Castro                             ;99;99;00001;00000041;00000041;10000;00000032;07804;00000009;02195;00000000;00000;00000000;00000;0022;PP                                                     ;00000026;08125;0017;PSOE                                                   ;00000003;00937;0021;VOX                                                    ;00000002;00625;0048;SAE                                                    ;00000001;00312;0001;IZQESP                                                 ;00000000;00000;0002;CEUS                                                   ;00000000;00000;0009;FO                                                     ;00000000;00000;0010;AHORA REPÚBLICAS (ERC-EH BILDU-BNG-ARA MÉS)            ;00000000;00000;0060;JUNTS UE                                               ;00000000;00000;0019;ANDALUCISTAS                                           ;00000000;00000;0020;IE                                                     ;00000000;00000;0023;ESCAÑOS EN BLANCO                                      ;00000000;00000;0024;CRT                                                    ;00000000;00000;0025;PODEMOS                                                ;00000000;00000;0026;PFAC                                                   ;00000000;00000;0027;PCTE                                                   ;00000000;00000;0029;PCPE/PCPC                                              ;00000000;00000;0032;SUMAR                                                  ;00000000;00000;0039;PACMA                                                  ;00000000;00000;0040;CREE EN EUROPA                                         ;00000000;00000;0041;PMR                                                    ;00000000;00000;0042;AGRUPACIÓN DE ELECTORES "SE ACABÓ LA FIESTA"           ;00000000;00000;0043;F                                                      ;00000000;00000;0072;EXISTE                                                 ;00000000;00000;0046;Cs                                                     ;00000000;00000;0047;FE de las JONS                                         ;00000000;00000;0049;J.U.E.X.                                               ;00000000;00000;0050;PH                                                     ;00000000;00000;0051;VOLT                                                   ;00000000;00000;0052;RECORTES CERO                                          ;00000000;00000;0063;EXTREMEÑOS                                             ;00000000;00000;0064;GLG                                                    ;00000000;00000;0065;PIRATAS / REBELDES                                     ;00000000;00000;0070;PREPAL                                                 ;00000000;00000;0000;                                                       ;00000000;00000;0000;                                                       ;00000000;00000;0000;                                                       ;00000000;00000;0000;                                                       ;00000000;00000;0000;                                                       ;00000000;00000;0000;                                                       ;00000000;00000;0000;                                                       ;00000000;00000;0000;                                                       ;00000000;00000;0000;                                                       ;00000000;00000;0000;                                                       ;00000000;00000;0000;                                                       ;00000000;00000;0000;                                                       ;00000000;00000;0000;                                                       ;00000000;00000;0000;                                                       ;00000000;00000;0000;                                                       ;00000000;00000;0000;                                                       ;00000000;00000;0000;                                                       ;00000000;00000;0000;                                                       ;00000000;00000;0000;                                                       ;00000000;00000;0000;                                                       ;00000000;00000;0000;                                                       ;00000000;00000;0000;                                                       ;00000000;00000;0000;                                                       ;00000000;00000;0000;                                                       ;00000000;00000;0000;                                                       ;00000000;00000;0000;                                                       ;00000000;00000;0000;                                                       ;00000000;00000;0000;                                                       ;00000000;00000;0000;                                                       ;00000000;00000;0000;                                                       ;00000000;00000;0000;                                                       ;00000000;00000;0000;                                                       ;00000000;00000;0000;                                                       ;00000000;00000;0000;                                                       ;00000000;00000;0000;                                                       ;00000000;00000;0000;                                                       ;00000000;00000;0000;                                                       ;00000000;00000;0000;                                                       ;00000000;00000;0000;                                                       ;00000000;00000;0000;                                                       ;00000000;00000;0000;                                                       ;00000000;00000;0000;                                                       ;00000000;00000;0000;                                                       ;00000000;00000;0000;                                                       ;00000000;00000;0000;                                                       ;00000000;00000;0000;                                                       ;00000000;00000;
2406100033;08;09;9;082;99;Castildelgado                                     ;99;99;00001;00000034;00000034;10000;00000030;08823;00000004;01176;00000000;00000;00000000;00000;0022;PP                                                     ;00000029;09666;0017;PSOE                                                   ;00000001;00333;0001;IZQESP                                                 ;00000000;00000;0002;CEUS                                                   ;00000000;00000;0009;FO                                                     ;00000000;00000;0010;AHORA REPÚBLICAS (ERC-EH BILDU-BNG-ARA MÉS)            ;00000000;00000;0060;JUNTS UE                                               ;00000000;00000;0019;ANDALUCISTAS                                           ;00000000;00000;0020;IE                                                     ;00000000;00000;0021;VOX                                                    ;00000000;00000;0023;ESCAÑOS EN BLANCO                                      ;00000000;00000;0024;CRT                                                    ;00000000;00000;0025;PODEMOS                                                ;00000000;00000;0026;PFAC                                                   ;00000000;00000;0027;PCTE                                                   ;00000000;00000;0029;PCPE/PCPC                                              ;00000000;00000;0032;SUMAR                                                  ;00000000;00000;0039;PACMA                                                  ;00000000;00000;0040;CREE EN EUROPA                                         ;00000000;00000;0041;PMR                                                    ;00000000;00000;0042;AGRUPACIÓN DE ELECTORES "SE ACABÓ LA FIESTA"           ;00000000;00000;0043;F                                                      ;00000000;00000;0072;EXISTE                                                 ;00000000;00000;0046;Cs                                                     ;00000000;00000;0047;FE de las JONS                                         ;00000000;00000;0048;SAE                                                    ;00000000;00000;0049;J.U.E.X.                                               ;00000000;00000;0050;PH                                                     ;00000000;00000;0051;VOLT                                                   ;00000000;00000;0052;RECORTES CERO                                          ;00000000;00000;0063;EXTREMEÑOS                                             ;00000000;00000;0064;GLG                                                    ;00000000;00000;0065;PIRATAS / REBELDES                                     ;00000000;00000;0070;PREPAL                                                 ;00000000;00000;0000;                                                       ;00000000;00000;0000;                                                       ;00000000;00000;0000;                                                       ;00000000;00000;0000;                                                       ;00000000;00000;0000;                                                       ;00000000;00000;0000;                                                       ;00000000;00000;0000;                                                       ;00000000;00000;0000;                                                       ;00000000;00000;0000;                                                       ;00000000;00000;0000;                                                       ;00000000;00000;0000;                                                       ;00000000;00000;0000;                                                       ;00000000;00000;0000;                                                       ;00000000;00000;0000;                                                       ;00000000;00000;0000;                                                       ;00000000;00000;0000;                                                       ;00000000;00000;0000;                                                       ;00000000;00000;0000;                                                       ;00000000;00000;0000;                                                       ;00000000;00000;0000;                                                       ;00000000;00000;0000;                                                       ;00000000;00000;0000;                                                       ;00000000;00000;0000;                                                       ;00000000;00000;0000;                                                       ;00000000;00000;0000;                                                       ;00000000;00000;0000;                                                       ;00000000;00000;0000;                                                       ;00000000;00000;0000;                                                       ;00000000;00000;0000;                                                       ;00000000;00000;0000;                                                       ;00000000;00000;0000;                                                       ;00000000;00000;0000;                                                       ;00000000;00000;0000;                                                       ;00000000;00000;0000;                                                       ;00000000;00000;0000;                                                       ;00000000;00000;0000;                                                       ;00000000;00000;0000;                                                       ;00000000;00000;0000;                                                       ;00000000;00000;0000;                                                       ;00000000;00000;0000;                                                       ;00000000;00000;0000;                                                       ;00000000;00000;0000;                                                       ;00000000;00000;0000;                                                       ;00000000;00000;0000;                                                       ;00000000;00000;0000;                                                       ;00000000;00000;0000;                                                       ;00000000;00000;
2406100033;08;09;9;083;99;Castil de Peones                                  ;99;99;00001;00000026;00000026;10000;00000021;08076;00000005;01923;00000000;00000;00000000;00000;0022;PP                                                     ;00000014;06666;0017;PSOE                                                   ;00000004;01904;0021;VOX                                                    ;00000002;00952;0042;AGRUPACIÓN DE ELECTORES "SE ACABÓ LA FIESTA"           ;00000001;00476;0001;IZQESP                                                 ;00000000;00000;0002;CEUS                                                   ;00000000;00000;0009;FO                                                     ;00000000;00000;0010;AHORA REPÚBLICAS (ERC-EH BILDU-BNG-ARA MÉS)            ;00000000;00000;0060;JUNTS UE                                               ;00000000;00000;0019;ANDALUCISTAS                                           ;00000000;00000;0020;IE                                                     ;00000000;00000;0023;ESCAÑOS EN BLANCO                                      ;00000000;00000;0024;CRT                                                    ;00000000;00000;0025;PODEMOS                                                ;00000000;00000;0026;PFAC                                                   ;00000000;00000;0027;PCTE                                                   ;00000000;00000;0029;PCPE/PCPC                                              ;00000000;00000;0032;SUMAR                                                  ;00000000;00000;0039;PACMA                                                  ;00000000;00000;0040;CREE EN EUROPA                                         ;00000000;00000;0041;PMR                                                    ;00000000;00000;0043;F                                                      ;00000000;00000;0072;EXISTE                                                 ;00000000;00000;0046;Cs                                                     ;00000000;00000;0047;FE de las JONS                                         ;00000000;00000;0048;SAE                                                    ;00000000;00000;0049;J.U.E.X.                                               ;00000000;00000;0050;PH                                                     ;00000000;00000;0051;VOLT                                                   ;00000000;00000;0052;RECORTES CERO                                          ;00000000;00000;0063;EXTREMEÑOS                                             ;00000000;00000;0064;GLG                                                    ;00000000;00000;0065;PIRATAS / REBELDES                                     ;00000000;00000;0070;PREPAL                                                 ;00000000;00000;0000;                                                       ;00000000;00000;0000;                                                       ;00000000;00000;0000;                                                       ;00000000;00000;0000;                                                       ;00000000;00000;0000;                                                       ;00000000;00000;0000;                                                       ;00000000;00000;0000;                                                       ;00000000;00000;0000;                                                       ;00000000;00000;0000;                                                       ;00000000;00000;0000;                                                       ;00000000;00000;0000;                                                       ;00000000;00000;0000;                                                       ;00000000;00000;0000;                                                       ;00000000;00000;0000;                                                       ;00000000;00000;0000;                                                       ;00000000;00000;0000;                                                       ;00000000;00000;0000;                                                       ;00000000;00000;0000;                                                       ;00000000;00000;0000;                                                       ;00000000;00000;0000;                                                       ;00000000;00000;0000;                                                       ;00000000;00000;0000;                                                       ;00000000;00000;0000;                                                       ;00000000;00000;0000;                                                       ;00000000;00000;0000;                                                       ;00000000;00000;0000;                                                       ;00000000;00000;0000;                                                       ;00000000;00000;0000;                                                       ;00000000;00000;0000;                                                       ;00000000;00000;0000;                                                       ;00000000;00000;0000;                                                       ;00000000;00000;0000;                                                       ;00000000;00000;0000;                                                       ;00000000;00000;0000;                                                       ;00000000;00000;0000;                                                       ;00000000;00000;0000;                                                       ;00000000;00000;0000;                                                       ;00000000;00000;0000;                                                       ;00000000;00000;0000;                                                       ;00000000;00000;0000;                                                       ;00000000;00000;0000;                                                       ;00000000;00000;0000;                                                       ;00000000;00000;0000;                                                       ;00000000;00000;0000;                                                       ;00000000;00000;0000;                                                       ;00000000;00000;0000;                                                       ;00000000;00000;
2406100033;08;09;9;084;99;Castrillo de la Reina                             ;99;99;00001;00000144;00000144;10000;00000090;06250;00000054;03750;00000001;00112;00000001;00111;0022;PP                                                     ;00000048;05393;0017;PSOE                                                   ;00000019;02134;0021;VOX                                                    ;00000007;00786;0032;SUMAR                                                  ;00000005;00561;0042;AGRUPACIÓN DE ELECTORES "SE ACABÓ LA FIESTA"           ;00000005;00561;0072;EXISTE                                                 ;00000002;00224;0023;ESCAÑOS EN BLANCO                                      ;00000001;00112;0046;Cs                                                     ;00000001;00112;0001;IZQESP                                                 ;00000000;00000;0002;CEUS                                                   ;00000000;00000;0009;FO                                                     ;00000000;00000;0010;AHORA REPÚBLICAS (ERC-EH BILDU-BNG-ARA MÉS)            ;00000000;00000;0060;JUNTS UE                                               ;00000000;00000;0019;ANDALUCISTAS                                           ;00000000;00000;0020;IE                                                     ;00000000;00000;0024;CRT                                                    ;00000000;00000;0025;PODEMOS                                                ;00000000;00000;0026;PFAC                                                   ;00000000;00000;0027;PCTE                                                   ;00000000;00000;0029;PCPE/PCPC                                              ;00000000;00000;0039;PACMA                                                  ;00000000;00000;0040;CREE EN EUROPA                                         ;00000000;00000;0041;PMR                                                    ;00000000;00000;0043;F                                                      ;00000000;00000;0047;FE de las JONS                                         ;00000000;00000;0048;SAE                                                    ;00000000;00000;0049;J.U.E.X.                                               ;00000000;00000;0050;PH                                                     ;00000000;00000;0051;VOLT                                                   ;00000000;00000;0052;RECORTES CERO                                          ;00000000;00000;0063;EXTREMEÑOS                                             ;00000000;00000;0064;GLG                                                    ;00000000;00000;0065;PIRATAS / REBELDES                                     ;00000000;00000;0070;PREPAL                                                 ;00000000;00000;0000;                                                       ;00000000;00000;0000;                                                       ;00000000;00000;0000;                                                       ;00000000;00000;0000;                                                       ;00000000;00000;0000;                                                       ;00000000;00000;0000;                                                       ;00000000;00000;0000;                                                       ;00000000;00000;0000;                                                       ;00000000;00000;0000;                                                       ;00000000;00000;0000;                                                       ;00000000;00000;0000;                                                       ;00000000;00000;0000;                                                       ;00000000;00000;0000;                                                       ;00000000;00000;0000;                                                       ;00000000;00000;0000;                                                       ;00000000;00000;0000;                                                       ;00000000;00000;0000;                                                       ;00000000;00000;0000;                                                       ;00000000;00000;0000;                                                       ;00000000;00000;0000;                                                       ;00000000;00000;0000;                                                       ;00000000;00000;0000;                                                       ;00000000;00000;0000;                                                       ;00000000;00000;0000;                                                       ;00000000;00000;0000;                                                       ;00000000;00000;0000;                                                       ;00000000;00000;0000;                                                       ;00000000;00000;0000;                                                       ;00000000;00000;0000;                                                       ;00000000;00000;0000;                                                       ;00000000;00000;0000;                                                       ;00000000;00000;0000;                                                       ;00000000;00000;0000;                                                       ;00000000;00000;0000;                                                       ;00000000;00000;0000;                                                       ;00000000;00000;0000;                                                       ;00000000;00000;0000;                                                       ;00000000;00000;0000;                                                       ;00000000;00000;0000;                                                       ;00000000;00000;0000;                                                       ;00000000;00000;0000;                                                       ;00000000;00000;0000;                                                       ;00000000;00000;0000;                                                       ;00000000;00000;0000;                                                       ;00000000;00000;0000;                                                       ;00000000;00000;0000;                                                       ;00000000;00000;
2406100033;08;09;9;085;99;Castrillo de la Vega                              ;99;99;00001;00000456;00000456;10000;00000251;05504;00000205;04495;00000003;00121;00000005;00199;0022;PP                                                     ;00000087;03536;0017;PSOE                                                   ;00000078;03170;0021;VOX                                                    ;00000035;01422;0042;AGRUPACIÓN DE ELECTORES "SE ACABÓ LA FIESTA"           ;00000014;00569;0046;Cs                                                     ;00000010;00406;0025;PODEMOS                                                ;00000005;00203;0032;SUMAR                                                  ;00000004;00162;0040;CREE EN EUROPA                                         ;00000002;00081;0072;EXISTE                                                 ;00000002;00081;0009;FO                                                     ;00000001;00040;0039;PACMA                                                  ;00000001;00040;0041;PMR                                                    ;00000001;00040;0047;FE de las JONS                                         ;00000001;00040;0051;VOLT                                                   ;00000001;00040;0065;PIRATAS / REBELDES                                     ;00000001;00040;0001;IZQESP                                                 ;00000000;00000;0002;CEUS                                                   ;00000000;00000;0010;AHORA REPÚBLICAS (ERC-EH BILDU-BNG-ARA MÉS)            ;00000000;00000;0060;JUNTS UE                                               ;00000000;00000;0019;ANDALUCISTAS                                           ;00000000;00000;0020;IE                                                     ;00000000;00000;0023;ESCAÑOS EN BLANCO                                      ;00000000;00000;0024;CRT                                                    ;00000000;00000;0026;PFAC                                                   ;00000000;00000;0027;PCTE                                                   ;00000000;00000;0029;PCPE/PCPC                                              ;00000000;00000;0043;F                                                      ;00000000;00000;0048;SAE                                                    ;00000000;00000;0049;J.U.E.X.                                               ;00000000;00000;0050;PH                                                     ;00000000;00000;0052;RECORTES CERO                                          ;00000000;00000;0063;EXTREMEÑOS                                             ;00000000;00000;0064;GLG                                                    ;00000000;00000;0070;PREPAL                                                 ;00000000;00000;0000;                                                       ;00000000;00000;0000;                                                       ;00000000;00000;0000;                                                       ;00000000;00000;0000;                                                       ;00000000;00000;0000;                                                       ;00000000;00000;0000;                                                       ;00000000;00000;0000;                                                       ;00000000;00000;0000;                                                       ;00000000;00000;0000;                                                       ;00000000;00000;0000;                                                       ;00000000;00000;0000;                                                       ;00000000;00000;0000;                                                       ;00000000;00000;0000;                                                       ;00000000;00000;0000;                                                       ;00000000;00000;0000;                                                       ;00000000;00000;0000;                                                       ;00000000;00000;0000;                                                       ;00000000;00000;0000;                                                       ;00000000;00000;0000;                                                       ;00000000;00000;0000;                                                       ;00000000;00000;0000;                                                       ;00000000;00000;0000;                                                       ;00000000;00000;0000;                                                       ;00000000;00000;0000;                                                       ;00000000;00000;0000;                                                       ;00000000;00000;0000;                                                       ;00000000;00000;0000;                                                       ;00000000;00000;0000;                                                       ;00000000;00000;0000;                                                       ;00000000;00000;0000;                                                       ;00000000;00000;0000;                                                       ;00000000;00000;0000;                                                       ;00000000;00000;0000;                                                       ;00000000;00000;0000;                                                       ;00000000;00000;0000;                                                       ;00000000;00000;0000;                                                       ;00000000;00000;0000;                                                       ;00000000;00000;0000;                                                       ;00000000;00000;0000;                                                       ;00000000;00000;0000;                                                       ;00000000;00000;0000;                                                       ;00000000;00000;0000;                                                       ;00000000;00000;0000;                                                       ;00000000;00000;0000;                                                       ;00000000;00000;0000;                                                       ;00000000;00000;0000;                                                       ;00000000;00000;
2406100033;08;09;9;086;99;Castrillo del Val                                 ;99;99;00001;00000671;00000671;10000;00000383;05707;00000288;04292;00000004;00105;00000005;00130;0022;PP                                                     ;00000160;04232;0021;VOX                                                    ;00000077;02037;0017;PSOE                                                   ;00000068;01798;0042;AGRUPACIÓN DE ELECTORES "SE ACABÓ LA FIESTA"           ;00000031;00820;0032;SUMAR                                                  ;00000014;00370;0025;PODEMOS                                                ;00000010;00264;0009;FO                                                     ;00000004;00105;0020;IE                                                     ;00000002;00052;0039;PACMA                                                  ;00000002;00052;0001;IZQESP                                                 ;00000001;00026;0027;PCTE                                                   ;00000001;00026;0072;EXISTE                                                 ;00000001;00026;0048;SAE                                                    ;00000001;00026;0052;RECORTES CERO                                          ;00000001;00026;0065;PIRATAS / REBELDES                                     ;00000001;00026;0002;CEUS                                                   ;00000000;00000;0010;AHORA REPÚBLICAS (ERC-EH BILDU-BNG-ARA MÉS)            ;00000000;00000;0060;JUNTS UE                                               ;00000000;00000;0019;ANDALUCISTAS                                           ;00000000;00000;0023;ESCAÑOS EN BLANCO                                      ;00000000;00000;0024;CRT                                                    ;00000000;00000;0026;PFAC                                                   ;00000000;00000;0029;PCPE/PCPC                                              ;00000000;00000;0040;CREE EN EUROPA                                         ;00000000;00000;0041;PMR                                                    ;00000000;00000;0043;F                                                      ;00000000;00000;0046;Cs                                                     ;00000000;00000;0047;FE de las JONS                                         ;00000000;00000;0049;J.U.E.X.                                               ;00000000;00000;0050;PH                                                     ;00000000;00000;0051;VOLT                                                   ;00000000;00000;0063;EXTREMEÑOS                                             ;00000000;00000;0064;GLG                                                    ;00000000;00000;0070;PREPAL                                                 ;00000000;00000;0000;                                                       ;00000000;00000;0000;                                                       ;00000000;00000;0000;                                                       ;00000000;00000;0000;                                                       ;00000000;00000;0000;                                                       ;00000000;00000;0000;                                                       ;00000000;00000;0000;                                                       ;00000000;00000;0000;                                                       ;00000000;00000;0000;                                                       ;00000000;00000;0000;                                                       ;00000000;00000;0000;                                                       ;00000000;00000;0000;                                                       ;00000000;00000;0000;                                                       ;00000000;00000;0000;                                                       ;00000000;00000;0000;                                                       ;00000000;00000;0000;                                                       ;00000000;00000;0000;                                                       ;00000000;00000;0000;                                                       ;00000000;00000;0000;                                                       ;00000000;00000;0000;                                                       ;00000000;00000;0000;                                                       ;00000000;00000;0000;                                                       ;00000000;00000;0000;                                                       ;00000000;00000;0000;                                                       ;00000000;00000;0000;                                                       ;00000000;00000;0000;                                                       ;00000000;00000;0000;                                                       ;00000000;00000;0000;                                                       ;00000000;00000;0000;                                                       ;00000000;00000;0000;                                                       ;00000000;00000;0000;                                                       ;00000000;00000;0000;                                                       ;00000000;00000;0000;                                                       ;00000000;00000;0000;                                                       ;00000000;00000;0000;                                                       ;00000000;00000;0000;                                                       ;00000000;00000;0000;                                                       ;00000000;00000;0000;                                                       ;00000000;00000;0000;                                                       ;00000000;00000;0000;                                                       ;00000000;00000;0000;                                                       ;00000000;00000;0000;                                                       ;00000000;00000;0000;                                                       ;00000000;00000;0000;                                                       ;00000000;00000;0000;                                                       ;00000000;00000;0000;                                                       ;00000000;00000;
2406100033;08;09;9;088;99;Castrillo de Riopisuerga                          ;99;99;00001;00000059;00000059;10000;00000032;05423;00000027;04576;00000000;00000;00000000;00000;0017;PSOE                                                   ;00000014;04375;0022;PP                                                     ;00000011;03437;0032;SUMAR                                                  ;00000003;00937;0021;VOX                                                    ;00000002;00625;0025;PODEMOS                                                ;00000002;00625;0001;IZQESP                                                 ;00000000;00000;0002;CEUS                                                   ;00000000;00000;0009;FO                                                     ;00000000;00000;0010;AHORA REPÚBLICAS (ERC-EH BILDU-BNG-ARA MÉS)            ;00000000;00000;0060;JUNTS UE                                               ;00000000;00000;0019;ANDALUCISTAS                                           ;00000000;00000;0020;IE                                                     ;00000000;00000;0023;ESCAÑOS EN BLANCO                                      ;00000000;00000;0024;CRT                                                    ;00000000;00000;0026;PFAC                                                   ;00000000;00000;0027;PCTE                                                   ;00000000;00000;0029;PCPE/PCPC                                              ;00000000;00000;0039;PACMA                                                  ;00000000;00000;0040;CREE EN EUROPA                                         ;00000000;00000;0041;PMR                                                    ;00000000;00000;0042;AGRUPACIÓN DE ELECTORES "SE ACABÓ LA FIESTA"           ;00000000;00000;0043;F                                                      ;00000000;00000;0072;EXISTE                                                 ;00000000;00000;0046;Cs                                                     ;00000000;00000;0047;FE de las JONS                                         ;00000000;00000;0048;SAE                                                    ;00000000;00000;0049;J.U.E.X.                                               ;00000000;00000;0050;PH                                                     ;00000000;00000;0051;VOLT                                                   ;00000000;00000;0052;RECORTES CERO                                          ;00000000;00000;0063;EXTREMEÑOS                                             ;00000000;00000;0064;GLG                                                    ;00000000;00000;0065;PIRATAS / REBELDES                                     ;00000000;00000;0070;PREPAL                                                 ;00000000;00000;0000;                                                       ;00000000;00000;0000;                                                       ;00000000;00000;0000;                                                       ;00000000;00000;0000;                                                       ;00000000;00000;0000;                                                       ;00000000;00000;0000;                                                       ;00000000;00000;0000;                                                       ;00000000;00000;0000;                                                       ;00000000;00000;0000;                                                       ;00000000;00000;0000;                                                       ;00000000;00000;0000;                                                       ;00000000;00000;0000;                                                       ;00000000;00000;0000;                                                       ;00000000;00000;0000;                                                       ;00000000;00000;0000;                                                       ;00000000;00000;0000;                                                       ;00000000;00000;0000;                                                       ;00000000;00000;0000;                                                       ;00000000;00000;0000;                                                       ;00000000;00000;0000;                                                       ;00000000;00000;0000;                                                       ;00000000;00000;0000;                                                       ;00000000;00000;0000;                                                       ;00000000;00000;0000;                                                       ;00000000;00000;0000;                                                       ;00000000;00000;0000;                                                       ;00000000;00000;0000;                                                       ;00000000;00000;0000;                                                       ;00000000;00000;0000;                                                       ;00000000;00000;0000;                                                       ;00000000;00000;0000;                                                       ;00000000;00000;0000;                                                       ;00000000;00000;0000;                                                       ;00000000;00000;0000;                                                       ;00000000;00000;0000;                                                       ;00000000;00000;0000;                                                       ;00000000;00000;0000;                                                       ;00000000;00000;0000;                                                       ;00000000;00000;0000;                                                       ;00000000;00000;0000;                                                       ;00000000;00000;0000;                                                       ;00000000;00000;0000;                                                       ;00000000;00000;0000;                                                       ;00000000;00000;0000;                                                       ;00000000;00000;0000;                                                       ;00000000;00000;0000;                                                       ;00000000;00000;
2406100033;08;09;9;090;99;Castrillo Mota de Judíos                          ;99;99;00001;00000048;00000048;10000;00000041;08541;00000007;01458;00000000;00000;00000000;00000;0022;PP                                                     ;00000024;05853;0042;AGRUPACIÓN DE ELECTORES "SE ACABÓ LA FIESTA"           ;00000008;01951;0017;PSOE                                                   ;00000006;01463;0021;VOX                                                    ;00000002;00487;0032;SUMAR                                                  ;00000001;00243;0001;IZQESP                                                 ;00000000;00000;0002;CEUS                                                   ;00000000;00000;0009;FO                                                     ;00000000;00000;0010;AHORA REPÚBLICAS (ERC-EH BILDU-BNG-ARA MÉS)            ;00000000;00000;0060;JUNTS UE                                               ;00000000;00000;0019;ANDALUCISTAS                                           ;00000000;00000;0020;IE                                                     ;00000000;00000;0023;ESCAÑOS EN BLANCO                                      ;00000000;00000;0024;CRT                                                    ;00000000;00000;0025;PODEMOS                                                ;00000000;00000;0026;PFAC                                                   ;00000000;00000;0027;PCTE                                                   ;00000000;00000;0029;PCPE/PCPC                                              ;00000000;00000;0039;PACMA                                                  ;00000000;00000;0040;CREE EN EUROPA                                         ;00000000;00000;0041;PMR                                                    ;00000000;00000;0043;F                                                      ;00000000;00000;0072;EXISTE                                                 ;00000000;00000;0046;Cs                                                     ;00000000;00000;0047;FE de las JONS                                         ;00000000;00000;0048;SAE                                                    ;00000000;00000;0049;J.U.E.X.                                               ;00000000;00000;0050;PH                                                     ;00000000;00000;0051;VOLT                                                   ;00000000;00000;0052;RECORTES CERO                                          ;00000000;00000;0063;EXTREMEÑOS                                             ;00000000;00000;0064;GLG                                                    ;00000000;00000;0065;PIRATAS / REBELDES                                     ;00000000;00000;0070;PREPAL                                                 ;00000000;00000;0000;                                                       ;00000000;00000;0000;                                                       ;00000000;00000;0000;                                                       ;00000000;00000;0000;                                                       ;00000000;00000;0000;                                                       ;00000000;00000;0000;                                                       ;00000000;00000;0000;                                                       ;00000000;00000;0000;                                                       ;00000000;00000;0000;                                                       ;00000000;00000;0000;                                                       ;00000000;00000;0000;                                                       ;00000000;00000;0000;                                                       ;00000000;00000;0000;                                                       ;00000000;00000;0000;                                                       ;00000000;00000;0000;                                                       ;00000000;00000;0000;                                                       ;00000000;00000;0000;                                                       ;00000000;00000;0000;                                                       ;00000000;00000;0000;                                                       ;00000000;00000;0000;                                                       ;00000000;00000;0000;                                                       ;00000000;00000;0000;                                                       ;00000000;00000;0000;                                                       ;00000000;00000;0000;                                                       ;00000000;00000;0000;                                                       ;00000000;00000;0000;                                                       ;00000000;00000;0000;                                                       ;00000000;00000;0000;                                                       ;00000000;00000;0000;                                                       ;00000000;00000;0000;                                                       ;00000000;00000;0000;                                                       ;00000000;00000;0000;                                                       ;00000000;00000;0000;                                                       ;00000000;00000;0000;                                                       ;00000000;00000;0000;                                                       ;00000000;00000;0000;                                                       ;00000000;00000;0000;                                                       ;00000000;00000;0000;                                                       ;00000000;00000;0000;                                                       ;00000000;00000;0000;                                                       ;00000000;00000;0000;                                                       ;00000000;00000;0000;                                                       ;00000000;00000;0000;                                                       ;00000000;00000;0000;                                                       ;00000000;00000;0000;                                                       ;00000000;00000;0000;                                                       ;00000000;00000;
2406100033;08;09;9;091;99;Castrojeriz                                       ;99;99;00001;00000662;00000662;10000;00000366;05528;00000296;04471;00000002;00055;00000006;00163;0022;PP                                                     ;00000208;05777;0017;PSOE                                                   ;00000080;02222;0021;VOX                                                    ;00000039;01083;0042;AGRUPACIÓN DE ELECTORES "SE ACABÓ LA FIESTA"           ;00000011;00305;0032;SUMAR                                                  ;00000006;00166;0025;PODEMOS                                                ;00000004;00111;0048;SAE                                                    ;00000003;00083;0010;AHORA REPÚBLICAS (ERC-EH BILDU-BNG-ARA MÉS)            ;00000002;00055;0009;FO                                                     ;00000001;00027;0020;IE                                                     ;00000001;00027;0026;PFAC                                                   ;00000001;00027;0046;Cs                                                     ;00000001;00027;0047;FE de las JONS                                         ;00000001;00027;0001;IZQESP                                                 ;00000000;00000;0002;CEUS                                                   ;00000000;00000;0060;JUNTS UE                                               ;00000000;00000;0019;ANDALUCISTAS                                           ;00000000;00000;0023;ESCAÑOS EN BLANCO                                      ;00000000;00000;0024;CRT                                                    ;00000000;00000;0027;PCTE                                                   ;00000000;00000;0029;PCPE/PCPC                                              ;00000000;00000;0039;PACMA                                                  ;00000000;00000;0040;CREE EN EUROPA                                         ;00000000;00000;0041;PMR                                                    ;00000000;00000;0043;F                                                      ;00000000;00000;0072;EXISTE                                                 ;00000000;00000;0049;J.U.E.X.                                               ;00000000;00000;0050;PH                                                     ;00000000;00000;0051;VOLT                                                   ;00000000;00000;0052;RECORTES CERO                                          ;00000000;00000;0063;EXTREMEÑOS                                             ;00000000;00000;0064;GLG                                                    ;00000000;00000;0065;PIRATAS / REBELDES                                     ;00000000;00000;0070;PREPAL                                                 ;00000000;00000;0000;                                                       ;00000000;00000;0000;                                                       ;00000000;00000;0000;                                                       ;00000000;00000;0000;                                                       ;00000000;00000;0000;                                                       ;00000000;00000;0000;                                                       ;00000000;00000;0000;                                                       ;00000000;00000;0000;                                                       ;00000000;00000;0000;                                                       ;00000000;00000;0000;                                                       ;00000000;00000;0000;                                                       ;00000000;00000;0000;                                                       ;00000000;00000;0000;                                                       ;00000000;00000;0000;                                                       ;00000000;00000;0000;                                                       ;00000000;00000;0000;                                                       ;00000000;00000;0000;                                                       ;00000000;00000;0000;                                                       ;00000000;00000;0000;                                                       ;00000000;00000;0000;                                                       ;00000000;00000;0000;                                                       ;00000000;00000;0000;                                                       ;00000000;00000;0000;                                                       ;00000000;00000;0000;                                                       ;00000000;00000;0000;                                                       ;00000000;00000;0000;                                                       ;00000000;00000;0000;                                                       ;00000000;00000;0000;                                                       ;00000000;00000;0000;                                                       ;00000000;00000;0000;                                                       ;00000000;00000;0000;                                                       ;00000000;00000;0000;                                                       ;00000000;00000;0000;                                                       ;00000000;00000;0000;                                                       ;00000000;00000;0000;                                                       ;00000000;00000;0000;                                                       ;00000000;00000;0000;                                                       ;00000000;00000;0000;                                                       ;00000000;00000;0000;                                                       ;00000000;00000;0000;                                                       ;00000000;00000;0000;                                                       ;00000000;00000;0000;                                                       ;00000000;00000;0000;                                                       ;00000000;00000;0000;                                                       ;00000000;00000;0000;                                                       ;00000000;00000;0000;                                                       ;00000000;00000;
2406100033;08;09;9;093;99;Cayuela                                           ;99;99;00001;00000153;00000153;10000;00000105;06862;00000048;03137;00000001;00098;00000003;00285;0022;PP                                                     ;00000042;04117;0017;PSOE                                                   ;00000030;02941;0021;VOX                                                    ;00000017;01666;0042;AGRUPACIÓN DE ELECTORES "SE ACABÓ LA FIESTA"           ;00000004;00392;0032;SUMAR                                                  ;00000002;00196;0051;VOLT                                                   ;00000002;00196;0002;CEUS                                                   ;00000001;00098;0023;ESCAÑOS EN BLANCO                                      ;00000001;00098;0039;PACMA                                                  ;00000001;00098;0072;EXISTE                                                 ;00000001;00098;0001;IZQESP                                                 ;00000000;00000;0009;FO                                                     ;00000000;00000;0010;AHORA REPÚBLICAS (ERC-EH BILDU-BNG-ARA MÉS)            ;00000000;00000;0060;JUNTS UE                                               ;00000000;00000;0019;ANDALUCISTAS                                           ;00000000;00000;0020;IE                                                     ;00000000;00000;0024;CRT                                                    ;00000000;00000;0025;PODEMOS                                                ;00000000;00000;0026;PFAC                                                   ;00000000;00000;0027;PCTE                                                   ;00000000;00000;0029;PCPE/PCPC                                              ;00000000;00000;0040;CREE EN EUROPA                                         ;00000000;00000;0041;PMR                                                    ;00000000;00000;0043;F                                                      ;00000000;00000;0046;Cs                                                     ;00000000;00000;0047;FE de las JONS                                         ;00000000;00000;0048;SAE                                                    ;00000000;00000;0049;J.U.E.X.                                               ;00000000;00000;0050;PH                                                     ;00000000;00000;0052;RECORTES CERO                                          ;00000000;00000;0063;EXTREMEÑOS                                             ;00000000;00000;0064;GLG                                                    ;00000000;00000;0065;PIRATAS / REBELDES                                     ;00000000;00000;0070;PREPAL                                                 ;00000000;00000;0000;                                                       ;00000000;00000;0000;                                                       ;00000000;00000;0000;                                                       ;00000000;00000;0000;                                                       ;00000000;00000;0000;                                                       ;00000000;00000;0000;                                                       ;00000000;00000;0000;                                                       ;00000000;00000;0000;                                                       ;00000000;00000;0000;                                                       ;00000000;00000;0000;                                                       ;00000000;00000;0000;                                                       ;00000000;00000;0000;                                                       ;00000000;00000;0000;                                                       ;00000000;00000;0000;                                                       ;00000000;00000;0000;                                                       ;00000000;00000;0000;                                                       ;00000000;00000;0000;                                                       ;00000000;00000;0000;                                                       ;00000000;00000;0000;                                                       ;00000000;00000;0000;                                                       ;00000000;00000;0000;                                                       ;00000000;00000;0000;                                                       ;00000000;00000;0000;                                                       ;00000000;00000;0000;                                                       ;00000000;00000;0000;                                                       ;00000000;00000;0000;                                                       ;00000000;00000;0000;                                                       ;00000000;00000;0000;                                                       ;00000000;00000;0000;                                                       ;00000000;00000;0000;                                                       ;00000000;00000;0000;                                                       ;00000000;00000;0000;                                                       ;00000000;00000;0000;                                                       ;00000000;00000;0000;                                                       ;00000000;00000;0000;                                                       ;00000000;00000;0000;                                                       ;00000000;00000;0000;                                                       ;00000000;00000;0000;                                                       ;00000000;00000;0000;                                                       ;00000000;00000;0000;                                                       ;00000000;00000;0000;                                                       ;00000000;00000;0000;                                                       ;00000000;00000;0000;                                                       ;00000000;00000;0000;                                                       ;00000000;00000;0000;                                                       ;00000000;00000;0000;                                                       ;00000000;00000;
2406100033;08;09;9;094;99;Cebrecos                                          ;99;99;00001;00000056;00000056;10000;00000043;07678;00000013;02321;00000001;00232;00000000;00000;0022;PP                                                     ;00000015;03488;0017;PSOE                                                   ;00000010;02325;0042;AGRUPACIÓN DE ELECTORES "SE ACABÓ LA FIESTA"           ;00000004;00930;0025;PODEMOS                                                ;00000003;00697;0032;SUMAR                                                  ;00000003;00697;0072;EXISTE                                                 ;00000003;00697;0021;VOX                                                    ;00000002;00465;0010;AHORA REPÚBLICAS (ERC-EH BILDU-BNG-ARA MÉS)            ;00000001;00232;0040;CREE EN EUROPA                                         ;00000001;00232;0001;IZQESP                                                 ;00000000;00000;0002;CEUS                                                   ;00000000;00000;0009;FO                                                     ;00000000;00000;0060;JUNTS UE                                               ;00000000;00000;0019;ANDALUCISTAS                                           ;00000000;00000;0020;IE                                                     ;00000000;00000;0023;ESCAÑOS EN BLANCO                                      ;00000000;00000;0024;CRT                                                    ;00000000;00000;0026;PFAC                                                   ;00000000;00000;0027;PCTE                                                   ;00000000;00000;0029;PCPE/PCPC                                              ;00000000;00000;0039;PACMA                                                  ;00000000;00000;0041;PMR                                                    ;00000000;00000;0043;F                                                      ;00000000;00000;0046;Cs                                                     ;00000000;00000;0047;FE de las JONS                                         ;00000000;00000;0048;SAE                                                    ;00000000;00000;0049;J.U.E.X.                                               ;00000000;00000;0050;PH                                                     ;00000000;00000;0051;VOLT                                                   ;00000000;00000;0052;RECORTES CERO                                          ;00000000;00000;0063;EXTREMEÑOS                                             ;00000000;00000;0064;GLG                                                    ;00000000;00000;0065;PIRATAS / REBELDES                                     ;00000000;00000;0070;PREPAL                                                 ;00000000;00000;0000;                                                       ;00000000;00000;0000;                                                       ;00000000;00000;0000;                                                       ;00000000;00000;0000;                                                       ;00000000;00000;0000;                                                       ;00000000;00000;0000;                                                       ;00000000;00000;0000;                                                       ;00000000;00000;0000;                                                       ;00000000;00000;0000;                                                       ;00000000;00000;0000;                                                       ;00000000;00000;0000;                                                       ;00000000;00000;0000;                                                       ;00000000;00000;0000;                                                       ;00000000;00000;0000;                                                       ;00000000;00000;0000;                                                       ;00000000;00000;0000;                                                       ;00000000;00000;0000;                                                       ;00000000;00000;0000;                                                       ;00000000;00000;0000;                                                       ;00000000;00000;0000;                                                       ;00000000;00000;0000;                                                       ;00000000;00000;0000;                                                       ;00000000;00000;0000;                                                       ;00000000;00000;0000;                                                       ;00000000;00000;0000;                                                       ;00000000;00000;0000;                                                       ;00000000;00000;0000;                                                       ;00000000;00000;0000;                                                       ;00000000;00000;0000;                                                       ;00000000;00000;0000;                                                       ;00000000;00000;0000;                                                       ;00000000;00000;0000;                                                       ;00000000;00000;0000;                                                       ;00000000;00000;0000;                                                       ;00000000;00000;0000;                                                       ;00000000;00000;0000;                                                       ;00000000;00000;0000;                                                       ;00000000;00000;0000;                                                       ;00000000;00000;0000;                                                       ;00000000;00000;0000;                                                       ;00000000;00000;0000;                                                       ;00000000;00000;0000;                                                       ;00000000;00000;0000;                                                       ;00000000;00000;0000;                                                       ;00000000;00000;0000;                                                       ;00000000;00000;0000;                                                       ;00000000;00000;
2406100033;08;09;9;095;99;Celada del Camino                                 ;99;99;00001;00000083;00000083;10000;00000048;05783;00000035;04216;00000002;00416;00000000;00000;0022;PP                                                     ;00000031;06458;0017;PSOE                                                   ;00000007;01458;0021;VOX                                                    ;00000005;01041;0042;AGRUPACIÓN DE ELECTORES "SE ACABÓ LA FIESTA"           ;00000003;00625;0001;IZQESP                                                 ;00000000;00000;0002;CEUS                                                   ;00000000;00000;0009;FO                                                     ;00000000;00000;0010;AHORA REPÚBLICAS (ERC-EH BILDU-BNG-ARA MÉS)            ;00000000;00000;0060;JUNTS UE                                               ;00000000;00000;0019;ANDALUCISTAS                                           ;00000000;00000;0020;IE                                                     ;00000000;00000;0023;ESCAÑOS EN BLANCO                                      ;00000000;00000;0024;CRT                                                    ;00000000;00000;0025;PODEMOS                                                ;00000000;00000;0026;PFAC                                                   ;00000000;00000;0027;PCTE                                                   ;00000000;00000;0029;PCPE/PCPC                                              ;00000000;00000;0032;SUMAR                                                  ;00000000;00000;0039;PACMA                                                  ;00000000;00000;0040;CREE EN EUROPA                                         ;00000000;00000;0041;PMR                                                    ;00000000;00000;0043;F                                                      ;00000000;00000;0072;EXISTE                                                 ;00000000;00000;0046;Cs                                                     ;00000000;00000;0047;FE de las JONS                                         ;00000000;00000;0048;SAE                                                    ;00000000;00000;0049;J.U.E.X.                                               ;00000000;00000;0050;PH                                                     ;00000000;00000;0051;VOLT                                                   ;00000000;00000;0052;RECORTES CERO                                          ;00000000;00000;0063;EXTREMEÑOS                                             ;00000000;00000;0064;GLG                                                    ;00000000;00000;0065;PIRATAS / REBELDES                                     ;00000000;00000;0070;PREPAL                                                 ;00000000;00000;0000;                                                       ;00000000;00000;0000;                                                       ;00000000;00000;0000;                                                       ;00000000;00000;0000;                                                       ;00000000;00000;0000;                                                       ;00000000;00000;0000;                                                       ;00000000;00000;0000;                                                       ;00000000;00000;0000;                                                       ;00000000;00000;0000;                                                       ;00000000;00000;0000;                                                       ;00000000;00000;0000;                                                       ;00000000;00000;0000;                                                       ;00000000;00000;0000;                                                       ;00000000;00000;0000;                                                       ;00000000;00000;0000;                                                       ;00000000;00000;0000;                                                       ;00000000;00000;0000;                                                       ;00000000;00000;0000;                                                       ;00000000;00000;0000;                                                       ;00000000;00000;0000;                                                       ;00000000;00000;0000;                                                       ;00000000;00000;0000;                                                       ;00000000;00000;0000;                                                       ;00000000;00000;0000;                                                       ;00000000;00000;0000;                                                       ;00000000;00000;0000;                                                       ;00000000;00000;0000;                                                       ;00000000;00000;0000;                                                       ;00000000;00000;0000;                                                       ;00000000;00000;0000;                                                       ;00000000;00000;0000;                                                       ;00000000;00000;0000;                                                       ;00000000;00000;0000;                                                       ;00000000;00000;0000;                                                       ;00000000;00000;0000;                                                       ;00000000;00000;0000;                                                       ;00000000;00000;0000;                                                       ;00000000;00000;0000;                                                       ;00000000;00000;0000;                                                       ;00000000;00000;0000;                                                       ;00000000;00000;0000;                                                       ;00000000;00000;0000;                                                       ;00000000;00000;0000;                                                       ;00000000;00000;0000;                                                       ;00000000;00000;0000;                                                       ;00000000;00000;0000;                                                       ;00000000;00000;
2406100033;08;09;9;098;99;Cerezo de Río Tirón                               ;99;99;00001;00000420;00000420;10000;00000233;05547;00000187;04452;00000003;00128;00000000;00000;0022;PP                                                     ;00000121;05193;0017;PSOE                                                   ;00000063;02703;0021;VOX                                                    ;00000021;00901;0042;AGRUPACIÓN DE ELECTORES "SE ACABÓ LA FIESTA"           ;00000014;00600;0032;SUMAR                                                  ;00000004;00171;0025;PODEMOS                                                ;00000002;00085;0046;Cs                                                     ;00000002;00085;0001;IZQESP                                                 ;00000001;00042;0009;FO                                                     ;00000001;00042;0060;JUNTS UE                                               ;00000001;00042;0002;CEUS                                                   ;00000000;00000;0010;AHORA REPÚBLICAS (ERC-EH BILDU-BNG-ARA MÉS)            ;00000000;00000;0019;ANDALUCISTAS                                           ;00000000;00000;0020;IE                                                     ;00000000;00000;0023;ESCAÑOS EN BLANCO                                      ;00000000;00000;0024;CRT                                                    ;00000000;00000;0026;PFAC                                                   ;00000000;00000;0027;PCTE                                                   ;00000000;00000;0029;PCPE/PCPC                                              ;00000000;00000;0039;PACMA                                                  ;00000000;00000;0040;CREE EN EUROPA                                         ;00000000;00000;0041;PMR                                                    ;00000000;00000;0043;F                                                      ;00000000;00000;0072;EXISTE                                                 ;00000000;00000;0047;FE de las JONS                                         ;00000000;00000;0048;SAE                                                    ;00000000;00000;0049;J.U.E.X.                                               ;00000000;00000;0050;PH                                                     ;00000000;00000;0051;VOLT                                                   ;00000000;00000;0052;RECORTES CERO                                          ;00000000;00000;0063;EXTREMEÑOS                                             ;00000000;00000;0064;GLG                                                    ;00000000;00000;0065;PIRATAS / REBELDES                                     ;00000000;00000;0070;PREPAL                                                 ;00000000;00000;0000;                                                       ;00000000;00000;0000;                                                       ;00000000;00000;0000;                                                       ;00000000;00000;0000;                                                       ;00000000;00000;0000;                                                       ;00000000;00000;0000;                                                       ;00000000;00000;0000;                                                       ;00000000;00000;0000;                                                       ;00000000;00000;0000;                                                       ;00000000;00000;0000;                                                       ;00000000;00000;0000;                                                       ;00000000;00000;0000;                                                       ;00000000;00000;0000;                                                       ;00000000;00000;0000;                                                       ;00000000;00000;0000;                                                       ;00000000;00000;0000;                                                       ;00000000;00000;0000;                                                       ;00000000;00000;0000;                                                       ;00000000;00000;0000;                                                       ;00000000;00000;0000;                                                       ;00000000;00000;0000;                                                       ;00000000;00000;0000;                                                       ;00000000;00000;0000;                                                       ;00000000;00000;0000;                                                       ;00000000;00000;0000;                                                       ;00000000;00000;0000;                                                       ;00000000;00000;0000;                                                       ;00000000;00000;0000;                                                       ;00000000;00000;0000;                                                       ;00000000;00000;0000;                                                       ;00000000;00000;0000;                                                       ;00000000;00000;0000;                                                       ;00000000;00000;0000;                                                       ;00000000;00000;0000;                                                       ;00000000;00000;0000;                                                       ;00000000;00000;0000;                                                       ;00000000;00000;0000;                                                       ;00000000;00000;0000;                                                       ;00000000;00000;0000;                                                       ;00000000;00000;0000;                                                       ;00000000;00000;0000;                                                       ;00000000;00000;0000;                                                       ;00000000;00000;0000;                                                       ;00000000;00000;0000;                                                       ;00000000;00000;0000;                                                       ;00000000;00000;0000;                                                       ;00000000;00000;
2406100033;08;09;9;100;99;Cerratón de Juarros                               ;99;99;00001;00000044;00000044;10000;00000032;07272;00000012;02727;00000000;00000;00000000;00000;0022;PP                                                     ;00000020;06250;0021;VOX                                                    ;00000006;01875;0048;SAE                                                    ;00000003;00937;0017;PSOE                                                   ;00000001;00312;0039;PACMA                                                  ;00000001;00312;0042;AGRUPACIÓN DE ELECTORES "SE ACABÓ LA FIESTA"           ;00000001;00312;0001;IZQESP                                                 ;00000000;00000;0002;CEUS                                                   ;00000000;00000;0009;FO                                                     ;00000000;00000;0010;AHORA REPÚBLICAS (ERC-EH BILDU-BNG-ARA MÉS)            ;00000000;00000;0060;JUNTS UE                                               ;00000000;00000;0019;ANDALUCISTAS                                           ;00000000;00000;0020;IE                                                     ;00000000;00000;0023;ESCAÑOS EN BLANCO                                      ;00000000;00000;0024;CRT                                                    ;00000000;00000;0025;PODEMOS                                                ;00000000;00000;0026;PFAC                                                   ;00000000;00000;0027;PCTE                                                   ;00000000;00000;0029;PCPE/PCPC                                              ;00000000;00000;0032;SUMAR                                                  ;00000000;00000;0040;CREE EN EUROPA                                         ;00000000;00000;0041;PMR                                                    ;00000000;00000;0043;F                                                      ;00000000;00000;0072;EXISTE                                                 ;00000000;00000;0046;Cs                                                     ;00000000;00000;0047;FE de las JONS                                         ;00000000;00000;0049;J.U.E.X.                                               ;00000000;00000;0050;PH                                                     ;00000000;00000;0051;VOLT                                                   ;00000000;00000;0052;RECORTES CERO                                          ;00000000;00000;0063;EXTREMEÑOS                                             ;00000000;00000;0064;GLG                                                    ;00000000;00000;0065;PIRATAS / REBELDES                                     ;00000000;00000;0070;PREPAL                                                 ;00000000;00000;0000;                                                       ;00000000;00000;0000;                                                       ;00000000;00000;0000;                                                       ;00000000;00000;0000;                                                       ;00000000;00000;0000;                                                       ;00000000;00000;0000;                                                       ;00000000;00000;0000;                                                       ;00000000;00000;0000;                                                       ;00000000;00000;0000;                                                       ;00000000;00000;0000;                                                       ;00000000;00000;0000;                                                       ;00000000;00000;0000;                                                       ;00000000;00000;0000;                                                       ;00000000;00000;0000;                                                       ;00000000;00000;0000;                                                       ;00000000;00000;0000;                                                       ;00000000;00000;0000;                                                       ;00000000;00000;0000;                                                       ;00000000;00000;0000;                                                       ;00000000;00000;0000;                                                       ;00000000;00000;0000;                                                       ;00000000;00000;0000;                                                       ;00000000;00000;0000;                                                       ;00000000;00000;0000;                                                       ;00000000;00000;0000;                                                       ;00000000;00000;0000;                                                       ;00000000;00000;0000;                                                       ;00000000;00000;0000;                                                       ;00000000;00000;0000;                                                       ;00000000;00000;0000;                                                       ;00000000;00000;0000;                                                       ;00000000;00000;0000;                                                       ;00000000;00000;0000;                                                       ;00000000;00000;0000;                                                       ;00000000;00000;0000;                                                       ;00000000;00000;0000;                                                       ;00000000;00000;0000;                                                       ;00000000;00000;0000;                                                       ;00000000;00000;0000;                                                       ;00000000;00000;0000;                                                       ;00000000;00000;0000;                                                       ;00000000;00000;0000;                                                       ;00000000;00000;0000;                                                       ;00000000;00000;0000;                                                       ;00000000;00000;0000;                                                       ;00000000;00000;0000;                                                       ;00000000;00000;
2406100033;08;09;9;101;99;Ciadoncha                                         ;99;99;00001;00000065;00000065;10000;00000049;07538;00000016;02461;00000000;00000;00000000;00000;0022;PP                                                     ;00000030;06122;0021;VOX                                                    ;00000008;01632;0017;PSOE                                                   ;00000007;01428;0048;SAE                                                    ;00000002;00408;0023;ESCAÑOS EN BLANCO                                      ;00000001;00204;0032;SUMAR                                                  ;00000001;00204;0001;IZQESP                                                 ;00000000;00000;0002;CEUS                                                   ;00000000;00000;0009;FO                                                     ;00000000;00000;0010;AHORA REPÚBLICAS (ERC-EH BILDU-BNG-ARA MÉS)            ;00000000;00000;0060;JUNTS UE                                               ;00000000;00000;0019;ANDALUCISTAS                                           ;00000000;00000;0020;IE                                                     ;00000000;00000;0024;CRT                                                    ;00000000;00000;0025;PODEMOS                                                ;00000000;00000;0026;PFAC                                                   ;00000000;00000;0027;PCTE                                                   ;00000000;00000;0029;PCPE/PCPC                                              ;00000000;00000;0039;PACMA                                                  ;00000000;00000;0040;CREE EN EUROPA                                         ;00000000;00000;0041;PMR                                                    ;00000000;00000;0042;AGRUPACIÓN DE ELECTORES "SE ACABÓ LA FIESTA"           ;00000000;00000;0043;F                                                      ;00000000;00000;0072;EXISTE                                                 ;00000000;00000;0046;Cs                                                     ;00000000;00000;0047;FE de las JONS                                         ;00000000;00000;0049;J.U.E.X.                                               ;00000000;00000;0050;PH                                                     ;00000000;00000;0051;VOLT                                                   ;00000000;00000;0052;RECORTES CERO                                          ;00000000;00000;0063;EXTREMEÑOS                                             ;00000000;00000;0064;GLG                                                    ;00000000;00000;0065;PIRATAS / REBELDES                                     ;00000000;00000;0070;PREPAL                                                 ;00000000;00000;0000;                                                       ;00000000;00000;0000;                                                       ;00000000;00000;0000;                                                       ;00000000;00000;0000;                                                       ;00000000;00000;0000;                                                       ;00000000;00000;0000;                                                       ;00000000;00000;0000;                                                       ;00000000;00000;0000;                                                       ;00000000;00000;0000;                                                       ;00000000;00000;0000;                                                       ;00000000;00000;0000;                                                       ;00000000;00000;0000;                                                       ;00000000;00000;0000;                                                       ;00000000;00000;0000;                                                       ;00000000;00000;0000;                                                       ;00000000;00000;0000;                                                       ;00000000;00000;0000;                                                       ;00000000;00000;0000;                                                       ;00000000;00000;0000;                                                       ;00000000;00000;0000;                                                       ;00000000;00000;0000;                                                       ;00000000;00000;0000;                                                       ;00000000;00000;0000;                                                       ;00000000;00000;0000;                                                       ;00000000;00000;0000;                                                       ;00000000;00000;0000;                                                       ;00000000;00000;0000;                                                       ;00000000;00000;0000;                                                       ;00000000;00000;0000;                                                       ;00000000;00000;0000;                                                       ;00000000;00000;0000;                                                       ;00000000;00000;0000;                                                       ;00000000;00000;0000;                                                       ;00000000;00000;0000;                                                       ;00000000;00000;0000;                                                       ;00000000;00000;0000;                                                       ;00000000;00000;0000;                                                       ;00000000;00000;0000;                                                       ;00000000;00000;0000;                                                       ;00000000;00000;0000;                                                       ;00000000;00000;0000;                                                       ;00000000;00000;0000;                                                       ;00000000;00000;0000;                                                       ;00000000;00000;0000;                                                       ;00000000;00000;0000;                                                       ;00000000;00000;0000;                                                       ;00000000;00000;
2406100033;08;09;9;102;99;Cillaperlata                                      ;99;99;00001;00000031;00000031;10000;00000021;06774;00000010;03225;00000000;00000;00000000;00000;0022;PP                                                     ;00000011;05238;0017;PSOE                                                   ;00000006;02857;0032;SUMAR                                                  ;00000002;00952;0009;FO                                                     ;00000001;00476;0010;AHORA REPÚBLICAS (ERC-EH BILDU-BNG-ARA MÉS)            ;00000001;00476;0001;IZQESP                                                 ;00000000;00000;0002;CEUS                                                   ;00000000;00000;0060;JUNTS UE                                               ;00000000;00000;0019;ANDALUCISTAS                                           ;00000000;00000;0020;IE                                                     ;00000000;00000;0021;VOX                                                    ;00000000;00000;0023;ESCAÑOS EN BLANCO                                      ;00000000;00000;0024;CRT                                                    ;00000000;00000;0025;PODEMOS                                                ;00000000;00000;0026;PFAC                                                   ;00000000;00000;0027;PCTE                                                   ;00000000;00000;0029;PCPE/PCPC                                              ;00000000;00000;0039;PACMA                                                  ;00000000;00000;0040;CREE EN EUROPA                                         ;00000000;00000;0041;PMR                                                    ;00000000;00000;0042;AGRUPACIÓN DE ELECTORES "SE ACABÓ LA FIESTA"           ;00000000;00000;0043;F                                                      ;00000000;00000;0072;EXISTE                                                 ;00000000;00000;0046;Cs                                                     ;00000000;00000;0047;FE de las JONS                                         ;00000000;00000;0048;SAE                                                    ;00000000;00000;0049;J.U.E.X.                                               ;00000000;00000;0050;PH                                                     ;00000000;00000;0051;VOLT                                                   ;00000000;00000;0052;RECORTES CERO                                          ;00000000;00000;0063;EXTREMEÑOS                                             ;00000000;00000;0064;GLG                                                    ;00000000;00000;0065;PIRATAS / REBELDES                                     ;00000000;00000;0070;PREPAL                                                 ;00000000;00000;0000;                                                       ;00000000;00000;0000;                                                       ;00000000;00000;0000;                                                       ;00000000;00000;0000;                                                       ;00000000;00000;0000;                                                       ;00000000;00000;0000;                                                       ;00000000;00000;0000;                                                       ;00000000;00000;0000;                                                       ;00000000;00000;0000;                                                       ;00000000;00000;0000;                                                       ;00000000;00000;0000;                                                       ;00000000;00000;0000;                                                       ;00000000;00000;0000;                                                       ;00000000;00000;0000;                                                       ;00000000;00000;0000;                                                       ;00000000;00000;0000;                                                       ;00000000;00000;0000;                                                       ;00000000;00000;0000;                                                       ;00000000;00000;0000;                                                       ;00000000;00000;0000;                                                       ;00000000;00000;0000;                                                       ;00000000;00000;0000;                                                       ;00000000;00000;0000;                                                       ;00000000;00000;0000;                                                       ;00000000;00000;0000;                                                       ;00000000;00000;0000;                                                       ;00000000;00000;0000;                                                       ;00000000;00000;0000;                                                       ;00000000;00000;0000;                                                       ;00000000;00000;0000;                                                       ;00000000;00000;0000;                                                       ;00000000;00000;0000;                                                       ;00000000;00000;0000;                                                       ;00000000;00000;0000;                                                       ;00000000;00000;0000;                                                       ;00000000;00000;0000;                                                       ;00000000;00000;0000;                                                       ;00000000;00000;0000;                                                       ;00000000;00000;0000;                                                       ;00000000;00000;0000;                                                       ;00000000;00000;0000;                                                       ;00000000;00000;0000;                                                       ;00000000;00000;0000;                                                       ;00000000;00000;0000;                                                       ;00000000;00000;0000;                                                       ;00000000;00000;0000;                                                       ;00000000;00000;
2406100033;08;09;9;103;99;Cilleruelo de Abajo                               ;99;99;00001;00000177;00000177;10000;00000128;07231;00000049;02768;00000000;00000;00000003;00234;0017;PSOE                                                   ;00000054;04320;0022;PP                                                     ;00000050;04000;0021;VOX                                                    ;00000009;00719;0025;PODEMOS                                                ;00000005;00400;0032;SUMAR                                                  ;00000003;00239;0010;AHORA REPÚBLICAS (ERC-EH BILDU-BNG-ARA MÉS)            ;00000002;00160;0024;CRT                                                    ;00000001;00080;0042;AGRUPACIÓN DE ELECTORES "SE ACABÓ LA FIESTA"           ;00000001;00080;0001;IZQESP                                                 ;00000000;00000;0002;CEUS                                                   ;00000000;00000;0009;FO                                                     ;00000000;00000;0060;JUNTS UE                                               ;00000000;00000;0019;ANDALUCISTAS                                           ;00000000;00000;0020;IE                                                     ;00000000;00000;0023;ESCAÑOS EN BLANCO                                      ;00000000;00000;0026;PFAC                                                   ;00000000;00000;0027;PCTE                                                   ;00000000;00000;0029;PCPE/PCPC                                              ;00000000;00000;0039;PACMA                                                  ;00000000;00000;0040;CREE EN EUROPA                                         ;00000000;00000;0041;PMR                                                    ;00000000;00000;0043;F                                                      ;00000000;00000;0072;EXISTE                                                 ;00000000;00000;0046;Cs                                                     ;00000000;00000;0047;FE de las JONS                                         ;00000000;00000;0048;SAE                                                    ;00000000;00000;0049;J.U.E.X.                                               ;00000000;00000;0050;PH                                                     ;00000000;00000;0051;VOLT                                                   ;00000000;00000;0052;RECORTES CERO                                          ;00000000;00000;0063;EXTREMEÑOS                                             ;00000000;00000;0064;GLG                                                    ;00000000;00000;0065;PIRATAS / REBELDES                                     ;00000000;00000;0070;PREPAL                                                 ;00000000;00000;0000;                                                       ;00000000;00000;0000;                                                       ;00000000;00000;0000;                                                       ;00000000;00000;0000;                                                       ;00000000;00000;0000;                                                       ;00000000;00000;0000;                                                       ;00000000;00000;0000;                                                       ;00000000;00000;0000;                                                       ;00000000;00000;0000;                                                       ;00000000;00000;0000;                                                       ;00000000;00000;0000;                                                       ;00000000;00000;0000;                                                       ;00000000;00000;0000;                                                       ;00000000;00000;0000;                                                       ;00000000;00000;0000;                                                       ;00000000;00000;0000;                                                       ;00000000;00000;0000;                                                       ;00000000;00000;0000;                                                       ;00000000;00000;0000;                                                       ;00000000;00000;0000;                                                       ;00000000;00000;0000;                                                       ;00000000;00000;0000;                                                       ;00000000;00000;0000;                                                       ;00000000;00000;0000;                                                       ;00000000;00000;0000;                                                       ;00000000;00000;0000;                                                       ;00000000;00000;0000;                                                       ;00000000;00000;0000;                                                       ;00000000;00000;0000;                                                       ;00000000;00000;0000;                                                       ;00000000;00000;0000;                                                       ;00000000;00000;0000;                                                       ;00000000;00000;0000;                                                       ;00000000;00000;0000;                                                       ;00000000;00000;0000;                                                       ;00000000;00000;0000;                                                       ;00000000;00000;0000;                                                       ;00000000;00000;0000;                                                       ;00000000;00000;0000;                                                       ;00000000;00000;0000;                                                       ;00000000;00000;0000;                                                       ;00000000;00000;0000;                                                       ;00000000;00000;0000;                                                       ;00000000;00000;0000;                                                       ;00000000;00000;0000;                                                       ;00000000;00000;0000;                                                       ;00000000;00000;
2406100033;08;09;9;104;99;Cilleruelo de Arriba                              ;99;99;00001;00000047;00000047;10000;00000031;06595;00000016;03404;00000000;00000;00000000;00000;0022;PP                                                     ;00000014;04516;0021;VOX                                                    ;00000011;03548;0017;PSOE                                                   ;00000002;00645;0042;AGRUPACIÓN DE ELECTORES "SE ACABÓ LA FIESTA"           ;00000002;00645;0032;SUMAR                                                  ;00000001;00322;0046;Cs                                                     ;00000001;00322;0001;IZQESP                                                 ;00000000;00000;0002;CEUS                                                   ;00000000;00000;0009;FO                                                     ;00000000;00000;0010;AHORA REPÚBLICAS (ERC-EH BILDU-BNG-ARA MÉS)            ;00000000;00000;0060;JUNTS UE                                               ;00000000;00000;0019;ANDALUCISTAS                                           ;00000000;00000;0020;IE                                                     ;00000000;00000;0023;ESCAÑOS EN BLANCO                                      ;00000000;00000;0024;CRT                                                    ;00000000;00000;0025;PODEMOS                                                ;00000000;00000;0026;PFAC                                                   ;00000000;00000;0027;PCTE                                                   ;00000000;00000;0029;PCPE/PCPC                                              ;00000000;00000;0039;PACMA                                                  ;00000000;00000;0040;CREE EN EUROPA                                         ;00000000;00000;0041;PMR                                                    ;00000000;00000;0043;F                                                      ;00000000;00000;0072;EXISTE                                                 ;00000000;00000;0047;FE de las JONS                                         ;00000000;00000;0048;SAE                                                    ;00000000;00000;0049;J.U.E.X.                                               ;00000000;00000;0050;PH                                                     ;00000000;00000;0051;VOLT                                                   ;00000000;00000;0052;RECORTES CERO                                          ;00000000;00000;0063;EXTREMEÑOS                                             ;00000000;00000;0064;GLG                                                    ;00000000;00000;0065;PIRATAS / REBELDES                                     ;00000000;00000;0070;PREPAL                                                 ;00000000;00000;0000;                                                       ;00000000;00000;0000;                                                       ;00000000;00000;0000;                                                       ;00000000;00000;0000;                                                       ;00000000;00000;0000;                                                       ;00000000;00000;0000;                                                       ;00000000;00000;0000;                                                       ;00000000;00000;0000;                                                       ;00000000;00000;0000;                                                       ;00000000;00000;0000;                                                       ;00000000;00000;0000;                                                       ;00000000;00000;0000;                                                       ;00000000;00000;0000;                                                       ;00000000;00000;0000;                                                       ;00000000;00000;0000;                                                       ;00000000;00000;0000;                                                       ;00000000;00000;0000;                                                       ;00000000;00000;0000;                                                       ;00000000;00000;0000;                                                       ;00000000;00000;0000;                                                       ;00000000;00000;0000;                                                       ;00000000;00000;0000;                                                       ;00000000;00000;0000;                                                       ;00000000;00000;0000;                                                       ;00000000;00000;0000;                                                       ;00000000;00000;0000;                                                       ;00000000;00000;0000;                                                       ;00000000;00000;0000;                                                       ;00000000;00000;0000;                                                       ;00000000;00000;0000;                                                       ;00000000;00000;0000;                                                       ;00000000;00000;0000;                                                       ;00000000;00000;0000;                                                       ;00000000;00000;0000;                                                       ;00000000;00000;0000;                                                       ;00000000;00000;0000;                                                       ;00000000;00000;0000;                                                       ;00000000;00000;0000;                                                       ;00000000;00000;0000;                                                       ;00000000;00000;0000;                                                       ;00000000;00000;0000;                                                       ;00000000;00000;0000;                                                       ;00000000;00000;0000;                                                       ;00000000;00000;0000;                                                       ;00000000;00000;0000;                                                       ;00000000;00000;0000;                                                       ;00000000;00000;
2406100033;08;09;9;105;99;Ciruelos de Cervera                               ;99;99;00001;00000092;00000092;10000;00000066;07173;00000026;02826;00000001;00153;00000001;00151;0022;PP                                                     ;00000027;04153;0017;PSOE                                                   ;00000017;02615;0021;VOX                                                    ;00000008;01230;0025;PODEMOS                                                ;00000003;00461;0032;SUMAR                                                  ;00000002;00307;0042;AGRUPACIÓN DE ELECTORES "SE ACABÓ LA FIESTA"           ;00000002;00307;0072;EXISTE                                                 ;00000002;00307;0046;Cs                                                     ;00000002;00307;0048;SAE                                                    ;00000001;00153;0001;IZQESP                                                 ;00000000;00000;0002;CEUS                                                   ;00000000;00000;0009;FO                                                     ;00000000;00000;0010;AHORA REPÚBLICAS (ERC-EH BILDU-BNG-ARA MÉS)            ;00000000;00000;0060;JUNTS UE                                               ;00000000;00000;0019;ANDALUCISTAS                                           ;00000000;00000;0020;IE                                                     ;00000000;00000;0023;ESCAÑOS EN BLANCO                                      ;00000000;00000;0024;CRT                                                    ;00000000;00000;0026;PFAC                                                   ;00000000;00000;0027;PCTE                                                   ;00000000;00000;0029;PCPE/PCPC                                              ;00000000;00000;0039;PACMA                                                  ;00000000;00000;0040;CREE EN EUROPA                                         ;00000000;00000;0041;PMR                                                    ;00000000;00000;0043;F                                                      ;00000000;00000;0047;FE de las JONS                                         ;00000000;00000;0049;J.U.E.X.                                               ;00000000;00000;0050;PH                                                     ;00000000;00000;0051;VOLT                                                   ;00000000;00000;0052;RECORTES CERO                                          ;00000000;00000;0063;EXTREMEÑOS                                             ;00000000;00000;0064;GLG                                                    ;00000000;00000;0065;PIRATAS / REBELDES                                     ;00000000;00000;0070;PREPAL                                                 ;00000000;00000;0000;                                                       ;00000000;00000;0000;                                                       ;00000000;00000;0000;                                                       ;00000000;00000;0000;                                                       ;00000000;00000;0000;                                                       ;00000000;00000;0000;                                                       ;00000000;00000;0000;                                                       ;00000000;00000;0000;                                                       ;00000000;00000;0000;                                                       ;00000000;00000;0000;                                                       ;00000000;00000;0000;                                                       ;00000000;00000;0000;                                                       ;00000000;00000;0000;                                                       ;00000000;00000;0000;                                                       ;00000000;00000;0000;                                                       ;00000000;00000;0000;                                                       ;00000000;00000;0000;                                                       ;00000000;00000;0000;                                                       ;00000000;00000;0000;                                                       ;00000000;00000;0000;                                                       ;00000000;00000;0000;                                                       ;00000000;00000;0000;                                                       ;00000000;00000;0000;                                                       ;00000000;00000;0000;                                                       ;00000000;00000;0000;                                                       ;00000000;00000;0000;                                                       ;00000000;00000;0000;                                                       ;00000000;00000;0000;                                                       ;00000000;00000;0000;                                                       ;00000000;00000;0000;                                                       ;00000000;00000;0000;                                                       ;00000000;00000;0000;                                                       ;00000000;00000;0000;                                                       ;00000000;00000;0000;                                                       ;00000000;00000;0000;                                                       ;00000000;00000;0000;                                                       ;00000000;00000;0000;                                                       ;00000000;00000;0000;                                                       ;00000000;00000;0000;                                                       ;00000000;00000;0000;                                                       ;00000000;00000;0000;                                                       ;00000000;00000;0000;                                                       ;00000000;00000;0000;                                                       ;00000000;00000;0000;                                                       ;00000000;00000;0000;                                                       ;00000000;00000;0000;                                                       ;00000000;00000;
2406100033;08;09;9;108;99;Cogollos                                          ;99;99;00001;00000498;00000498;10000;00000264;05301;00000234;04698;00000006;00231;00000005;00189;0017;PSOE                                                   ;00000087;03359;0022;PP                                                     ;00000083;03204;0021;VOX                                                    ;00000039;01505;0025;PODEMOS                                                ;00000008;00308;0032;SUMAR                                                  ;00000007;00270;0042;AGRUPACIÓN DE ELECTORES "SE ACABÓ LA FIESTA"           ;00000007;00270;0009;FO                                                     ;00000005;00193;0039;PACMA                                                  ;00000005;00193;0020;IE                                                     ;00000004;00154;0026;PFAC                                                   ;00000002;00077;0046;Cs                                                     ;00000002;00077;0010;AHORA REPÚBLICAS (ERC-EH BILDU-BNG-ARA MÉS)            ;00000001;00038;0023;ESCAÑOS EN BLANCO                                      ;00000001;00038;0024;CRT                                                    ;00000001;00038;0027;PCTE                                                   ;00000001;00038;0001;IZQESP                                                 ;00000000;00000;0002;CEUS                                                   ;00000000;00000;0060;JUNTS UE                                               ;00000000;00000;0019;ANDALUCISTAS                                           ;00000000;00000;0029;PCPE/PCPC                                              ;00000000;00000;0040;CREE EN EUROPA                                         ;00000000;00000;0041;PMR                                                    ;00000000;00000;0043;F                                                      ;00000000;00000;0072;EXISTE                                                 ;00000000;00000;0047;FE de las JONS                                         ;00000000;00000;0048;SAE                                                    ;00000000;00000;0049;J.U.E.X.                                               ;00000000;00000;0050;PH                                                     ;00000000;00000;0051;VOLT                                                   ;00000000;00000;0052;RECORTES CERO                                          ;00000000;00000;0063;EXTREMEÑOS                                             ;00000000;00000;0064;GLG                                                    ;00000000;00000;0065;PIRATAS / REBELDES                                     ;00000000;00000;0070;PREPAL                                                 ;00000000;00000;0000;                                                       ;00000000;00000;0000;                                                       ;00000000;00000;0000;                                                       ;00000000;00000;0000;                                                       ;00000000;00000;0000;                                                       ;00000000;00000;0000;                                                       ;00000000;00000;0000;                                                       ;00000000;00000;0000;                                                       ;00000000;00000;0000;                                                       ;00000000;00000;0000;                                                       ;00000000;00000;0000;                                                       ;00000000;00000;0000;                                                       ;00000000;00000;0000;                                                       ;00000000;00000;0000;                                                       ;00000000;00000;0000;                                                       ;00000000;00000;0000;                                                       ;00000000;00000;0000;                                                       ;00000000;00000;0000;                                                       ;00000000;00000;0000;                                                       ;00000000;00000;0000;                                                       ;00000000;00000;0000;                                                       ;00000000;00000;0000;                                                       ;00000000;00000;0000;                                                       ;00000000;00000;0000;                                                       ;00000000;00000;0000;                                                       ;00000000;00000;0000;                                                       ;00000000;00000;0000;                                                       ;00000000;00000;0000;                                                       ;00000000;00000;0000;                                                       ;00000000;00000;0000;                                                       ;00000000;00000;0000;                                                       ;00000000;00000;0000;                                                       ;00000000;00000;0000;                                                       ;00000000;00000;0000;                                                       ;00000000;00000;0000;                                                       ;00000000;00000;0000;                                                       ;00000000;00000;0000;                                                       ;00000000;00000;0000;                                                       ;00000000;00000;0000;                                                       ;00000000;00000;0000;                                                       ;00000000;00000;0000;                                                       ;00000000;00000;0000;                                                       ;00000000;00000;0000;                                                       ;00000000;00000;0000;                                                       ;00000000;00000;0000;                                                       ;00000000;00000;0000;                                                       ;00000000;00000;
2406100033;08;09;9;109;99;Condado de Treviño                                ;99;99;00003;00001178;00001178;10000;00000484;04108;00000694;05891;00000006;00125;00000007;00144;0017;PSOE                                                   ;00000132;02767;0022;PP                                                     ;00000115;02410;0010;AHORA REPÚBLICAS (ERC-EH BILDU-BNG-ARA MÉS)            ;00000066;01383;0021;VOX                                                    ;00000047;00985;0032;SUMAR                                                  ;00000025;00524;0025;PODEMOS                                                ;00000021;00440;0002;CEUS                                                   ;00000016;00335;0039;PACMA                                                  ;00000015;00314;0042;AGRUPACIÓN DE ELECTORES "SE ACABÓ LA FIESTA"           ;00000012;00251;0072;EXISTE                                                 ;00000007;00146;0020;IE                                                     ;00000004;00083;0048;SAE                                                    ;00000002;00041;0001;IZQESP                                                 ;00000001;00020;0009;FO                                                     ;00000001;00020;0060;JUNTS UE                                               ;00000001;00020;0023;ESCAÑOS EN BLANCO                                      ;00000001;00020;0026;PFAC                                                   ;00000001;00020;0027;PCTE                                                   ;00000001;00020;0029;PCPE/PCPC                                              ;00000001;00020;0050;PH                                                     ;00000001;00020;0051;VOLT                                                   ;00000001;00020;0019;ANDALUCISTAS                                           ;00000000;00000;0024;CRT                                                    ;00000000;00000;0040;CREE EN EUROPA                                         ;00000000;00000;0041;PMR                                                    ;00000000;00000;0043;F                                                      ;00000000;00000;0046;Cs                                                     ;00000000;00000;0047;FE de las JONS                                         ;00000000;00000;0049;J.U.E.X.                                               ;00000000;00000;0052;RECORTES CERO                                          ;00000000;00000;0063;EXTREMEÑOS                                             ;00000000;00000;0064;GLG                                                    ;00000000;00000;0065;PIRATAS / REBELDES                                     ;00000000;00000;0070;PREPAL                                                 ;00000000;00000;0000;                                                       ;00000000;00000;0000;                                                       ;00000000;00000;0000;                                                       ;00000000;00000;0000;                                                       ;00000000;00000;0000;                                                       ;00000000;00000;0000;                                                       ;00000000;00000;0000;                                                       ;00000000;00000;0000;                                                       ;00000000;00000;0000;                                                       ;00000000;00000;0000;                                                       ;00000000;00000;0000;                                                       ;00000000;00000;0000;                                                       ;00000000;00000;0000;                                                       ;00000000;00000;0000;                                                       ;00000000;00000;0000;                                                       ;00000000;00000;0000;                                                       ;00000000;00000;0000;                                                       ;00000000;00000;0000;                                                       ;00000000;00000;0000;                                                       ;00000000;00000;0000;                                                       ;00000000;00000;0000;                                                       ;00000000;00000;0000;                                                       ;00000000;00000;0000;                                                       ;00000000;00000;0000;                                                       ;00000000;00000;0000;                                                       ;00000000;00000;0000;                                                       ;00000000;00000;0000;                                                       ;00000000;00000;0000;                                                       ;00000000;00000;0000;                                                       ;00000000;00000;0000;                                                       ;00000000;00000;0000;                                                       ;00000000;00000;0000;                                                       ;00000000;00000;0000;                                                       ;00000000;00000;0000;                                                       ;00000000;00000;0000;                                                       ;00000000;00000;0000;                                                       ;00000000;00000;0000;                                                       ;00000000;00000;0000;                                                       ;00000000;00000;0000;                                                       ;00000000;00000;0000;                                                       ;00000000;00000;0000;                                                       ;00000000;00000;0000;                                                       ;00000000;00000;0000;                                                       ;00000000;00000;0000;                                                       ;00000000;00000;0000;                                                       ;00000000;00000;0000;                                                       ;00000000;00000;
2406100033;08;09;9;110;99;Contreras                                         ;99;99;00001;00000080;00000080;10000;00000044;05500;00000036;04500;00000002;00454;00000000;00000;0022;PP                                                     ;00000025;05681;0017;PSOE                                                   ;00000008;01818;0021;VOX                                                    ;00000004;00909;0048;SAE                                                    ;00000002;00454;0009;FO                                                     ;00000001;00227;0042;AGRUPACIÓN DE ELECTORES "SE ACABÓ LA FIESTA"           ;00000001;00227;0047;FE de las JONS                                         ;00000001;00227;0001;IZQESP                                                 ;00000000;00000;0002;CEUS                                                   ;00000000;00000;0010;AHORA REPÚBLICAS (ERC-EH BILDU-BNG-ARA MÉS)            ;00000000;00000;0060;JUNTS UE                                               ;00000000;00000;0019;ANDALUCISTAS                                           ;00000000;00000;0020;IE                                                     ;00000000;00000;0023;ESCAÑOS EN BLANCO                                      ;00000000;00000;0024;CRT                                                    ;00000000;00000;0025;PODEMOS                                                ;00000000;00000;0026;PFAC                                                   ;00000000;00000;0027;PCTE                                                   ;00000000;00000;0029;PCPE/PCPC                                              ;00000000;00000;0032;SUMAR                                                  ;00000000;00000;0039;PACMA                                                  ;00000000;00000;0040;CREE EN EUROPA                                         ;00000000;00000;0041;PMR                                                    ;00000000;00000;0043;F                                                      ;00000000;00000;0072;EXISTE                                                 ;00000000;00000;0046;Cs                                                     ;00000000;00000;0049;J.U.E.X.                                               ;00000000;00000;0050;PH                                                     ;00000000;00000;0051;VOLT                                                   ;00000000;00000;0052;RECORTES CERO                                          ;00000000;00000;0063;EXTREMEÑOS                                             ;00000000;00000;0064;GLG                                                    ;00000000;00000;0065;PIRATAS / REBELDES                                     ;00000000;00000;0070;PREPAL                                                 ;00000000;00000;0000;                                                       ;00000000;00000;0000;                                                       ;00000000;00000;0000;                                                       ;00000000;00000;0000;                                                       ;00000000;00000;0000;                                                       ;00000000;00000;0000;                                                       ;00000000;00000;0000;                                                       ;00000000;00000;0000;                                                       ;00000000;00000;0000;                                                       ;00000000;00000;0000;                                                       ;00000000;00000;0000;                                                       ;00000000;00000;0000;                                                       ;00000000;00000;0000;                                                       ;00000000;00000;0000;                                                       ;00000000;00000;0000;                                                       ;00000000;00000;0000;                                                       ;00000000;00000;0000;                                                       ;00000000;00000;0000;                                                       ;00000000;00000;0000;                                                       ;00000000;00000;0000;                                                       ;00000000;00000;0000;                                                       ;00000000;00000;0000;                                                       ;00000000;00000;0000;                                                       ;00000000;00000;0000;                                                       ;00000000;00000;0000;                                                       ;00000000;00000;0000;                                                       ;00000000;00000;0000;                                                       ;00000000;00000;0000;                                                       ;00000000;00000;0000;                                                       ;00000000;00000;0000;                                                       ;00000000;00000;0000;                                                       ;00000000;00000;0000;                                                       ;00000000;00000;0000;                                                       ;00000000;00000;0000;                                                       ;00000000;00000;0000;                                                       ;00000000;00000;0000;                                                       ;00000000;00000;0000;                                                       ;00000000;00000;0000;                                                       ;00000000;00000;0000;                                                       ;00000000;00000;0000;                                                       ;00000000;00000;0000;                                                       ;00000000;00000;0000;                                                       ;00000000;00000;0000;                                                       ;00000000;00000;0000;                                                       ;00000000;00000;0000;                                                       ;00000000;00000;0000;                                                       ;00000000;00000;
2406100033;08;09;9;112;99;Coruña del Conde                                  ;99;99;00001;00000094;00000094;10000;00000059;06276;00000035;03723;00000002;00344;00000001;00169;0022;PP                                                     ;00000026;04482;0017;PSOE                                                   ;00000018;03103;0025;PODEMOS                                                ;00000003;00517;0072;EXISTE                                                 ;00000003;00517;0021;VOX                                                    ;00000002;00344;0032;SUMAR                                                  ;00000002;00344;0039;PACMA                                                  ;00000001;00172;0042;AGRUPACIÓN DE ELECTORES "SE ACABÓ LA FIESTA"           ;00000001;00172;0001;IZQESP                                                 ;00000000;00000;0002;CEUS                                                   ;00000000;00000;0009;FO                                                     ;00000000;00000;0010;AHORA REPÚBLICAS (ERC-EH BILDU-BNG-ARA MÉS)            ;00000000;00000;0060;JUNTS UE                                               ;00000000;00000;0019;ANDALUCISTAS                                           ;00000000;00000;0020;IE                                                     ;00000000;00000;0023;ESCAÑOS EN BLANCO                                      ;00000000;00000;0024;CRT                                                    ;00000000;00000;0026;PFAC                                                   ;00000000;00000;0027;PCTE                                                   ;00000000;00000;0029;PCPE/PCPC                                              ;00000000;00000;0040;CREE EN EUROPA                                         ;00000000;00000;0041;PMR                                                    ;00000000;00000;0043;F                                                      ;00000000;00000;0046;Cs                                                     ;00000000;00000;0047;FE de las JONS                                         ;00000000;00000;0048;SAE                                                    ;00000000;00000;0049;J.U.E.X.                                               ;00000000;00000;0050;PH                                                     ;00000000;00000;0051;VOLT                                                   ;00000000;00000;0052;RECORTES CERO                                          ;00000000;00000;0063;EXTREMEÑOS                                             ;00000000;00000;0064;GLG                                                    ;00000000;00000;0065;PIRATAS / REBELDES                                     ;00000000;00000;0070;PREPAL                                                 ;00000000;00000;0000;                                                       ;00000000;00000;0000;                                                       ;00000000;00000;0000;                                                       ;00000000;00000;0000;                                                       ;00000000;00000;0000;                                                       ;00000000;00000;0000;                                                       ;00000000;00000;0000;                                                       ;00000000;00000;0000;                                                       ;00000000;00000;0000;                                                       ;00000000;00000;0000;                                                       ;00000000;00000;0000;                                                       ;00000000;00000;0000;                                                       ;00000000;00000;0000;                                                       ;00000000;00000;0000;                                                       ;00000000;00000;0000;                                                       ;00000000;00000;0000;                                                       ;00000000;00000;0000;                                                       ;00000000;00000;0000;                                                       ;00000000;00000;0000;                                                       ;00000000;00000;0000;                                                       ;00000000;00000;0000;                                                       ;00000000;00000;0000;                                                       ;00000000;00000;0000;                                                       ;00000000;00000;0000;                                                       ;00000000;00000;0000;                                                       ;00000000;00000;0000;                                                       ;00000000;00000;0000;                                                       ;00000000;00000;0000;                                                       ;00000000;00000;0000;                                                       ;00000000;00000;0000;                                                       ;00000000;00000;0000;                                                       ;00000000;00000;0000;                                                       ;00000000;00000;0000;                                                       ;00000000;00000;0000;                                                       ;00000000;00000;0000;                                                       ;00000000;00000;0000;                                                       ;00000000;00000;0000;                                                       ;00000000;00000;0000;                                                       ;00000000;00000;0000;                                                       ;00000000;00000;0000;                                                       ;00000000;00000;0000;                                                       ;00000000;00000;0000;                                                       ;00000000;00000;0000;                                                       ;00000000;00000;0000;                                                       ;00000000;00000;0000;                                                       ;00000000;00000;0000;                                                       ;00000000;00000;
2406100033;08;09;9;113;99;Covarrubias                                       ;99;99;00001;00000422;00000422;10000;00000247;05853;00000175;04146;00000004;00163;00000003;00121;0022;PP                                                     ;00000108;04426;0017;PSOE                                                   ;00000077;03155;0021;VOX                                                    ;00000011;00450;0032;SUMAR                                                  ;00000009;00368;0042;AGRUPACIÓN DE ELECTORES "SE ACABÓ LA FIESTA"           ;00000009;00368;0046;Cs                                                     ;00000006;00245;0009;FO                                                     ;00000004;00163;0025;PODEMOS                                                ;00000004;00163;0023;ESCAÑOS EN BLANCO                                      ;00000003;00122;0072;EXISTE                                                 ;00000003;00122;0027;PCTE                                                   ;00000002;00081;0041;PMR                                                    ;00000002;00081;0051;VOLT                                                   ;00000001;00040;0070;PREPAL                                                 ;00000001;00040;0001;IZQESP                                                 ;00000000;00000;0002;CEUS                                                   ;00000000;00000;0010;AHORA REPÚBLICAS (ERC-EH BILDU-BNG-ARA MÉS)            ;00000000;00000;0060;JUNTS UE                                               ;00000000;00000;0019;ANDALUCISTAS                                           ;00000000;00000;0020;IE                                                     ;00000000;00000;0024;CRT                                                    ;00000000;00000;0026;PFAC                                                   ;00000000;00000;0029;PCPE/PCPC                                              ;00000000;00000;0039;PACMA                                                  ;00000000;00000;0040;CREE EN EUROPA                                         ;00000000;00000;0043;F                                                      ;00000000;00000;0047;FE de las JONS                                         ;00000000;00000;0048;SAE                                                    ;00000000;00000;0049;J.U.E.X.                                               ;00000000;00000;0050;PH                                                     ;00000000;00000;0052;RECORTES CERO                                          ;00000000;00000;0063;EXTREMEÑOS                                             ;00000000;00000;0064;GLG                                                    ;00000000;00000;0065;PIRATAS / REBELDES                                     ;00000000;00000;0000;                                                       ;00000000;00000;0000;                                                       ;00000000;00000;0000;                                                       ;00000000;00000;0000;                                                       ;00000000;00000;0000;                                                       ;00000000;00000;0000;                                                       ;00000000;00000;0000;                                                       ;00000000;00000;0000;                                                       ;00000000;00000;0000;                                                       ;00000000;00000;0000;                                                       ;00000000;00000;0000;                                                       ;00000000;00000;0000;                                                       ;00000000;00000;0000;                                                       ;00000000;00000;0000;                                                       ;00000000;00000;0000;                                                       ;00000000;00000;0000;                                                       ;00000000;00000;0000;                                                       ;00000000;00000;0000;                                                       ;00000000;00000;0000;                                                       ;00000000;00000;0000;                                                       ;00000000;00000;0000;                                                       ;00000000;00000;0000;                                                       ;00000000;00000;0000;                                                       ;00000000;00000;0000;                                                       ;00000000;00000;0000;                                                       ;00000000;00000;0000;                                                       ;00000000;00000;0000;                                                       ;00000000;00000;0000;                                                       ;00000000;00000;0000;                                                       ;00000000;00000;0000;                                                       ;00000000;00000;0000;                                                       ;00000000;00000;0000;                                                       ;00000000;00000;0000;                                                       ;00000000;00000;0000;                                                       ;00000000;00000;0000;                                                       ;00000000;00000;0000;                                                       ;00000000;00000;0000;                                                       ;00000000;00000;0000;                                                       ;00000000;00000;0000;                                                       ;00000000;00000;0000;                                                       ;00000000;00000;0000;                                                       ;00000000;00000;0000;                                                       ;00000000;00000;0000;                                                       ;00000000;00000;0000;                                                       ;00000000;00000;0000;                                                       ;00000000;00000;0000;                                                       ;00000000;00000;
2406100033;08;09;9;114;99;Cubillo del Campo                                 ;99;99;00001;00000075;00000075;10000;00000047;06266;00000028;03733;00000000;00000;00000000;00000;0022;PP                                                     ;00000025;05319;0017;PSOE                                                   ;00000008;01702;0021;VOX                                                    ;00000007;01489;0042;AGRUPACIÓN DE ELECTORES "SE ACABÓ LA FIESTA"           ;00000005;01063;0009;FO                                                     ;00000001;00212;0027;PCTE                                                   ;00000001;00212;0001;IZQESP                                                 ;00000000;00000;0002;CEUS                                                   ;00000000;00000;0010;AHORA REPÚBLICAS (ERC-EH BILDU-BNG-ARA MÉS)            ;00000000;00000;0060;JUNTS UE                                               ;00000000;00000;0019;ANDALUCISTAS                                           ;00000000;00000;0020;IE                                                     ;00000000;00000;0023;ESCAÑOS EN BLANCO                                      ;00000000;00000;0024;CRT                                                    ;00000000;00000;0025;PODEMOS                                                ;00000000;00000;0026;PFAC                                                   ;00000000;00000;0029;PCPE/PCPC                                              ;00000000;00000;0032;SUMAR                                                  ;00000000;00000;0039;PACMA                                                  ;00000000;00000;0040;CREE EN EUROPA                                         ;00000000;00000;0041;PMR                                                    ;00000000;00000;0043;F                                                      ;00000000;00000;0072;EXISTE                                                 ;00000000;00000;0046;Cs                                                     ;00000000;00000;0047;FE de las JONS                                         ;00000000;00000;0048;SAE                                                    ;00000000;00000;0049;J.U.E.X.                                               ;00000000;00000;0050;PH                                                     ;00000000;00000;0051;VOLT                                                   ;00000000;00000;0052;RECORTES CERO                                          ;00000000;00000;0063;EXTREMEÑOS                                             ;00000000;00000;0064;GLG                                                    ;00000000;00000;0065;PIRATAS / REBELDES                                     ;00000000;00000;0070;PREPAL                                                 ;00000000;00000;0000;                                                       ;00000000;00000;0000;                                                       ;00000000;00000;0000;                                                       ;00000000;00000;0000;                                                       ;00000000;00000;0000;                                                       ;00000000;00000;0000;                                                       ;00000000;00000;0000;                                                       ;00000000;00000;0000;                                                       ;00000000;00000;0000;                                                       ;00000000;00000;0000;                                                       ;00000000;00000;0000;                                                       ;00000000;00000;0000;                                                       ;00000000;00000;0000;                                                       ;00000000;00000;0000;                                                       ;00000000;00000;0000;                                                       ;00000000;00000;0000;                                                       ;00000000;00000;0000;                                                       ;00000000;00000;0000;                                                       ;00000000;00000;0000;                                                       ;00000000;00000;0000;                                                       ;00000000;00000;0000;                                                       ;00000000;00000;0000;                                                       ;00000000;00000;0000;                                                       ;00000000;00000;0000;                                                       ;00000000;00000;0000;                                                       ;00000000;00000;0000;                                                       ;00000000;00000;0000;                                                       ;00000000;00000;0000;                                                       ;00000000;00000;0000;                                                       ;00000000;00000;0000;                                                       ;00000000;00000;0000;                                                       ;00000000;00000;0000;                                                       ;00000000;00000;0000;                                                       ;00000000;00000;0000;                                                       ;00000000;00000;0000;                                                       ;00000000;00000;0000;                                                       ;00000000;00000;0000;                                                       ;00000000;00000;0000;                                                       ;00000000;00000;0000;                                                       ;00000000;00000;0000;                                                       ;00000000;00000;0000;                                                       ;00000000;00000;0000;                                                       ;00000000;00000;0000;                                                       ;00000000;00000;0000;                                                       ;00000000;00000;0000;                                                       ;00000000;00000;0000;                                                       ;00000000;00000;
2406100033;08;09;9;115;99;Cubo de Bureba                                    ;99;99;00001;00000087;00000087;10000;00000046;05287;00000041;04712;00000001;00250;00000006;01304;0022;PP                                                     ;00000015;03750;0017;PSOE                                                   ;00000014;03500;0010;AHORA REPÚBLICAS (ERC-EH BILDU-BNG-ARA MÉS)            ;00000003;00750;0009;FO                                                     ;00000001;00250;0021;VOX                                                    ;00000001;00250;0025;PODEMOS                                                ;00000001;00250;0032;SUMAR                                                  ;00000001;00250;0042;AGRUPACIÓN DE ELECTORES "SE ACABÓ LA FIESTA"           ;00000001;00250;0051;VOLT                                                   ;00000001;00250;0070;PREPAL                                                 ;00000001;00250;0001;IZQESP                                                 ;00000000;00000;0002;CEUS                                                   ;00000000;00000;0060;JUNTS UE                                               ;00000000;00000;0019;ANDALUCISTAS                                           ;00000000;00000;0020;IE                                                     ;00000000;00000;0023;ESCAÑOS EN BLANCO                                      ;00000000;00000;0024;CRT                                                    ;00000000;00000;0026;PFAC                                                   ;00000000;00000;0027;PCTE                                                   ;00000000;00000;0029;PCPE/PCPC                                              ;00000000;00000;0039;PACMA                                                  ;00000000;00000;0040;CREE EN EUROPA                                         ;00000000;00000;0041;PMR                                                    ;00000000;00000;0043;F                                                      ;00000000;00000;0072;EXISTE                                                 ;00000000;00000;0046;Cs                                                     ;00000000;00000;0047;FE de las JONS                                         ;00000000;00000;0048;SAE                                                    ;00000000;00000;0049;J.U.E.X.                                               ;00000000;00000;0050;PH                                                     ;00000000;00000;0052;RECORTES CERO                                          ;00000000;00000;0063;EXTREMEÑOS                                             ;00000000;00000;0064;GLG                                                    ;00000000;00000;0065;PIRATAS / REBELDES                                     ;00000000;00000;0000;                                                       ;00000000;00000;0000;                                                       ;00000000;00000;0000;                                                       ;00000000;00000;0000;                                                       ;00000000;00000;0000;                                                       ;00000000;00000;0000;                                                       ;00000000;00000;0000;                                                       ;00000000;00000;0000;                                                       ;00000000;00000;0000;                                                       ;00000000;00000;0000;                                                       ;00000000;00000;0000;                                                       ;00000000;00000;0000;                                                       ;00000000;00000;0000;                                                       ;00000000;00000;0000;                                                       ;00000000;00000;0000;                                                       ;00000000;00000;0000;                                                       ;00000000;00000;0000;                                                       ;00000000;00000;0000;                                                       ;00000000;00000;0000;                                                       ;00000000;00000;0000;                                                       ;00000000;00000;0000;                                                       ;00000000;00000;0000;                                                       ;00000000;00000;0000;                                                       ;00000000;00000;0000;                                                       ;00000000;00000;0000;                                                       ;00000000;00000;0000;                                                       ;00000000;00000;0000;                                                       ;00000000;00000;0000;                                                       ;00000000;00000;0000;                                                       ;00000000;00000;0000;                                                       ;00000000;00000;0000;                                                       ;00000000;00000;0000;                                                       ;00000000;00000;0000;                                                       ;00000000;00000;0000;                                                       ;00000000;00000;0000;                                                       ;00000000;00000;0000;                                                       ;00000000;00000;0000;                                                       ;00000000;00000;0000;                                                       ;00000000;00000;0000;                                                       ;00000000;00000;0000;                                                       ;00000000;00000;0000;                                                       ;00000000;00000;0000;                                                       ;00000000;00000;0000;                                                       ;00000000;00000;0000;                                                       ;00000000;00000;0000;                                                       ;00000000;00000;0000;                                                       ;00000000;00000;
2406100033;08;09;9;117;99;La Cueva de Roa                                   ;99;99;00001;00000070;00000070;10000;00000051;07285;00000019;02714;00000000;00000;00000001;00196;0022;PP                                                     ;00000034;06800;0017;PSOE                                                   ;00000008;01600;0021;VOX                                                    ;00000004;00800;0042;AGRUPACIÓN DE ELECTORES "SE ACABÓ LA FIESTA"           ;00000003;00600;0072;EXISTE                                                 ;00000001;00200;0001;IZQESP                                                 ;00000000;00000;0002;CEUS                                                   ;00000000;00000;0009;FO                                                     ;00000000;00000;0010;AHORA REPÚBLICAS (ERC-EH BILDU-BNG-ARA MÉS)            ;00000000;00000;0060;JUNTS UE                                               ;00000000;00000;0019;ANDALUCISTAS                                           ;00000000;00000;0020;IE                                                     ;00000000;00000;0023;ESCAÑOS EN BLANCO                                      ;00000000;00000;0024;CRT                                                    ;00000000;00000;0025;PODEMOS                                                ;00000000;00000;0026;PFAC                                                   ;00000000;00000;0027;PCTE                                                   ;00000000;00000;0029;PCPE/PCPC                                              ;00000000;00000;0032;SUMAR                                                  ;00000000;00000;0039;PACMA                                                  ;00000000;00000;0040;CREE EN EUROPA                                         ;00000000;00000;0041;PMR                                                    ;00000000;00000;0043;F                                                      ;00000000;00000;0046;Cs                                                     ;00000000;00000;0047;FE de las JONS                                         ;00000000;00000;0048;SAE                                                    ;00000000;00000;0049;J.U.E.X.                                               ;00000000;00000;0050;PH                                                     ;00000000;00000;0051;VOLT                                                   ;00000000;00000;0052;RECORTES CERO                                          ;00000000;00000;0063;EXTREMEÑOS                                             ;00000000;00000;0064;GLG                                                    ;00000000;00000;0065;PIRATAS / REBELDES                                     ;00000000;00000;0070;PREPAL                                                 ;00000000;00000;0000;                                                       ;00000000;00000;0000;                                                       ;00000000;00000;0000;                                                       ;00000000;00000;0000;                                                       ;00000000;00000;0000;                                                       ;00000000;00000;0000;                                                       ;00000000;00000;0000;                                                       ;00000000;00000;0000;                                                       ;00000000;00000;0000;                                                       ;00000000;00000;0000;                                                       ;00000000;00000;0000;                                                       ;00000000;00000;0000;                                                       ;00000000;00000;0000;                                                       ;00000000;00000;0000;                                                       ;00000000;00000;0000;                                                       ;00000000;00000;0000;                                                       ;00000000;00000;0000;                                                       ;00000000;00000;0000;                                                       ;00000000;00000;0000;                                                       ;00000000;00000;0000;                                                       ;00000000;00000;0000;                                                       ;00000000;00000;0000;                                                       ;00000000;00000;0000;                                                       ;00000000;00000;0000;                                                       ;00000000;00000;0000;                                                       ;00000000;00000;0000;                                                       ;00000000;00000;0000;                                                       ;00000000;00000;0000;                                                       ;00000000;00000;0000;                                                       ;00000000;00000;0000;                                                       ;00000000;00000;0000;                                                       ;00000000;00000;0000;                                                       ;00000000;00000;0000;                                                       ;00000000;00000;0000;                                                       ;00000000;00000;0000;                                                       ;00000000;00000;0000;                                                       ;00000000;00000;0000;                                                       ;00000000;00000;0000;                                                       ;00000000;00000;0000;                                                       ;00000000;00000;0000;                                                       ;00000000;00000;0000;                                                       ;00000000;00000;0000;                                                       ;00000000;00000;0000;                                                       ;00000000;00000;0000;                                                       ;00000000;00000;0000;                                                       ;00000000;00000;0000;                                                       ;00000000;00000;
2406100033;08;09;9;119;99;Cuevas de San Clemente                            ;99;99;00001;00000039;00000039;10000;00000022;05641;00000017;04358;00000000;00000;00000001;00454;0017;PSOE                                                   ;00000007;03333;0022;PP                                                     ;00000007;03333;0021;VOX                                                    ;00000004;01904;0025;PODEMOS                                                ;00000001;00476;0026;PFAC                                                   ;00000001;00476;0032;SUMAR                                                  ;00000001;00476;0001;IZQESP                                                 ;00000000;00000;0002;CEUS                                                   ;00000000;00000;0009;FO                                                     ;00000000;00000;0010;AHORA REPÚBLICAS (ERC-EH BILDU-BNG-ARA MÉS)            ;00000000;00000;0060;JUNTS UE                                               ;00000000;00000;0019;ANDALUCISTAS                                           ;00000000;00000;0020;IE                                                     ;00000000;00000;0023;ESCAÑOS EN BLANCO                                      ;00000000;00000;0024;CRT                                                    ;00000000;00000;0027;PCTE                                                   ;00000000;00000;0029;PCPE/PCPC                                              ;00000000;00000;0039;PACMA                                                  ;00000000;00000;0040;CREE EN EUROPA                                         ;00000000;00000;0041;PMR                                                    ;00000000;00000;0042;AGRUPACIÓN DE ELECTORES "SE ACABÓ LA FIESTA"           ;00000000;00000;0043;F                                                      ;00000000;00000;0072;EXISTE                                                 ;00000000;00000;0046;Cs                                                     ;00000000;00000;0047;FE de las JONS                                         ;00000000;00000;0048;SAE                                                    ;00000000;00000;0049;J.U.E.X.                                               ;00000000;00000;0050;PH                                                     ;00000000;00000;0051;VOLT                                                   ;00000000;00000;0052;RECORTES CERO                                          ;00000000;00000;0063;EXTREMEÑOS                                             ;00000000;00000;0064;GLG                                                    ;00000000;00000;0065;PIRATAS / REBELDES                                     ;00000000;00000;0070;PREPAL                                                 ;00000000;00000;0000;                                                       ;00000000;00000;0000;                                                       ;00000000;00000;0000;                                                       ;00000000;00000;0000;                                                       ;00000000;00000;0000;                                                       ;00000000;00000;0000;                                                       ;00000000;00000;0000;                                                       ;00000000;00000;0000;                                                       ;00000000;00000;0000;                                                       ;00000000;00000;0000;                                                       ;00000000;00000;0000;                                                       ;00000000;00000;0000;                                                       ;00000000;00000;0000;                                                       ;00000000;00000;0000;                                                       ;00000000;00000;0000;                                                       ;00000000;00000;0000;                                                       ;00000000;00000;0000;                                                       ;00000000;00000;0000;                                                       ;00000000;00000;0000;                                                       ;00000000;00000;0000;                                                       ;00000000;00000;0000;                                                       ;00000000;00000;0000;                                                       ;00000000;00000;0000;                                                       ;00000000;00000;0000;                                                       ;00000000;00000;0000;                                                       ;00000000;00000;0000;                                                       ;00000000;00000;0000;                                                       ;00000000;00000;0000;                                                       ;00000000;00000;0000;                                                       ;00000000;00000;0000;                                                       ;00000000;00000;0000;                                                       ;00000000;00000;0000;                                                       ;00000000;00000;0000;                                                       ;00000000;00000;0000;                                                       ;00000000;00000;0000;                                                       ;00000000;00000;0000;                                                       ;00000000;00000;0000;                                                       ;00000000;00000;0000;                                                       ;00000000;00000;0000;                                                       ;00000000;00000;0000;                                                       ;00000000;00000;0000;                                                       ;00000000;00000;0000;                                                       ;00000000;00000;0000;                                                       ;00000000;00000;0000;                                                       ;00000000;00000;0000;                                                       ;00000000;00000;0000;                                                       ;00000000;00000;
2406100033;08;09;9;120;99;Encío                                             ;99;99;00001;00000038;00000038;10000;00000029;07631;00000009;02368;00000000;00000;00000000;00000;0022;PP                                                     ;00000012;04137;0017;PSOE                                                   ;00000011;03793;0021;VOX                                                    ;00000004;01379;0032;SUMAR                                                  ;00000002;00689;0001;IZQESP                                                 ;00000000;00000;0002;CEUS                                                   ;00000000;00000;0009;FO                                                     ;00000000;00000;0010;AHORA REPÚBLICAS (ERC-EH BILDU-BNG-ARA MÉS)            ;00000000;00000;0060;JUNTS UE                                               ;00000000;00000;0019;ANDALUCISTAS                                           ;00000000;00000;0020;IE                                                     ;00000000;00000;0023;ESCAÑOS EN BLANCO                                      ;00000000;00000;0024;CRT                                                    ;00000000;00000;0025;PODEMOS                                                ;00000000;00000;0026;PFAC                                                   ;00000000;00000;0027;PCTE                                                   ;00000000;00000;0029;PCPE/PCPC                                              ;00000000;00000;0039;PACMA                                                  ;00000000;00000;0040;CREE EN EUROPA                                         ;00000000;00000;0041;PMR                                                    ;00000000;00000;0042;AGRUPACIÓN DE ELECTORES "SE ACABÓ LA FIESTA"           ;00000000;00000;0043;F                                                      ;00000000;00000;0072;EXISTE                                                 ;00000000;00000;0046;Cs                                                     ;00000000;00000;0047;FE de las JONS                                         ;00000000;00000;0048;SAE                                                    ;00000000;00000;0049;J.U.E.X.                                               ;00000000;00000;0050;PH                                                     ;00000000;00000;0051;VOLT                                                   ;00000000;00000;0052;RECORTES CERO                                          ;00000000;00000;0063;EXTREMEÑOS                                             ;00000000;00000;0064;GLG                                                    ;00000000;00000;0065;PIRATAS / REBELDES                                     ;00000000;00000;0070;PREPAL                                                 ;00000000;00000;0000;                                                       ;00000000;00000;0000;                                                       ;00000000;00000;0000;                                                       ;00000000;00000;0000;                                                       ;00000000;00000;0000;                                                       ;00000000;00000;0000;                                                       ;00000000;00000;0000;                                                       ;00000000;00000;0000;                                                       ;00000000;00000;0000;                                                       ;00000000;00000;0000;                                                       ;00000000;00000;0000;                                                       ;00000000;00000;0000;                                                       ;00000000;00000;0000;                                                       ;00000000;00000;0000;                                                       ;00000000;00000;0000;                                                       ;00000000;00000;0000;                                                       ;00000000;00000;0000;                                                       ;00000000;00000;0000;                                                       ;00000000;00000;0000;                                                       ;00000000;00000;0000;                                                       ;00000000;00000;0000;                                                       ;00000000;00000;0000;                                                       ;00000000;00000;0000;                                                       ;00000000;00000;0000;                                                       ;00000000;00000;0000;                                                       ;00000000;00000;0000;                                                       ;00000000;00000;0000;                                                       ;00000000;00000;0000;                                                       ;00000000;00000;0000;                                                       ;00000000;00000;0000;                                                       ;00000000;00000;0000;                                                       ;00000000;00000;0000;                                                       ;00000000;00000;0000;                                                       ;00000000;00000;0000;                                                       ;00000000;00000;0000;                                                       ;00000000;00000;0000;                                                       ;00000000;00000;0000;                                                       ;00000000;00000;0000;                                                       ;00000000;00000;0000;                                                       ;00000000;00000;0000;                                                       ;00000000;00000;0000;                                                       ;00000000;00000;0000;                                                       ;00000000;00000;0000;                                                       ;00000000;00000;0000;                                                       ;00000000;00000;0000;                                                       ;00000000;00000;0000;                                                       ;00000000;00000;
2406100033;08;09;9;122;99;Espinosa de Cervera                               ;99;99;00001;00000073;00000073;10000;00000041;05616;00000032;04383;00000000;00000;00000001;00243;0022;PP                                                     ;00000021;05250;0017;PSOE                                                   ;00000011;02750;0021;VOX                                                    ;00000003;00750;0042;AGRUPACIÓN DE ELECTORES "SE ACABÓ LA FIESTA"           ;00000003;00750;0009;FO                                                     ;00000001;00250;0052;RECORTES CERO                                          ;00000001;00250;0001;IZQESP                                                 ;00000000;00000;0002;CEUS                                                   ;00000000;00000;0010;AHORA REPÚBLICAS (ERC-EH BILDU-BNG-ARA MÉS)            ;00000000;00000;0060;JUNTS UE                                               ;00000000;00000;0019;ANDALUCISTAS                                           ;00000000;00000;0020;IE                                                     ;00000000;00000;0023;ESCAÑOS EN BLANCO                                      ;00000000;00000;0024;CRT                                                    ;00000000;00000;0025;PODEMOS                                                ;00000000;00000;0026;PFAC                                                   ;00000000;00000;0027;PCTE                                                   ;00000000;00000;0029;PCPE/PCPC                                              ;00000000;00000;0032;SUMAR                                                  ;00000000;00000;0039;PACMA                                                  ;00000000;00000;0040;CREE EN EUROPA                                         ;00000000;00000;0041;PMR                                                    ;00000000;00000;0043;F                                                      ;00000000;00000;0072;EXISTE                                                 ;00000000;00000;0046;Cs                                                     ;00000000;00000;0047;FE de las JONS                                         ;00000000;00000;0048;SAE                                                    ;00000000;00000;0049;J.U.E.X.                                               ;00000000;00000;0050;PH                                                     ;00000000;00000;0051;VOLT                                                   ;00000000;00000;0063;EXTREMEÑOS                                             ;00000000;00000;0064;GLG                                                    ;00000000;00000;0065;PIRATAS / REBELDES                                     ;00000000;00000;0070;PREPAL                                                 ;00000000;00000;0000;                                                       ;00000000;00000;0000;                                                       ;00000000;00000;0000;                                                       ;00000000;00000;0000;                                                       ;00000000;00000;0000;                                                       ;00000000;00000;0000;                                                       ;00000000;00000;0000;                                                       ;00000000;00000;0000;                                                       ;00000000;00000;0000;                                                       ;00000000;00000;0000;                                                       ;00000000;00000;0000;                                                       ;00000000;00000;0000;                                                       ;00000000;00000;0000;                                                       ;00000000;00000;0000;                                                       ;00000000;00000;0000;                                                       ;00000000;00000;0000;                                                       ;00000000;00000;0000;                                                       ;00000000;00000;0000;                                                       ;00000000;00000;0000;                                                       ;00000000;00000;0000;                                                       ;00000000;00000;0000;                                                       ;00000000;00000;0000;                                                       ;00000000;00000;0000;                                                       ;00000000;00000;0000;                                                       ;00000000;00000;0000;                                                       ;00000000;00000;0000;                                                       ;00000000;00000;0000;                                                       ;00000000;00000;0000;                                                       ;00000000;00000;0000;                                                       ;00000000;00000;0000;                                                       ;00000000;00000;0000;                                                       ;00000000;00000;0000;                                                       ;00000000;00000;0000;                                                       ;00000000;00000;0000;                                                       ;00000000;00000;0000;                                                       ;00000000;00000;0000;                                                       ;00000000;00000;0000;                                                       ;00000000;00000;0000;                                                       ;00000000;00000;0000;                                                       ;00000000;00000;0000;                                                       ;00000000;00000;0000;                                                       ;00000000;00000;0000;                                                       ;00000000;00000;0000;                                                       ;00000000;00000;0000;                                                       ;00000000;00000;0000;                                                       ;00000000;00000;0000;                                                       ;00000000;00000;
2406100033;08;09;9;123;99;Espinosa del Camino                               ;99;99;00001;00000040;00000040;10000;00000026;06500;00000014;03500;00000000;00000;00000000;00000;0022;PP                                                     ;00000012;04615;0017;PSOE                                                   ;00000010;03846;0032;SUMAR                                                  ;00000002;00769;0021;VOX                                                    ;00000001;00384;0025;PODEMOS                                                ;00000001;00384;0001;IZQESP                                                 ;00000000;00000;0002;CEUS                                                   ;00000000;00000;0009;FO                                                     ;00000000;00000;0010;AHORA REPÚBLICAS (ERC-EH BILDU-BNG-ARA MÉS)            ;00000000;00000;0060;JUNTS UE                                               ;00000000;00000;0019;ANDALUCISTAS                                           ;00000000;00000;0020;IE                                                     ;00000000;00000;0023;ESCAÑOS EN BLANCO                                      ;00000000;00000;0024;CRT                                                    ;00000000;00000;0026;PFAC                                                   ;00000000;00000;0027;PCTE                                                   ;00000000;00000;0029;PCPE/PCPC                                              ;00000000;00000;0039;PACMA                                                  ;00000000;00000;0040;CREE EN EUROPA                                         ;00000000;00000;0041;PMR                                                    ;00000000;00000;0042;AGRUPACIÓN DE ELECTORES "SE ACABÓ LA FIESTA"           ;00000000;00000;0043;F                                                      ;00000000;00000;0072;EXISTE                                                 ;00000000;00000;0046;Cs                                                     ;00000000;00000;0047;FE de las JONS                                         ;00000000;00000;0048;SAE                                                    ;00000000;00000;0049;J.U.E.X.                                               ;00000000;00000;0050;PH                                                     ;00000000;00000;0051;VOLT                                                   ;00000000;00000;0052;RECORTES CERO                                          ;00000000;00000;0063;EXTREMEÑOS                                             ;00000000;00000;0064;GLG                                                    ;00000000;00000;0065;PIRATAS / REBELDES                                     ;00000000;00000;0070;PREPAL                                                 ;00000000;00000;0000;                                                       ;00000000;00000;0000;                                                       ;00000000;00000;0000;                                                       ;00000000;00000;0000;                                                       ;00000000;00000;0000;                                                       ;00000000;00000;0000;                                                       ;00000000;00000;0000;                                                       ;00000000;00000;0000;                                                       ;00000000;00000;0000;                                                       ;00000000;00000;0000;                                                       ;00000000;00000;0000;                                                       ;00000000;00000;0000;                                                       ;00000000;00000;0000;                                                       ;00000000;00000;0000;                                                       ;00000000;00000;0000;                                                       ;00000000;00000;0000;                                                       ;00000000;00000;0000;                                                       ;00000000;00000;0000;                                                       ;00000000;00000;0000;                                                       ;00000000;00000;0000;                                                       ;00000000;00000;0000;                                                       ;00000000;00000;0000;                                                       ;00000000;00000;0000;                                                       ;00000000;00000;0000;                                                       ;00000000;00000;0000;                                                       ;00000000;00000;0000;                                                       ;00000000;00000;0000;                                                       ;00000000;00000;0000;                                                       ;00000000;00000;0000;                                                       ;00000000;00000;0000;                                                       ;00000000;00000;0000;                                                       ;00000000;00000;0000;                                                       ;00000000;00000;0000;                                                       ;00000000;00000;0000;                                                       ;00000000;00000;0000;                                                       ;00000000;00000;0000;                                                       ;00000000;00000;0000;                                                       ;00000000;00000;0000;                                                       ;00000000;00000;0000;                                                       ;00000000;00000;0000;                                                       ;00000000;00000;0000;                                                       ;00000000;00000;0000;                                                       ;00000000;00000;0000;                                                       ;00000000;00000;0000;                                                       ;00000000;00000;0000;                                                       ;00000000;00000;0000;                                                       ;00000000;00000;
2406100033;08;09;9;124;99;Espinosa de los Monteros                          ;99;99;00003;00001386;00001386;10000;00000715;05158;00000671;04841;00000006;00084;00000005;00069;0022;PP                                                     ;00000302;04253;0017;PSOE                                                   ;00000279;03929;0021;VOX                                                    ;00000046;00647;0042;AGRUPACIÓN DE ELECTORES "SE ACABÓ LA FIESTA"           ;00000025;00352;0025;PODEMOS                                                ;00000013;00183;0032;SUMAR                                                  ;00000006;00084;0046;Cs                                                     ;00000004;00056;0010;AHORA REPÚBLICAS (ERC-EH BILDU-BNG-ARA MÉS)            ;00000003;00042;0029;PCPE/PCPC                                              ;00000003;00042;0039;PACMA                                                  ;00000003;00042;0072;EXISTE                                                 ;00000003;00042;0048;SAE                                                    ;00000003;00042;0050;PH                                                     ;00000003;00042;0001;IZQESP                                                 ;00000002;00028;0002;CEUS                                                   ;00000002;00028;0051;VOLT                                                   ;00000002;00028;0060;JUNTS UE                                               ;00000001;00014;0023;ESCAÑOS EN BLANCO                                      ;00000001;00014;0027;PCTE                                                   ;00000001;00014;0041;PMR                                                    ;00000001;00014;0063;EXTREMEÑOS                                             ;00000001;00014;0009;FO                                                     ;00000000;00000;0019;ANDALUCISTAS                                           ;00000000;00000;0020;IE                                                     ;00000000;00000;0024;CRT                                                    ;00000000;00000;0026;PFAC                                                   ;00000000;00000;0040;CREE EN EUROPA                                         ;00000000;00000;0043;F                                                      ;00000000;00000;0047;FE de las JONS                                         ;00000000;00000;0049;J.U.E.X.                                               ;00000000;00000;0052;RECORTES CERO                                          ;00000000;00000;0064;GLG                                                    ;00000000;00000;0065;PIRATAS / REBELDES                                     ;00000000;00000;0070;PREPAL                                                 ;00000000;00000;0000;                                                       ;00000000;00000;0000;                                                       ;00000000;00000;0000;                                                       ;00000000;00000;0000;                                                       ;00000000;00000;0000;                                                       ;00000000;00000;0000;                                                       ;00000000;00000;0000;                                                       ;00000000;00000;0000;                                                       ;00000000;00000;0000;                                                       ;00000000;00000;0000;                                                       ;00000000;00000;0000;                                                       ;00000000;00000;0000;                                                       ;00000000;00000;0000;                                                       ;00000000;00000;0000;                                                       ;00000000;00000;0000;                                                       ;00000000;00000;0000;                                                       ;00000000;00000;0000;                                                       ;00000000;00000;0000;                                                       ;00000000;00000;0000;                                                       ;00000000;00000;0000;                                                       ;00000000;00000;0000;                                                       ;00000000;00000;0000;                                                       ;00000000;00000;0000;                                                       ;00000000;00000;0000;                                                       ;00000000;00000;0000;                                                       ;00000000;00000;0000;                                                       ;00000000;00000;0000;                                                       ;00000000;00000;0000;                                                       ;00000000;00000;0000;                                                       ;00000000;00000;0000;                                                       ;00000000;00000;0000;                                                       ;00000000;00000;0000;                                                       ;00000000;00000;0000;                                                       ;00000000;00000;0000;                                                       ;00000000;00000;0000;                                                       ;00000000;00000;0000;                                                       ;00000000;00000;0000;                                                       ;00000000;00000;0000;                                                       ;00000000;00000;0000;                                                       ;00000000;00000;0000;                                                       ;00000000;00000;0000;                                                       ;00000000;00000;0000;                                                       ;00000000;00000;0000;                                                       ;00000000;00000;0000;                                                       ;00000000;00000;0000;                                                       ;00000000;00000;0000;                                                       ;00000000;00000;
2406100033;08;09;9;125;99;Estépar                                           ;99;99;00001;00000572;00000572;10000;00000329;05751;00000243;04248;00000004;00123;00000004;00121;0022;PP                                                     ;00000175;05384;0017;PSOE                                                   ;00000078;02400;0021;VOX                                                    ;00000037;01138;0032;SUMAR                                                  ;00000007;00215;0042;AGRUPACIÓN DE ELECTORES "SE ACABÓ LA FIESTA"           ;00000007;00215;0025;PODEMOS                                                ;00000004;00123;0039;PACMA                                                  ;00000004;00123;0048;SAE                                                    ;00000004;00123;0072;EXISTE                                                 ;00000002;00061;0046;Cs                                                     ;00000001;00030;0051;VOLT                                                   ;00000001;00030;0064;GLG                                                    ;00000001;00030;0001;IZQESP                                                 ;00000000;00000;0002;CEUS                                                   ;00000000;00000;0009;FO                                                     ;00000000;00000;0010;AHORA REPÚBLICAS (ERC-EH BILDU-BNG-ARA MÉS)            ;00000000;00000;0060;JUNTS UE                                               ;00000000;00000;0019;ANDALUCISTAS                                           ;00000000;00000;0020;IE                                                     ;00000000;00000;0023;ESCAÑOS EN BLANCO                                      ;00000000;00000;0024;CRT                                                    ;00000000;00000;0026;PFAC                                                   ;00000000;00000;0027;PCTE                                                   ;00000000;00000;0029;PCPE/PCPC                                              ;00000000;00000;0040;CREE EN EUROPA                                         ;00000000;00000;0041;PMR                                                    ;00000000;00000;0043;F                                                      ;00000000;00000;0047;FE de las JONS                                         ;00000000;00000;0049;J.U.E.X.                                               ;00000000;00000;0050;PH                                                     ;00000000;00000;0052;RECORTES CERO                                          ;00000000;00000;0063;EXTREMEÑOS                                             ;00000000;00000;0065;PIRATAS / REBELDES                                     ;00000000;00000;0070;PREPAL                                                 ;00000000;00000;0000;                                                       ;00000000;00000;0000;                                                       ;00000000;00000;0000;                                                       ;00000000;00000;0000;                                                       ;00000000;00000;0000;                                                       ;00000000;00000;0000;                                                       ;00000000;00000;0000;                                                       ;00000000;00000;0000;                                                       ;00000000;00000;0000;                                                       ;00000000;00000;0000;                                                       ;00000000;00000;0000;                                                       ;00000000;00000;0000;                                                       ;00000000;00000;0000;                                                       ;00000000;00000;0000;                                                       ;00000000;00000;0000;                                                       ;00000000;00000;0000;                                                       ;00000000;00000;0000;                                                       ;00000000;00000;0000;                                                       ;00000000;00000;0000;                                                       ;00000000;00000;0000;                                                       ;00000000;00000;0000;                                                       ;00000000;00000;0000;                                                       ;00000000;00000;0000;                                                       ;00000000;00000;0000;                                                       ;00000000;00000;0000;                                                       ;00000000;00000;0000;                                                       ;00000000;00000;0000;                                                       ;00000000;00000;0000;                                                       ;00000000;00000;0000;                                                       ;00000000;00000;0000;                                                       ;00000000;00000;0000;                                                       ;00000000;00000;0000;                                                       ;00000000;00000;0000;                                                       ;00000000;00000;0000;                                                       ;00000000;00000;0000;                                                       ;00000000;00000;0000;                                                       ;00000000;00000;0000;                                                       ;00000000;00000;0000;                                                       ;00000000;00000;0000;                                                       ;00000000;00000;0000;                                                       ;00000000;00000;0000;                                                       ;00000000;00000;0000;                                                       ;00000000;00000;0000;                                                       ;00000000;00000;0000;                                                       ;00000000;00000;0000;                                                       ;00000000;00000;0000;                                                       ;00000000;00000;
2406100033;08;09;9;127;99;Fontioso                                          ;99;99;00001;00000049;00000049;10000;00000040;08163;00000009;01836;00000000;00000;00000000;00000;0022;PP                                                     ;00000025;06250;0017;PSOE                                                   ;00000006;01500;0021;VOX                                                    ;00000003;00750;0032;SUMAR                                                  ;00000003;00750;0025;PODEMOS                                                ;00000002;00500;0042;AGRUPACIÓN DE ELECTORES "SE ACABÓ LA FIESTA"           ;00000001;00250;0001;IZQESP                                                 ;00000000;00000;0002;CEUS                                                   ;00000000;00000;0009;FO                                                     ;00000000;00000;0010;AHORA REPÚBLICAS (ERC-EH BILDU-BNG-ARA MÉS)            ;00000000;00000;0060;JUNTS UE                                               ;00000000;00000;0019;ANDALUCISTAS                                           ;00000000;00000;0020;IE                                                     ;00000000;00000;0023;ESCAÑOS EN BLANCO                                      ;00000000;00000;0024;CRT                                                    ;00000000;00000;0026;PFAC                                                   ;00000000;00000;0027;PCTE                                                   ;00000000;00000;0029;PCPE/PCPC                                              ;00000000;00000;0039;PACMA                                                  ;00000000;00000;0040;CREE EN EUROPA                                         ;00000000;00000;0041;PMR                                                    ;00000000;00000;0043;F                                                      ;00000000;00000;0072;EXISTE                                                 ;00000000;00000;0046;Cs                                                     ;00000000;00000;0047;FE de las JONS                                         ;00000000;00000;0048;SAE                                                    ;00000000;00000;0049;J.U.E.X.                                               ;00000000;00000;0050;PH                                                     ;00000000;00000;0051;VOLT                                                   ;00000000;00000;0052;RECORTES CERO                                          ;00000000;00000;0063;EXTREMEÑOS                                             ;00000000;00000;0064;GLG                                                    ;00000000;00000;0065;PIRATAS / REBELDES                                     ;00000000;00000;0070;PREPAL                                                 ;00000000;00000;0000;                                                       ;00000000;00000;0000;                                                       ;00000000;00000;0000;                                                       ;00000000;00000;0000;                                                       ;00000000;00000;0000;                                                       ;00000000;00000;0000;                                                       ;00000000;00000;0000;                                                       ;00000000;00000;0000;                                                       ;00000000;00000;0000;                                                       ;00000000;00000;0000;                                                       ;00000000;00000;0000;                                                       ;00000000;00000;0000;                                                       ;00000000;00000;0000;                                                       ;00000000;00000;0000;                                                       ;00000000;00000;0000;                                                       ;00000000;00000;0000;                                                       ;00000000;00000;0000;                                                       ;00000000;00000;0000;                                                       ;00000000;00000;0000;                                                       ;00000000;00000;0000;                                                       ;00000000;00000;0000;                                                       ;00000000;00000;0000;                                                       ;00000000;00000;0000;                                                       ;00000000;00000;0000;                                                       ;00000000;00000;0000;                                                       ;00000000;00000;0000;                                                       ;00000000;00000;0000;                                                       ;00000000;00000;0000;                                                       ;00000000;00000;0000;                                                       ;00000000;00000;0000;                                                       ;00000000;00000;0000;                                                       ;00000000;00000;0000;                                                       ;00000000;00000;0000;                                                       ;00000000;00000;0000;                                                       ;00000000;00000;0000;                                                       ;00000000;00000;0000;                                                       ;00000000;00000;0000;                                                       ;00000000;00000;0000;                                                       ;00000000;00000;0000;                                                       ;00000000;00000;0000;                                                       ;00000000;00000;0000;                                                       ;00000000;00000;0000;                                                       ;00000000;00000;0000;                                                       ;00000000;00000;0000;                                                       ;00000000;00000;0000;                                                       ;00000000;00000;0000;                                                       ;00000000;00000;
2406100033;08;09;9;128;99;Frandovínez                                       ;99;99;00001;00000076;00000076;10000;00000056;07368;00000020;02631;00000000;00000;00000000;00000;0022;PP                                                     ;00000021;03750;0017;PSOE                                                   ;00000015;02678;0021;VOX                                                    ;00000010;01785;0042;AGRUPACIÓN DE ELECTORES "SE ACABÓ LA FIESTA"           ;00000007;01250;0010;AHORA REPÚBLICAS (ERC-EH BILDU-BNG-ARA MÉS)            ;00000001;00178;0025;PODEMOS                                                ;00000001;00178;0039;PACMA                                                  ;00000001;00178;0001;IZQESP                                                 ;00000000;00000;0002;CEUS                                                   ;00000000;00000;0009;FO                                                     ;00000000;00000;0060;JUNTS UE                                               ;00000000;00000;0019;ANDALUCISTAS                                           ;00000000;00000;0020;IE                                                     ;00000000;00000;0023;ESCAÑOS EN BLANCO                                      ;00000000;00000;0024;CRT                                                    ;00000000;00000;0026;PFAC                                                   ;00000000;00000;0027;PCTE                                                   ;00000000;00000;0029;PCPE/PCPC                                              ;00000000;00000;0032;SUMAR                                                  ;00000000;00000;0040;CREE EN EUROPA                                         ;00000000;00000;0041;PMR                                                    ;00000000;00000;0043;F                                                      ;00000000;00000;0072;EXISTE                                                 ;00000000;00000;0046;Cs                                                     ;00000000;00000;0047;FE de las JONS                                         ;00000000;00000;0048;SAE                                                    ;00000000;00000;0049;J.U.E.X.                                               ;00000000;00000;0050;PH                                                     ;00000000;00000;0051;VOLT                                                   ;00000000;00000;0052;RECORTES CERO                                          ;00000000;00000;0063;EXTREMEÑOS                                             ;00000000;00000;0064;GLG                                                    ;00000000;00000;0065;PIRATAS / REBELDES                                     ;00000000;00000;0070;PREPAL                                                 ;00000000;00000;0000;                                                       ;00000000;00000;0000;                                                       ;00000000;00000;0000;                                                       ;00000000;00000;0000;                                                       ;00000000;00000;0000;                                                       ;00000000;00000;0000;                                                       ;00000000;00000;0000;                                                       ;00000000;00000;0000;                                                       ;00000000;00000;0000;                                                       ;00000000;00000;0000;                                                       ;00000000;00000;0000;                                                       ;00000000;00000;0000;                                                       ;00000000;00000;0000;                                                       ;00000000;00000;0000;                                                       ;00000000;00000;0000;                                                       ;00000000;00000;0000;                                                       ;00000000;00000;0000;                                                       ;00000000;00000;0000;                                                       ;00000000;00000;0000;                                                       ;00000000;00000;0000;                                                       ;00000000;00000;0000;                                                       ;00000000;00000;0000;                                                       ;00000000;00000;0000;                                                       ;00000000;00000;0000;                                                       ;00000000;00000;0000;                                                       ;00000000;00000;0000;                                                       ;00000000;00000;0000;                                                       ;00000000;00000;0000;                                                       ;00000000;00000;0000;                                                       ;00000000;00000;0000;                                                       ;00000000;00000;0000;                                                       ;00000000;00000;0000;                                                       ;00000000;00000;0000;                                                       ;00000000;00000;0000;                                                       ;00000000;00000;0000;                                                       ;00000000;00000;0000;                                                       ;00000000;00000;0000;                                                       ;00000000;00000;0000;                                                       ;00000000;00000;0000;                                                       ;00000000;00000;0000;                                                       ;00000000;00000;0000;                                                       ;00000000;00000;0000;                                                       ;00000000;00000;0000;                                                       ;00000000;00000;0000;                                                       ;00000000;00000;0000;                                                       ;00000000;00000;0000;                                                       ;00000000;00000;
2406100033;08;09;9;129;99;Fresneda de la Sierra Tirón                       ;99;99;00001;00000087;00000087;10000;00000051;05862;00000036;04137;00000000;00000;00000002;00392;0017;PSOE                                                   ;00000024;04897;0022;PP                                                     ;00000021;04285;0032;SUMAR                                                  ;00000002;00408;0009;FO                                                     ;00000001;00204;0021;VOX                                                    ;00000001;00204;0001;IZQESP                                                 ;00000000;00000;0002;CEUS                                                   ;00000000;00000;0010;AHORA REPÚBLICAS (ERC-EH BILDU-BNG-ARA MÉS)            ;00000000;00000;0060;JUNTS UE                                               ;00000000;00000;0019;ANDALUCISTAS                                           ;00000000;00000;0020;IE                                                     ;00000000;00000;0023;ESCAÑOS EN BLANCO                                      ;00000000;00000;0024;CRT                                                    ;00000000;00000;0025;PODEMOS                                                ;00000000;00000;0026;PFAC                                                   ;00000000;00000;0027;PCTE                                                   ;00000000;00000;0029;PCPE/PCPC                                              ;00000000;00000;0039;PACMA                                                  ;00000000;00000;0040;CREE EN EUROPA                                         ;00000000;00000;0041;PMR                                                    ;00000000;00000;0042;AGRUPACIÓN DE ELECTORES "SE ACABÓ LA FIESTA"           ;00000000;00000;0043;F                                                      ;00000000;00000;0072;EXISTE                                                 ;00000000;00000;0046;Cs                                                     ;00000000;00000;0047;FE de las JONS                                         ;00000000;00000;0048;SAE                                                    ;00000000;00000;0049;J.U.E.X.                                               ;00000000;00000;0050;PH                                                     ;00000000;00000;0051;VOLT                                                   ;00000000;00000;0052;RECORTES CERO                                          ;00000000;00000;0063;EXTREMEÑOS                                             ;00000000;00000;0064;GLG                                                    ;00000000;00000;0065;PIRATAS / REBELDES                                     ;00000000;00000;0070;PREPAL                                                 ;00000000;00000;0000;                                                       ;00000000;00000;0000;                                                       ;00000000;00000;0000;                                                       ;00000000;00000;0000;                                                       ;00000000;00000;0000;                                                       ;00000000;00000;0000;                                                       ;00000000;00000;0000;                                                       ;00000000;00000;0000;                                                       ;00000000;00000;0000;                                                       ;00000000;00000;0000;                                                       ;00000000;00000;0000;                                                       ;00000000;00000;0000;                                                       ;00000000;00000;0000;                                                       ;00000000;00000;0000;                                                       ;00000000;00000;0000;                                                       ;00000000;00000;0000;                                                       ;00000000;00000;0000;                                                       ;00000000;00000;0000;                                                       ;00000000;00000;0000;                                                       ;00000000;00000;0000;                                                       ;00000000;00000;0000;                                                       ;00000000;00000;0000;                                                       ;00000000;00000;0000;                                                       ;00000000;00000;0000;                                                       ;00000000;00000;0000;                                                       ;00000000;00000;0000;                                                       ;00000000;00000;0000;                                                       ;00000000;00000;0000;                                                       ;00000000;00000;0000;                                                       ;00000000;00000;0000;                                                       ;00000000;00000;0000;                                                       ;00000000;00000;0000;                                                       ;00000000;00000;0000;                                                       ;00000000;00000;0000;                                                       ;00000000;00000;0000;                                                       ;00000000;00000;0000;                                                       ;00000000;00000;0000;                                                       ;00000000;00000;0000;                                                       ;00000000;00000;0000;                                                       ;00000000;00000;0000;                                                       ;00000000;00000;0000;                                                       ;00000000;00000;0000;                                                       ;00000000;00000;0000;                                                       ;00000000;00000;0000;                                                       ;00000000;00000;0000;                                                       ;00000000;00000;0000;                                                       ;00000000;00000;
2406100033;08;09;9;130;99;Fresneña                                          ;99;99;00001;00000060;00000060;10000;00000039;06500;00000021;03500;00000000;00000;00000000;00000;0022;PP                                                     ;00000029;07435;0017;PSOE                                                   ;00000004;01025;0021;VOX                                                    ;00000003;00769;0042;AGRUPACIÓN DE ELECTORES "SE ACABÓ LA FIESTA"           ;00000002;00512;0025;PODEMOS                                                ;00000001;00256;0001;IZQESP                                                 ;00000000;00000;0002;CEUS                                                   ;00000000;00000;0009;FO                                                     ;00000000;00000;0010;AHORA REPÚBLICAS (ERC-EH BILDU-BNG-ARA MÉS)            ;00000000;00000;0060;JUNTS UE                                               ;00000000;00000;0019;ANDALUCISTAS                                           ;00000000;00000;0020;IE                                                     ;00000000;00000;0023;ESCAÑOS EN BLANCO                                      ;00000000;00000;0024;CRT                                                    ;00000000;00000;0026;PFAC                                                   ;00000000;00000;0027;PCTE                                                   ;00000000;00000;0029;PCPE/PCPC                                              ;00000000;00000;0032;SUMAR                                                  ;00000000;00000;0039;PACMA                                                  ;00000000;00000;0040;CREE EN EUROPA                                         ;00000000;00000;0041;PMR                                                    ;00000000;00000;0043;F                                                      ;00000000;00000;0072;EXISTE                                                 ;00000000;00000;0046;Cs                                                     ;00000000;00000;0047;FE de las JONS                                         ;00000000;00000;0048;SAE                                                    ;00000000;00000;0049;J.U.E.X.                                               ;00000000;00000;0050;PH                                                     ;00000000;00000;0051;VOLT                                                   ;00000000;00000;0052;RECORTES CERO                                          ;00000000;00000;0063;EXTREMEÑOS                                             ;00000000;00000;0064;GLG                                                    ;00000000;00000;0065;PIRATAS / REBELDES                                     ;00000000;00000;0070;PREPAL                                                 ;00000000;00000;0000;                                                       ;00000000;00000;0000;                                                       ;00000000;00000;0000;                                                       ;00000000;00000;0000;                                                       ;00000000;00000;0000;                                                       ;00000000;00000;0000;                                                       ;00000000;00000;0000;                                                       ;00000000;00000;0000;                                                       ;00000000;00000;0000;                                                       ;00000000;00000;0000;                                                       ;00000000;00000;0000;                                                       ;00000000;00000;0000;                                                       ;00000000;00000;0000;                                                       ;00000000;00000;0000;                                                       ;00000000;00000;0000;                                                       ;00000000;00000;0000;                                                       ;00000000;00000;0000;                                                       ;00000000;00000;0000;                                                       ;00000000;00000;0000;                                                       ;00000000;00000;0000;                                                       ;00000000;00000;0000;                                                       ;00000000;00000;0000;                                                       ;00000000;00000;0000;                                                       ;00000000;00000;0000;                                                       ;00000000;00000;0000;                                                       ;00000000;00000;0000;                                                       ;00000000;00000;0000;                                                       ;00000000;00000;0000;                                                       ;00000000;00000;0000;                                                       ;00000000;00000;0000;                                                       ;00000000;00000;0000;                                                       ;00000000;00000;0000;                                                       ;00000000;00000;0000;                                                       ;00000000;00000;0000;                                                       ;00000000;00000;0000;                                                       ;00000000;00000;0000;                                                       ;00000000;00000;0000;                                                       ;00000000;00000;0000;                                                       ;00000000;00000;0000;                                                       ;00000000;00000;0000;                                                       ;00000000;00000;0000;                                                       ;00000000;00000;0000;                                                       ;00000000;00000;0000;                                                       ;00000000;00000;0000;                                                       ;00000000;00000;0000;                                                       ;00000000;00000;0000;                                                       ;00000000;00000;
2406100033;08;09;9;131;99;Fresnillo de las Dueñas                           ;99;99;00001;00000498;00000498;10000;00000326;06546;00000172;03453;00000004;00123;00000003;00092;0017;PSOE                                                   ;00000115;03560;0022;PP                                                     ;00000110;03405;0021;VOX                                                    ;00000034;01052;0042;AGRUPACIÓN DE ELECTORES "SE ACABÓ LA FIESTA"           ;00000021;00650;0032;SUMAR                                                  ;00000011;00340;0025;PODEMOS                                                ;00000009;00278;0072;EXISTE                                                 ;00000003;00092;0048;SAE                                                    ;00000003;00092;0001;IZQESP                                                 ;00000002;00061;0026;PFAC                                                   ;00000002;00061;0041;PMR                                                    ;00000002;00061;0046;Cs                                                     ;00000002;00061;0024;CRT                                                    ;00000001;00030;0029;PCPE/PCPC                                              ;00000001;00030;0043;F                                                      ;00000001;00030;0051;VOLT                                                   ;00000001;00030;0065;PIRATAS / REBELDES                                     ;00000001;00030;0002;CEUS                                                   ;00000000;00000;0009;FO                                                     ;00000000;00000;0010;AHORA REPÚBLICAS (ERC-EH BILDU-BNG-ARA MÉS)            ;00000000;00000;0060;JUNTS UE                                               ;00000000;00000;0019;ANDALUCISTAS                                           ;00000000;00000;0020;IE                                                     ;00000000;00000;0023;ESCAÑOS EN BLANCO                                      ;00000000;00000;0027;PCTE                                                   ;00000000;00000;0039;PACMA                                                  ;00000000;00000;0040;CREE EN EUROPA                                         ;00000000;00000;0047;FE de las JONS                                         ;00000000;00000;0049;J.U.E.X.                                               ;00000000;00000;0050;PH                                                     ;00000000;00000;0052;RECORTES CERO                                          ;00000000;00000;0063;EXTREMEÑOS                                             ;00000000;00000;0064;GLG                                                    ;00000000;00000;0070;PREPAL                                                 ;00000000;00000;0000;                                                       ;00000000;00000;0000;                                                       ;00000000;00000;0000;                                                       ;00000000;00000;0000;                                                       ;00000000;00000;0000;                                                       ;00000000;00000;0000;                                                       ;00000000;00000;0000;                                                       ;00000000;00000;0000;                                                       ;00000000;00000;0000;                                                       ;00000000;00000;0000;                                                       ;00000000;00000;0000;                                                       ;00000000;00000;0000;                                                       ;00000000;00000;0000;                                                       ;00000000;00000;0000;                                                       ;00000000;00000;0000;                                                       ;00000000;00000;0000;                                                       ;00000000;00000;0000;                                                       ;00000000;00000;0000;                                                       ;00000000;00000;0000;                                                       ;00000000;00000;0000;                                                       ;00000000;00000;0000;                                                       ;00000000;00000;0000;                                                       ;00000000;00000;0000;                                                       ;00000000;00000;0000;                                                       ;00000000;00000;0000;                                                       ;00000000;00000;0000;                                                       ;00000000;00000;0000;                                                       ;00000000;00000;0000;                                                       ;00000000;00000;0000;                                                       ;00000000;00000;0000;                                                       ;00000000;00000;0000;                                                       ;00000000;00000;0000;                                                       ;00000000;00000;0000;                                                       ;00000000;00000;0000;                                                       ;00000000;00000;0000;                                                       ;00000000;00000;0000;                                                       ;00000000;00000;0000;                                                       ;00000000;00000;0000;                                                       ;00000000;00000;0000;                                                       ;00000000;00000;0000;                                                       ;00000000;00000;0000;                                                       ;00000000;00000;0000;                                                       ;00000000;00000;0000;                                                       ;00000000;00000;0000;                                                       ;00000000;00000;0000;                                                       ;00000000;00000;0000;                                                       ;00000000;00000;
2406100033;08;09;9;132;99;Fresno de Río Tirón                               ;99;99;00001;00000147;00000147;10000;00000101;06870;00000046;03129;00000001;00099;00000000;00000;0022;PP                                                     ;00000062;06138;0017;PSOE                                                   ;00000018;01782;0021;VOX                                                    ;00000015;01485;0042;AGRUPACIÓN DE ELECTORES "SE ACABÓ LA FIESTA"           ;00000002;00198;0009;FO                                                     ;00000001;00099;0025;PODEMOS                                                ;00000001;00099;0046;Cs                                                     ;00000001;00099;0001;IZQESP                                                 ;00000000;00000;0002;CEUS                                                   ;00000000;00000;0010;AHORA REPÚBLICAS (ERC-EH BILDU-BNG-ARA MÉS)            ;00000000;00000;0060;JUNTS UE                                               ;00000000;00000;0019;ANDALUCISTAS                                           ;00000000;00000;0020;IE                                                     ;00000000;00000;0023;ESCAÑOS EN BLANCO                                      ;00000000;00000;0024;CRT                                                    ;00000000;00000;0026;PFAC                                                   ;00000000;00000;0027;PCTE                                                   ;00000000;00000;0029;PCPE/PCPC                                              ;00000000;00000;0032;SUMAR                                                  ;00000000;00000;0039;PACMA                                                  ;00000000;00000;0040;CREE EN EUROPA                                         ;00000000;00000;0041;PMR                                                    ;00000000;00000;0043;F                                                      ;00000000;00000;0072;EXISTE                                                 ;00000000;00000;0047;FE de las JONS                                         ;00000000;00000;0048;SAE                                                    ;00000000;00000;0049;J.U.E.X.                                               ;00000000;00000;0050;PH                                                     ;00000000;00000;0051;VOLT                                                   ;00000000;00000;0052;RECORTES CERO                                          ;00000000;00000;0063;EXTREMEÑOS                                             ;00000000;00000;0064;GLG                                                    ;00000000;00000;0065;PIRATAS / REBELDES                                     ;00000000;00000;0070;PREPAL                                                 ;00000000;00000;0000;                                                       ;00000000;00000;0000;                                                       ;00000000;00000;0000;                                                       ;00000000;00000;0000;                                                       ;00000000;00000;0000;                                                       ;00000000;00000;0000;                                                       ;00000000;00000;0000;                                                       ;00000000;00000;0000;                                                       ;00000000;00000;0000;                                                       ;00000000;00000;0000;                                                       ;00000000;00000;0000;                                                       ;00000000;00000;0000;                                                       ;00000000;00000;0000;                                                       ;00000000;00000;0000;                                                       ;00000000;00000;0000;                                                       ;00000000;00000;0000;                                                       ;00000000;00000;0000;                                                       ;00000000;00000;0000;                                                       ;00000000;00000;0000;                                                       ;00000000;00000;0000;                                                       ;00000000;00000;0000;                                                       ;00000000;00000;0000;                                                       ;00000000;00000;0000;                                                       ;00000000;00000;0000;                                                       ;00000000;00000;0000;                                                       ;00000000;00000;0000;                                                       ;00000000;00000;0000;                                                       ;00000000;00000;0000;                                                       ;00000000;00000;0000;                                                       ;00000000;00000;0000;                                                       ;00000000;00000;0000;                                                       ;00000000;00000;0000;                                                       ;00000000;00000;0000;                                                       ;00000000;00000;0000;                                                       ;00000000;00000;0000;                                                       ;00000000;00000;0000;                                                       ;00000000;00000;0000;                                                       ;00000000;00000;0000;                                                       ;00000000;00000;0000;                                                       ;00000000;00000;0000;                                                       ;00000000;00000;0000;                                                       ;00000000;00000;0000;                                                       ;00000000;00000;0000;                                                       ;00000000;00000;0000;                                                       ;00000000;00000;0000;                                                       ;00000000;00000;0000;                                                       ;00000000;00000;
2406100033;08;09;9;133;99;Fresno de Rodilla                                 ;99;99;00001;00000043;00000043;10000;00000032;07441;00000011;02558;00000001;00312;00000000;00000;0021;VOX                                                    ;00000013;04062;0017;PSOE                                                   ;00000009;02812;0022;PP                                                     ;00000007;02187;0042;AGRUPACIÓN DE ELECTORES "SE ACABÓ LA FIESTA"           ;00000001;00312;0070;PREPAL                                                 ;00000001;00312;0001;IZQESP                                                 ;00000000;00000;0002;CEUS                                                   ;00000000;00000;0009;FO                                                     ;00000000;00000;0010;AHORA REPÚBLICAS (ERC-EH BILDU-BNG-ARA MÉS)            ;00000000;00000;0060;JUNTS UE                                               ;00000000;00000;0019;ANDALUCISTAS                                           ;00000000;00000;0020;IE                                                     ;00000000;00000;0023;ESCAÑOS EN BLANCO                                      ;00000000;00000;0024;CRT                                                    ;00000000;00000;0025;PODEMOS                                                ;00000000;00000;0026;PFAC                                                   ;00000000;00000;0027;PCTE                                                   ;00000000;00000;0029;PCPE/PCPC                                              ;00000000;00000;0032;SUMAR                                                  ;00000000;00000;0039;PACMA                                                  ;00000000;00000;0040;CREE EN EUROPA                                         ;00000000;00000;0041;PMR                                                    ;00000000;00000;0043;F                                                      ;00000000;00000;0072;EXISTE                                                 ;00000000;00000;0046;Cs                                                     ;00000000;00000;0047;FE de las JONS                                         ;00000000;00000;0048;SAE                                                    ;00000000;00000;0049;J.U.E.X.                                               ;00000000;00000;0050;PH                                                     ;00000000;00000;0051;VOLT                                                   ;00000000;00000;0052;RECORTES CERO                                          ;00000000;00000;0063;EXTREMEÑOS                                             ;00000000;00000;0064;GLG                                                    ;00000000;00000;0065;PIRATAS / REBELDES                                     ;00000000;00000;0000;                                                       ;00000000;00000;0000;                                                       ;00000000;00000;0000;                                                       ;00000000;00000;0000;                                                       ;00000000;00000;0000;                                                       ;00000000;00000;0000;                                                       ;00000000;00000;0000;                                                       ;00000000;00000;0000;                                                       ;00000000;00000;0000;                                                       ;00000000;00000;0000;                                                       ;00000000;00000;0000;                                                       ;00000000;00000;0000;                                                       ;00000000;00000;0000;                                                       ;00000000;00000;0000;                                                       ;00000000;00000;0000;                                                       ;00000000;00000;0000;                                                       ;00000000;00000;0000;                                                       ;00000000;00000;0000;                                                       ;00000000;00000;0000;                                                       ;00000000;00000;0000;                                                       ;00000000;00000;0000;                                                       ;00000000;00000;0000;                                                       ;00000000;00000;0000;                                                       ;00000000;00000;0000;                                                       ;00000000;00000;0000;                                                       ;00000000;00000;0000;                                                       ;00000000;00000;0000;                                                       ;00000000;00000;0000;                                                       ;00000000;00000;0000;                                                       ;00000000;00000;0000;                                                       ;00000000;00000;0000;                                                       ;00000000;00000;0000;                                                       ;00000000;00000;0000;                                                       ;00000000;00000;0000;                                                       ;00000000;00000;0000;                                                       ;00000000;00000;0000;                                                       ;00000000;00000;0000;                                                       ;00000000;00000;0000;                                                       ;00000000;00000;0000;                                                       ;00000000;00000;0000;                                                       ;00000000;00000;0000;                                                       ;00000000;00000;0000;                                                       ;00000000;00000;0000;                                                       ;00000000;00000;0000;                                                       ;00000000;00000;0000;                                                       ;00000000;00000;0000;                                                       ;00000000;00000;
2406100033;08;09;9;134;99;Frías                                             ;99;99;00001;00000234;00000234;10000;00000125;05341;00000109;04658;00000000;00000;00000001;00080;0017;PSOE                                                   ;00000050;04032;0022;PP                                                     ;00000038;03064;0032;SUMAR                                                  ;00000014;01129;0010;AHORA REPÚBLICAS (ERC-EH BILDU-BNG-ARA MÉS)            ;00000004;00322;0072;EXISTE                                                 ;00000004;00322;0021;VOX                                                    ;00000002;00161;0039;PACMA                                                  ;00000002;00161;0047;FE de las JONS                                         ;00000002;00161;0023;ESCAÑOS EN BLANCO                                      ;00000001;00080;0026;PFAC                                                   ;00000001;00080;0027;PCTE                                                   ;00000001;00080;0042;AGRUPACIÓN DE ELECTORES "SE ACABÓ LA FIESTA"           ;00000001;00080;0051;VOLT                                                   ;00000001;00080;0052;RECORTES CERO                                          ;00000001;00080;0064;GLG                                                    ;00000001;00080;0065;PIRATAS / REBELDES                                     ;00000001;00080;0001;IZQESP                                                 ;00000000;00000;0002;CEUS                                                   ;00000000;00000;0009;FO                                                     ;00000000;00000;0060;JUNTS UE                                               ;00000000;00000;0019;ANDALUCISTAS                                           ;00000000;00000;0020;IE                                                     ;00000000;00000;0024;CRT                                                    ;00000000;00000;0025;PODEMOS                                                ;00000000;00000;0029;PCPE/PCPC                                              ;00000000;00000;0040;CREE EN EUROPA                                         ;00000000;00000;0041;PMR                                                    ;00000000;00000;0043;F                                                      ;00000000;00000;0046;Cs                                                     ;00000000;00000;0048;SAE                                                    ;00000000;00000;0049;J.U.E.X.                                               ;00000000;00000;0050;PH                                                     ;00000000;00000;0063;EXTREMEÑOS                                             ;00000000;00000;0070;PREPAL                                                 ;00000000;00000;0000;                                                       ;00000000;00000;0000;                                                       ;00000000;00000;0000;                                                       ;00000000;00000;0000;                                                       ;00000000;00000;0000;                                                       ;00000000;00000;0000;                                                       ;00000000;00000;0000;                                                       ;00000000;00000;0000;                                                       ;00000000;00000;0000;                                                       ;00000000;00000;0000;                                                       ;00000000;00000;0000;                                                       ;00000000;00000;0000;                                                       ;00000000;00000;0000;                                                       ;00000000;00000;0000;                                                       ;00000000;00000;0000;                                                       ;00000000;00000;0000;                                                       ;00000000;00000;0000;                                                       ;00000000;00000;0000;                                                       ;00000000;00000;0000;                                                       ;00000000;00000;0000;                                                       ;00000000;00000;0000;                                                       ;00000000;00000;0000;                                                       ;00000000;00000;0000;                                                       ;00000000;00000;0000;                                                       ;00000000;00000;0000;                                                       ;00000000;00000;0000;                                                       ;00000000;00000;0000;                                                       ;00000000;00000;0000;                                                       ;00000000;00000;0000;                                                       ;00000000;00000;0000;                                                       ;00000000;00000;0000;                                                       ;00000000;00000;0000;                                                       ;00000000;00000;0000;                                                       ;00000000;00000;0000;                                                       ;00000000;00000;0000;                                                       ;00000000;00000;0000;                                                       ;00000000;00000;0000;                                                       ;00000000;00000;0000;                                                       ;00000000;00000;0000;                                                       ;00000000;00000;0000;                                                       ;00000000;00000;0000;                                                       ;00000000;00000;0000;                                                       ;00000000;00000;0000;                                                       ;00000000;00000;0000;                                                       ;00000000;00000;0000;                                                       ;00000000;00000;0000;                                                       ;00000000;00000;
2406100033;08;09;9;135;99;Fuentebureba                                      ;99;99;00001;00000040;00000040;10000;00000025;06250;00000015;03750;00000001;00400;00000000;00000;0022;PP                                                     ;00000013;05200;0021;VOX                                                    ;00000005;02000;0017;PSOE                                                   ;00000001;00400;0025;PODEMOS                                                ;00000001;00400;0027;PCTE                                                   ;00000001;00400;0032;SUMAR                                                  ;00000001;00400;0042;AGRUPACIÓN DE ELECTORES "SE ACABÓ LA FIESTA"           ;00000001;00400;0046;Cs                                                     ;00000001;00400;0001;IZQESP                                                 ;00000000;00000;0002;CEUS                                                   ;00000000;00000;0009;FO                                                     ;00000000;00000;0010;AHORA REPÚBLICAS (ERC-EH BILDU-BNG-ARA MÉS)            ;00000000;00000;0060;JUNTS UE                                               ;00000000;00000;0019;ANDALUCISTAS                                           ;00000000;00000;0020;IE                                                     ;00000000;00000;0023;ESCAÑOS EN BLANCO                                      ;00000000;00000;0024;CRT                                                    ;00000000;00000;0026;PFAC                                                   ;00000000;00000;0029;PCPE/PCPC                                              ;00000000;00000;0039;PACMA                                                  ;00000000;00000;0040;CREE EN EUROPA                                         ;00000000;00000;0041;PMR                                                    ;00000000;00000;0043;F                                                      ;00000000;00000;0072;EXISTE                                                 ;00000000;00000;0047;FE de las JONS                                         ;00000000;00000;0048;SAE                                                    ;00000000;00000;0049;J.U.E.X.                                               ;00000000;00000;0050;PH                                                     ;00000000;00000;0051;VOLT                                                   ;00000000;00000;0052;RECORTES CERO                                          ;00000000;00000;0063;EXTREMEÑOS                                             ;00000000;00000;0064;GLG                                                    ;00000000;00000;0065;PIRATAS / REBELDES                                     ;00000000;00000;0070;PREPAL                                                 ;00000000;00000;0000;                                                       ;00000000;00000;0000;                                                       ;00000000;00000;0000;                                                       ;00000000;00000;0000;                                                       ;00000000;00000;0000;                                                       ;00000000;00000;0000;                                                       ;00000000;00000;0000;                                                       ;00000000;00000;0000;                                                       ;00000000;00000;0000;                                                       ;00000000;00000;0000;                                                       ;00000000;00000;0000;                                                       ;00000000;00000;0000;                                                       ;00000000;00000;0000;                                                       ;00000000;00000;0000;                                                       ;00000000;00000;0000;                                                       ;00000000;00000;0000;                                                       ;00000000;00000;0000;                                                       ;00000000;00000;0000;                                                       ;00000000;00000;0000;                                                       ;00000000;00000;0000;                                                       ;00000000;00000;0000;                                                       ;00000000;00000;0000;                                                       ;00000000;00000;0000;                                                       ;00000000;00000;0000;                                                       ;00000000;00000;0000;                                                       ;00000000;00000;0000;                                                       ;00000000;00000;0000;                                                       ;00000000;00000;0000;                                                       ;00000000;00000;0000;                                                       ;00000000;00000;0000;                                                       ;00000000;00000;0000;                                                       ;00000000;00000;0000;                                                       ;00000000;00000;0000;                                                       ;00000000;00000;0000;                                                       ;00000000;00000;0000;                                                       ;00000000;00000;0000;                                                       ;00000000;00000;0000;                                                       ;00000000;00000;0000;                                                       ;00000000;00000;0000;                                                       ;00000000;00000;0000;                                                       ;00000000;00000;0000;                                                       ;00000000;00000;0000;                                                       ;00000000;00000;0000;                                                       ;00000000;00000;0000;                                                       ;00000000;00000;0000;                                                       ;00000000;00000;0000;                                                       ;00000000;00000;
2406100033;08;09;9;136;99;Fuentecén                                         ;99;99;00001;00000176;00000176;10000;00000103;05852;00000073;04147;00000000;00000;00000001;00097;0022;PP                                                     ;00000037;03627;0017;PSOE                                                   ;00000029;02843;0021;VOX                                                    ;00000019;01862;0042;AGRUPACIÓN DE ELECTORES "SE ACABÓ LA FIESTA"           ;00000004;00392;0046;Cs                                                     ;00000004;00392;0032;SUMAR                                                  ;00000003;00294;0072;EXISTE                                                 ;00000003;00294;0025;PODEMOS                                                ;00000002;00196;0048;SAE                                                    ;00000001;00098;0001;IZQESP                                                 ;00000000;00000;0002;CEUS                                                   ;00000000;00000;0009;FO                                                     ;00000000;00000;0010;AHORA REPÚBLICAS (ERC-EH BILDU-BNG-ARA MÉS)            ;00000000;00000;0060;JUNTS UE                                               ;00000000;00000;0019;ANDALUCISTAS                                           ;00000000;00000;0020;IE                                                     ;00000000;00000;0023;ESCAÑOS EN BLANCO                                      ;00000000;00000;0024;CRT                                                    ;00000000;00000;0026;PFAC                                                   ;00000000;00000;0027;PCTE                                                   ;00000000;00000;0029;PCPE/PCPC                                              ;00000000;00000;0039;PACMA                                                  ;00000000;00000;0040;CREE EN EUROPA                                         ;00000000;00000;0041;PMR                                                    ;00000000;00000;0043;F                                                      ;00000000;00000;0047;FE de las JONS                                         ;00000000;00000;0049;J.U.E.X.                                               ;00000000;00000;0050;PH                                                     ;00000000;00000;0051;VOLT                                                   ;00000000;00000;0052;RECORTES CERO                                          ;00000000;00000;0063;EXTREMEÑOS                                             ;00000000;00000;0064;GLG                                                    ;00000000;00000;0065;PIRATAS / REBELDES                                     ;00000000;00000;0070;PREPAL                                                 ;00000000;00000;0000;                                                       ;00000000;00000;0000;                                                       ;00000000;00000;0000;                                                       ;00000000;00000;0000;                                                       ;00000000;00000;0000;                                                       ;00000000;00000;0000;                                                       ;00000000;00000;0000;                                                       ;00000000;00000;0000;                                                       ;00000000;00000;0000;                                                       ;00000000;00000;0000;                                                       ;00000000;00000;0000;                                                       ;00000000;00000;0000;                                                       ;00000000;00000;0000;                                                       ;00000000;00000;0000;                                                       ;00000000;00000;0000;                                                       ;00000000;00000;0000;                                                       ;00000000;00000;0000;                                                       ;00000000;00000;0000;                                                       ;00000000;00000;0000;                                                       ;00000000;00000;0000;                                                       ;00000000;00000;0000;                                                       ;00000000;00000;0000;                                                       ;00000000;00000;0000;                                                       ;00000000;00000;0000;                                                       ;00000000;00000;0000;                                                       ;00000000;00000;0000;                                                       ;00000000;00000;0000;                                                       ;00000000;00000;0000;                                                       ;00000000;00000;0000;                                                       ;00000000;00000;0000;                                                       ;00000000;00000;0000;                                                       ;00000000;00000;0000;                                                       ;00000000;00000;0000;                                                       ;00000000;00000;0000;                                                       ;00000000;00000;0000;                                                       ;00000000;00000;0000;                                                       ;00000000;00000;0000;                                                       ;00000000;00000;0000;                                                       ;00000000;00000;0000;                                                       ;00000000;00000;0000;                                                       ;00000000;00000;0000;                                                       ;00000000;00000;0000;                                                       ;00000000;00000;0000;                                                       ;00000000;00000;0000;                                                       ;00000000;00000;0000;                                                       ;00000000;00000;0000;                                                       ;00000000;00000;
2406100033;08;09;9;137;99;Fuentelcésped                                     ;99;99;00001;00000190;00000190;10000;00000111;05842;00000079;04157;00000003;00280;00000004;00360;0022;PP                                                     ;00000053;04953;0021;VOX                                                    ;00000021;01962;0017;PSOE                                                   ;00000015;01401;0025;PODEMOS                                                ;00000004;00373;0042;AGRUPACIÓN DE ELECTORES "SE ACABÓ LA FIESTA"           ;00000004;00373;0070;PREPAL                                                 ;00000002;00186;0026;PFAC                                                   ;00000001;00093;0032;SUMAR                                                  ;00000001;00093;0072;EXISTE                                                 ;00000001;00093;0046;Cs                                                     ;00000001;00093;0048;SAE                                                    ;00000001;00093;0001;IZQESP                                                 ;00000000;00000;0002;CEUS                                                   ;00000000;00000;0009;FO                                                     ;00000000;00000;0010;AHORA REPÚBLICAS (ERC-EH BILDU-BNG-ARA MÉS)            ;00000000;00000;0060;JUNTS UE                                               ;00000000;00000;0019;ANDALUCISTAS                                           ;00000000;00000;0020;IE                                                     ;00000000;00000;0023;ESCAÑOS EN BLANCO                                      ;00000000;00000;0024;CRT                                                    ;00000000;00000;0027;PCTE                                                   ;00000000;00000;0029;PCPE/PCPC                                              ;00000000;00000;0039;PACMA                                                  ;00000000;00000;0040;CREE EN EUROPA                                         ;00000000;00000;0041;PMR                                                    ;00000000;00000;0043;F                                                      ;00000000;00000;0047;FE de las JONS                                         ;00000000;00000;0049;J.U.E.X.                                               ;00000000;00000;0050;PH                                                     ;00000000;00000;0051;VOLT                                                   ;00000000;00000;0052;RECORTES CERO                                          ;00000000;00000;0063;EXTREMEÑOS                                             ;00000000;00000;0064;GLG                                                    ;00000000;00000;0065;PIRATAS / REBELDES                                     ;00000000;00000;0000;                                                       ;00000000;00000;0000;                                                       ;00000000;00000;0000;                                                       ;00000000;00000;0000;                                                       ;00000000;00000;0000;                                                       ;00000000;00000;0000;                                                       ;00000000;00000;0000;                                                       ;00000000;00000;0000;                                                       ;00000000;00000;0000;                                                       ;00000000;00000;0000;                                                       ;00000000;00000;0000;                                                       ;00000000;00000;0000;                                                       ;00000000;00000;0000;                                                       ;00000000;00000;0000;                                                       ;00000000;00000;0000;                                                       ;00000000;00000;0000;                                                       ;00000000;00000;0000;                                                       ;00000000;00000;0000;                                                       ;00000000;00000;0000;                                                       ;00000000;00000;0000;                                                       ;00000000;00000;0000;                                                       ;00000000;00000;0000;                                                       ;00000000;00000;0000;                                                       ;00000000;00000;0000;                                                       ;00000000;00000;0000;                                                       ;00000000;00000;0000;                                                       ;00000000;00000;0000;                                                       ;00000000;00000;0000;                                                       ;00000000;00000;0000;                                                       ;00000000;00000;0000;                                                       ;00000000;00000;0000;                                                       ;00000000;00000;0000;                                                       ;00000000;00000;0000;                                                       ;00000000;00000;0000;                                                       ;00000000;00000;0000;                                                       ;00000000;00000;0000;                                                       ;00000000;00000;0000;                                                       ;00000000;00000;0000;                                                       ;00000000;00000;0000;                                                       ;00000000;00000;0000;                                                       ;00000000;00000;0000;                                                       ;00000000;00000;0000;                                                       ;00000000;00000;0000;                                                       ;00000000;00000;0000;                                                       ;00000000;00000;0000;                                                       ;00000000;00000;0000;                                                       ;00000000;00000;
2406100033;08;09;9;138;99;Fuentelisendo                                     ;99;99;00001;00000092;00000092;10000;00000064;06956;00000028;03043;00000000;00000;00000001;00156;0022;PP                                                     ;00000031;04920;0017;PSOE                                                   ;00000014;02222;0072;EXISTE                                                 ;00000006;00952;0021;VOX                                                    ;00000005;00793;0020;IE                                                     ;00000002;00317;0025;PODEMOS                                                ;00000001;00158;0032;SUMAR                                                  ;00000001;00158;0039;PACMA                                                  ;00000001;00158;0046;Cs                                                     ;00000001;00158;0047;FE de las JONS                                         ;00000001;00158;0001;IZQESP                                                 ;00000000;00000;0002;CEUS                                                   ;00000000;00000;0009;FO                                                     ;00000000;00000;0010;AHORA REPÚBLICAS (ERC-EH BILDU-BNG-ARA MÉS)            ;00000000;00000;0060;JUNTS UE                                               ;00000000;00000;0019;ANDALUCISTAS                                           ;00000000;00000;0023;ESCAÑOS EN BLANCO                                      ;00000000;00000;0024;CRT                                                    ;00000000;00000;0026;PFAC                                                   ;00000000;00000;0027;PCTE                                                   ;00000000;00000;0029;PCPE/PCPC                                              ;00000000;00000;0040;CREE EN EUROPA                                         ;00000000;00000;0041;PMR                                                    ;00000000;00000;0042;AGRUPACIÓN DE ELECTORES "SE ACABÓ LA FIESTA"           ;00000000;00000;0043;F                                                      ;00000000;00000;0048;SAE                                                    ;00000000;00000;0049;J.U.E.X.                                               ;00000000;00000;0050;PH                                                     ;00000000;00000;0051;VOLT                                                   ;00000000;00000;0052;RECORTES CERO                                          ;00000000;00000;0063;EXTREMEÑOS                                             ;00000000;00000;0064;GLG                                                    ;00000000;00000;0065;PIRATAS / REBELDES                                     ;00000000;00000;0070;PREPAL                                                 ;00000000;00000;0000;                                                       ;00000000;00000;0000;                                                       ;00000000;00000;0000;                                                       ;00000000;00000;0000;                                                       ;00000000;00000;0000;                                                       ;00000000;00000;0000;                                                       ;00000000;00000;0000;                                                       ;00000000;00000;0000;                                                       ;00000000;00000;0000;                                                       ;00000000;00000;0000;                                                       ;00000000;00000;0000;                                                       ;00000000;00000;0000;                                                       ;00000000;00000;0000;                                                       ;00000000;00000;0000;                                                       ;00000000;00000;0000;                                                       ;00000000;00000;0000;                                                       ;00000000;00000;0000;                                                       ;00000000;00000;0000;                                                       ;00000000;00000;0000;                                                       ;00000000;00000;0000;                                                       ;00000000;00000;0000;                                                       ;00000000;00000;0000;                                                       ;00000000;00000;0000;                                                       ;00000000;00000;0000;                                                       ;00000000;00000;0000;                                                       ;00000000;00000;0000;                                                       ;00000000;00000;0000;                                                       ;00000000;00000;0000;                                                       ;00000000;00000;0000;                                                       ;00000000;00000;0000;                                                       ;00000000;00000;0000;                                                       ;00000000;00000;0000;                                                       ;00000000;00000;0000;                                                       ;00000000;00000;0000;                                                       ;00000000;00000;0000;                                                       ;00000000;00000;0000;                                                       ;00000000;00000;0000;                                                       ;00000000;00000;0000;                                                       ;00000000;00000;0000;                                                       ;00000000;00000;0000;                                                       ;00000000;00000;0000;                                                       ;00000000;00000;0000;                                                       ;00000000;00000;0000;                                                       ;00000000;00000;0000;                                                       ;00000000;00000;0000;                                                       ;00000000;00000;0000;                                                       ;00000000;00000;
2406100033;08;09;9;139;99;Fuentemolinos                                     ;99;99;00001;00000085;00000085;10000;00000062;07294;00000023;02705;00000003;00483;00000000;00000;0017;PSOE                                                   ;00000023;03709;0022;PP                                                     ;00000013;02096;0021;VOX                                                    ;00000011;01774;0042;AGRUPACIÓN DE ELECTORES "SE ACABÓ LA FIESTA"           ;00000004;00645;0023;ESCAÑOS EN BLANCO                                      ;00000003;00483;0032;SUMAR                                                  ;00000002;00322;0009;FO                                                     ;00000001;00161;0025;PODEMOS                                                ;00000001;00161;0072;EXISTE                                                 ;00000001;00161;0001;IZQESP                                                 ;00000000;00000;0002;CEUS                                                   ;00000000;00000;0010;AHORA REPÚBLICAS (ERC-EH BILDU-BNG-ARA MÉS)            ;00000000;00000;0060;JUNTS UE                                               ;00000000;00000;0019;ANDALUCISTAS                                           ;00000000;00000;0020;IE                                                     ;00000000;00000;0024;CRT                                                    ;00000000;00000;0026;PFAC                                                   ;00000000;00000;0027;PCTE                                                   ;00000000;00000;0029;PCPE/PCPC                                              ;00000000;00000;0039;PACMA                                                  ;00000000;00000;0040;CREE EN EUROPA                                         ;00000000;00000;0041;PMR                                                    ;00000000;00000;0043;F                                                      ;00000000;00000;0046;Cs                                                     ;00000000;00000;0047;FE de las JONS                                         ;00000000;00000;0048;SAE                                                    ;00000000;00000;0049;J.U.E.X.                                               ;00000000;00000;0050;PH                                                     ;00000000;00000;0051;VOLT                                                   ;00000000;00000;0052;RECORTES CERO                                          ;00000000;00000;0063;EXTREMEÑOS                                             ;00000000;00000;0064;GLG                                                    ;00000000;00000;0065;PIRATAS / REBELDES                                     ;00000000;00000;0070;PREPAL                                                 ;00000000;00000;0000;                                                       ;00000000;00000;0000;                                                       ;00000000;00000;0000;                                                       ;00000000;00000;0000;                                                       ;00000000;00000;0000;                                                       ;00000000;00000;0000;                                                       ;00000000;00000;0000;                                                       ;00000000;00000;0000;                                                       ;00000000;00000;0000;                                                       ;00000000;00000;0000;                                                       ;00000000;00000;0000;                                                       ;00000000;00000;0000;                                                       ;00000000;00000;0000;                                                       ;00000000;00000;0000;                                                       ;00000000;00000;0000;                                                       ;00000000;00000;0000;                                                       ;00000000;00000;0000;                                                       ;00000000;00000;0000;                                                       ;00000000;00000;0000;                                                       ;00000000;00000;0000;                                                       ;00000000;00000;0000;                                                       ;00000000;00000;0000;                                                       ;00000000;00000;0000;                                                       ;00000000;00000;0000;                                                       ;00000000;00000;0000;                                                       ;00000000;00000;0000;                                                       ;00000000;00000;0000;                                                       ;00000000;00000;0000;                                                       ;00000000;00000;0000;                                                       ;00000000;00000;0000;                                                       ;00000000;00000;0000;                                                       ;00000000;00000;0000;                                                       ;00000000;00000;0000;                                                       ;00000000;00000;0000;                                                       ;00000000;00000;0000;                                                       ;00000000;00000;0000;                                                       ;00000000;00000;0000;                                                       ;00000000;00000;0000;                                                       ;00000000;00000;0000;                                                       ;00000000;00000;0000;                                                       ;00000000;00000;0000;                                                       ;00000000;00000;0000;                                                       ;00000000;00000;0000;                                                       ;00000000;00000;0000;                                                       ;00000000;00000;0000;                                                       ;00000000;00000;0000;                                                       ;00000000;00000;
2406100033;08;09;9;140;99;Fuentenebro                                       ;99;99;00001;00000113;00000113;10000;00000071;06283;00000042;03716;00000001;00140;00000000;00000;0022;PP                                                     ;00000033;04647;0017;PSOE                                                   ;00000023;03239;0042;AGRUPACIÓN DE ELECTORES "SE ACABÓ LA FIESTA"           ;00000006;00845;0021;VOX                                                    ;00000004;00563;0023;ESCAÑOS EN BLANCO                                      ;00000001;00140;0027;PCTE                                                   ;00000001;00140;0039;PACMA                                                  ;00000001;00140;0047;FE de las JONS                                         ;00000001;00140;0001;IZQESP                                                 ;00000000;00000;0002;CEUS                                                   ;00000000;00000;0009;FO                                                     ;00000000;00000;0010;AHORA REPÚBLICAS (ERC-EH BILDU-BNG-ARA MÉS)            ;00000000;00000;0060;JUNTS UE                                               ;00000000;00000;0019;ANDALUCISTAS                                           ;00000000;00000;0020;IE                                                     ;00000000;00000;0024;CRT                                                    ;00000000;00000;0025;PODEMOS                                                ;00000000;00000;0026;PFAC                                                   ;00000000;00000;0029;PCPE/PCPC                                              ;00000000;00000;0032;SUMAR                                                  ;00000000;00000;0040;CREE EN EUROPA                                         ;00000000;00000;0041;PMR                                                    ;00000000;00000;0043;F                                                      ;00000000;00000;0072;EXISTE                                                 ;00000000;00000;0046;Cs                                                     ;00000000;00000;0048;SAE                                                    ;00000000;00000;0049;J.U.E.X.                                               ;00000000;00000;0050;PH                                                     ;00000000;00000;0051;VOLT                                                   ;00000000;00000;0052;RECORTES CERO                                          ;00000000;00000;0063;EXTREMEÑOS                                             ;00000000;00000;0064;GLG                                                    ;00000000;00000;0065;PIRATAS / REBELDES                                     ;00000000;00000;0070;PREPAL                                                 ;00000000;00000;0000;                                                       ;00000000;00000;0000;                                                       ;00000000;00000;0000;                                                       ;00000000;00000;0000;                                                       ;00000000;00000;0000;                                                       ;00000000;00000;0000;                                                       ;00000000;00000;0000;                                                       ;00000000;00000;0000;                                                       ;00000000;00000;0000;                                                       ;00000000;00000;0000;                                                       ;00000000;00000;0000;                                                       ;00000000;00000;0000;                                                       ;00000000;00000;0000;                                                       ;00000000;00000;0000;                                                       ;00000000;00000;0000;                                                       ;00000000;00000;0000;                                                       ;00000000;00000;0000;                                                       ;00000000;00000;0000;                                                       ;00000000;00000;0000;                                                       ;00000000;00000;0000;                                                       ;00000000;00000;0000;                                                       ;00000000;00000;0000;                                                       ;00000000;00000;0000;                                                       ;00000000;00000;0000;                                                       ;00000000;00000;0000;                                                       ;00000000;00000;0000;                                                       ;00000000;00000;0000;                                                       ;00000000;00000;0000;                                                       ;00000000;00000;0000;                                                       ;00000000;00000;0000;                                                       ;00000000;00000;0000;                                                       ;00000000;00000;0000;                                                       ;00000000;00000;0000;                                                       ;00000000;00000;0000;                                                       ;00000000;00000;0000;                                                       ;00000000;00000;0000;                                                       ;00000000;00000;0000;                                                       ;00000000;00000;0000;                                                       ;00000000;00000;0000;                                                       ;00000000;00000;0000;                                                       ;00000000;00000;0000;                                                       ;00000000;00000;0000;                                                       ;00000000;00000;0000;                                                       ;00000000;00000;0000;                                                       ;00000000;00000;0000;                                                       ;00000000;00000;0000;                                                       ;00000000;00000;
2406100033;08;09;9;141;99;Fuentespina                                       ;99;99;00001;00000642;00000642;10000;00000353;05498;00000289;04501;00000002;00057;00000005;00141;0022;PP                                                     ;00000143;04109;0017;PSOE                                                   ;00000142;04080;0021;VOX                                                    ;00000021;00603;0042;AGRUPACIÓN DE ELECTORES "SE ACABÓ LA FIESTA"           ;00000013;00373;0032;SUMAR                                                  ;00000010;00287;0072;EXISTE                                                 ;00000005;00143;0009;FO                                                     ;00000003;00086;0046;Cs                                                     ;00000002;00057;0010;AHORA REPÚBLICAS (ERC-EH BILDU-BNG-ARA MÉS)            ;00000001;00028;0023;ESCAÑOS EN BLANCO                                      ;00000001;00028;0025;PODEMOS                                                ;00000001;00028;0027;PCTE                                                   ;00000001;00028;0039;PACMA                                                  ;00000001;00028;0040;CREE EN EUROPA                                         ;00000001;00028;0065;PIRATAS / REBELDES                                     ;00000001;00028;0001;IZQESP                                                 ;00000000;00000;0002;CEUS                                                   ;00000000;00000;0060;JUNTS UE                                               ;00000000;00000;0019;ANDALUCISTAS                                           ;00000000;00000;0020;IE                                                     ;00000000;00000;0024;CRT                                                    ;00000000;00000;0026;PFAC                                                   ;00000000;00000;0029;PCPE/PCPC                                              ;00000000;00000;0041;PMR                                                    ;00000000;00000;0043;F                                                      ;00000000;00000;0047;FE de las JONS                                         ;00000000;00000;0048;SAE                                                    ;00000000;00000;0049;J.U.E.X.                                               ;00000000;00000;0050;PH                                                     ;00000000;00000;0051;VOLT                                                   ;00000000;00000;0052;RECORTES CERO                                          ;00000000;00000;0063;EXTREMEÑOS                                             ;00000000;00000;0064;GLG                                                    ;00000000;00000;0070;PREPAL                                                 ;00000000;00000;0000;                                                       ;00000000;00000;0000;                                                       ;00000000;00000;0000;                                                       ;00000000;00000;0000;                                                       ;00000000;00000;0000;                                                       ;00000000;00000;0000;                                                       ;00000000;00000;0000;                                                       ;00000000;00000;0000;                                                       ;00000000;00000;0000;                                                       ;00000000;00000;0000;                                                       ;00000000;00000;0000;                                                       ;00000000;00000;0000;                                                       ;00000000;00000;0000;                                                       ;00000000;00000;0000;                                                       ;00000000;00000;0000;                                                       ;00000000;00000;0000;                                                       ;00000000;00000;0000;                                                       ;00000000;00000;0000;                                                       ;00000000;00000;0000;                                                       ;00000000;00000;0000;                                                       ;00000000;00000;0000;                                                       ;00000000;00000;0000;                                                       ;00000000;00000;0000;                                                       ;00000000;00000;0000;                                                       ;00000000;00000;0000;                                                       ;00000000;00000;0000;                                                       ;00000000;00000;0000;                                                       ;00000000;00000;0000;                                                       ;00000000;00000;0000;                                                       ;00000000;00000;0000;                                                       ;00000000;00000;0000;                                                       ;00000000;00000;0000;                                                       ;00000000;00000;0000;                                                       ;00000000;00000;0000;                                                       ;00000000;00000;0000;                                                       ;00000000;00000;0000;                                                       ;00000000;00000;0000;                                                       ;00000000;00000;0000;                                                       ;00000000;00000;0000;                                                       ;00000000;00000;0000;                                                       ;00000000;00000;0000;                                                       ;00000000;00000;0000;                                                       ;00000000;00000;0000;                                                       ;00000000;00000;0000;                                                       ;00000000;00000;0000;                                                       ;00000000;00000;0000;                                                       ;00000000;00000;
2406100033;08;09;9;143;99;Galbarros                                         ;99;99;00001;00000025;00000025;10000;00000017;06800;00000008;03200;00000000;00000;00000000;00000;0022;PP                                                     ;00000013;07647;0021;VOX                                                    ;00000002;01176;0009;FO                                                     ;00000001;00588;0025;PODEMOS                                                ;00000001;00588;0001;IZQESP                                                 ;00000000;00000;0002;CEUS                                                   ;00000000;00000;0010;AHORA REPÚBLICAS (ERC-EH BILDU-BNG-ARA MÉS)            ;00000000;00000;0060;JUNTS UE                                               ;00000000;00000;0017;PSOE                                                   ;00000000;00000;0019;ANDALUCISTAS                                           ;00000000;00000;0020;IE                                                     ;00000000;00000;0023;ESCAÑOS EN BLANCO                                      ;00000000;00000;0024;CRT                                                    ;00000000;00000;0026;PFAC                                                   ;00000000;00000;0027;PCTE                                                   ;00000000;00000;0029;PCPE/PCPC                                              ;00000000;00000;0032;SUMAR                                                  ;00000000;00000;0039;PACMA                                                  ;00000000;00000;0040;CREE EN EUROPA                                         ;00000000;00000;0041;PMR                                                    ;00000000;00000;0042;AGRUPACIÓN DE ELECTORES "SE ACABÓ LA FIESTA"           ;00000000;00000;0043;F                                                      ;00000000;00000;0072;EXISTE                                                 ;00000000;00000;0046;Cs                                                     ;00000000;00000;0047;FE de las JONS                                         ;00000000;00000;0048;SAE                                                    ;00000000;00000;0049;J.U.E.X.                                               ;00000000;00000;0050;PH                                                     ;00000000;00000;0051;VOLT                                                   ;00000000;00000;0052;RECORTES CERO                                          ;00000000;00000;0063;EXTREMEÑOS                                             ;00000000;00000;0064;GLG                                                    ;00000000;00000;0065;PIRATAS / REBELDES                                     ;00000000;00000;0070;PREPAL                                                 ;00000000;00000;0000;                                                       ;00000000;00000;0000;                                                       ;00000000;00000;0000;                                                       ;00000000;00000;0000;                                                       ;00000000;00000;0000;                                                       ;00000000;00000;0000;                                                       ;00000000;00000;0000;                                                       ;00000000;00000;0000;                                                       ;00000000;00000;0000;                                                       ;00000000;00000;0000;                                                       ;00000000;00000;0000;                                                       ;00000000;00000;0000;                                                       ;00000000;00000;0000;                                                       ;00000000;00000;0000;                                                       ;00000000;00000;0000;                                                       ;00000000;00000;0000;                                                       ;00000000;00000;0000;                                                       ;00000000;00000;0000;                                                       ;00000000;00000;0000;                                                       ;00000000;00000;0000;                                                       ;00000000;00000;0000;                                                       ;00000000;00000;0000;                                                       ;00000000;00000;0000;                                                       ;00000000;00000;0000;                                                       ;00000000;00000;0000;                                                       ;00000000;00000;0000;                                                       ;00000000;00000;0000;                                                       ;00000000;00000;0000;                                                       ;00000000;00000;0000;                                                       ;00000000;00000;0000;                                                       ;00000000;00000;0000;                                                       ;00000000;00000;0000;                                                       ;00000000;00000;0000;                                                       ;00000000;00000;0000;                                                       ;00000000;00000;0000;                                                       ;00000000;00000;0000;                                                       ;00000000;00000;0000;                                                       ;00000000;00000;0000;                                                       ;00000000;00000;0000;                                                       ;00000000;00000;0000;                                                       ;00000000;00000;0000;                                                       ;00000000;00000;0000;                                                       ;00000000;00000;0000;                                                       ;00000000;00000;0000;                                                       ;00000000;00000;0000;                                                       ;00000000;00000;0000;                                                       ;00000000;00000;
2406100033;08;09;9;144;99;La Gallega                                        ;99;99;00001;00000038;00000038;10000;00000026;06842;00000012;03157;00000000;00000;00000000;00000;0022;PP                                                     ;00000017;06538;0017;PSOE                                                   ;00000005;01923;0021;VOX                                                    ;00000002;00769;0032;SUMAR                                                  ;00000001;00384;0042;AGRUPACIÓN DE ELECTORES "SE ACABÓ LA FIESTA"           ;00000001;00384;0001;IZQESP                                                 ;00000000;00000;0002;CEUS                                                   ;00000000;00000;0009;FO                                                     ;00000000;00000;0010;AHORA REPÚBLICAS (ERC-EH BILDU-BNG-ARA MÉS)            ;00000000;00000;0060;JUNTS UE                                               ;00000000;00000;0019;ANDALUCISTAS                                           ;00000000;00000;0020;IE                                                     ;00000000;00000;0023;ESCAÑOS EN BLANCO                                      ;00000000;00000;0024;CRT                                                    ;00000000;00000;0025;PODEMOS                                                ;00000000;00000;0026;PFAC                                                   ;00000000;00000;0027;PCTE                                                   ;00000000;00000;0029;PCPE/PCPC                                              ;00000000;00000;0039;PACMA                                                  ;00000000;00000;0040;CREE EN EUROPA                                         ;00000000;00000;0041;PMR                                                    ;00000000;00000;0043;F                                                      ;00000000;00000;0072;EXISTE                                                 ;00000000;00000;0046;Cs                                                     ;00000000;00000;0047;FE de las JONS                                         ;00000000;00000;0048;SAE                                                    ;00000000;00000;0049;J.U.E.X.                                               ;00000000;00000;0050;PH                                                     ;00000000;00000;0051;VOLT                                                   ;00000000;00000;0052;RECORTES CERO                                          ;00000000;00000;0063;EXTREMEÑOS                                             ;00000000;00000;0064;GLG                                                    ;00000000;00000;0065;PIRATAS / REBELDES                                     ;00000000;00000;0070;PREPAL                                                 ;00000000;00000;0000;                                                       ;00000000;00000;0000;                                                       ;00000000;00000;0000;                                                       ;00000000;00000;0000;                                                       ;00000000;00000;0000;                                                       ;00000000;00000;0000;                                                       ;00000000;00000;0000;                                                       ;00000000;00000;0000;                                                       ;00000000;00000;0000;                                                       ;00000000;00000;0000;                                                       ;00000000;00000;0000;                                                       ;00000000;00000;0000;                                                       ;00000000;00000;0000;                                                       ;00000000;00000;0000;                                                       ;00000000;00000;0000;                                                       ;00000000;00000;0000;                                                       ;00000000;00000;0000;                                                       ;00000000;00000;0000;                                                       ;00000000;00000;0000;                                                       ;00000000;00000;0000;                                                       ;00000000;00000;0000;                                                       ;00000000;00000;0000;                                                       ;00000000;00000;0000;                                                       ;00000000;00000;0000;                                                       ;00000000;00000;0000;                                                       ;00000000;00000;0000;                                                       ;00000000;00000;0000;                                                       ;00000000;00000;0000;                                                       ;00000000;00000;0000;                                                       ;00000000;00000;0000;                                                       ;00000000;00000;0000;                                                       ;00000000;00000;0000;                                                       ;00000000;00000;0000;                                                       ;00000000;00000;0000;                                                       ;00000000;00000;0000;                                                       ;00000000;00000;0000;                                                       ;00000000;00000;0000;                                                       ;00000000;00000;0000;                                                       ;00000000;00000;0000;                                                       ;00000000;00000;0000;                                                       ;00000000;00000;0000;                                                       ;00000000;00000;0000;                                                       ;00000000;00000;0000;                                                       ;00000000;00000;0000;                                                       ;00000000;00000;0000;                                                       ;00000000;00000;0000;                                                       ;00000000;00000;
2406100033;08;09;9;148;99;Grijalba                                          ;99;99;00001;00000084;00000084;10000;00000049;05833;00000035;04166;00000001;00204;00000000;00000;0022;PP                                                     ;00000020;04081;0017;PSOE                                                   ;00000018;03673;0046;Cs                                                     ;00000003;00612;0032;SUMAR                                                  ;00000002;00408;0021;VOX                                                    ;00000001;00204;0025;PODEMOS                                                ;00000001;00204;0039;PACMA                                                  ;00000001;00204;0042;AGRUPACIÓN DE ELECTORES "SE ACABÓ LA FIESTA"           ;00000001;00204;0048;SAE                                                    ;00000001;00204;0001;IZQESP                                                 ;00000000;00000;0002;CEUS                                                   ;00000000;00000;0009;FO                                                     ;00000000;00000;0010;AHORA REPÚBLICAS (ERC-EH BILDU-BNG-ARA MÉS)            ;00000000;00000;0060;JUNTS UE                                               ;00000000;00000;0019;ANDALUCISTAS                                           ;00000000;00000;0020;IE                                                     ;00000000;00000;0023;ESCAÑOS EN BLANCO                                      ;00000000;00000;0024;CRT                                                    ;00000000;00000;0026;PFAC                                                   ;00000000;00000;0027;PCTE                                                   ;00000000;00000;0029;PCPE/PCPC                                              ;00000000;00000;0040;CREE EN EUROPA                                         ;00000000;00000;0041;PMR                                                    ;00000000;00000;0043;F                                                      ;00000000;00000;0072;EXISTE                                                 ;00000000;00000;0047;FE de las JONS                                         ;00000000;00000;0049;J.U.E.X.                                               ;00000000;00000;0050;PH                                                     ;00000000;00000;0051;VOLT                                                   ;00000000;00000;0052;RECORTES CERO                                          ;00000000;00000;0063;EXTREMEÑOS                                             ;00000000;00000;0064;GLG                                                    ;00000000;00000;0065;PIRATAS / REBELDES                                     ;00000000;00000;0070;PREPAL                                                 ;00000000;00000;0000;                                                       ;00000000;00000;0000;                                                       ;00000000;00000;0000;                                                       ;00000000;00000;0000;                                                       ;00000000;00000;0000;                                                       ;00000000;00000;0000;                                                       ;00000000;00000;0000;                                                       ;00000000;00000;0000;                                                       ;00000000;00000;0000;                                                       ;00000000;00000;0000;                                                       ;00000000;00000;0000;                                                       ;00000000;00000;0000;                                                       ;00000000;00000;0000;                                                       ;00000000;00000;0000;                                                       ;00000000;00000;0000;                                                       ;00000000;00000;0000;                                                       ;00000000;00000;0000;                                                       ;00000000;00000;0000;                                                       ;00000000;00000;0000;                                                       ;00000000;00000;0000;                                                       ;00000000;00000;0000;                                                       ;00000000;00000;0000;                                                       ;00000000;00000;0000;                                                       ;00000000;00000;0000;                                                       ;00000000;00000;0000;                                                       ;00000000;00000;0000;                                                       ;00000000;00000;0000;                                                       ;00000000;00000;0000;                                                       ;00000000;00000;0000;                                                       ;00000000;00000;0000;                                                       ;00000000;00000;0000;                                                       ;00000000;00000;0000;                                                       ;00000000;00000;0000;                                                       ;00000000;00000;0000;                                                       ;00000000;00000;0000;                                                       ;00000000;00000;0000;                                                       ;00000000;00000;0000;                                                       ;00000000;00000;0000;                                                       ;00000000;00000;0000;                                                       ;00000000;00000;0000;                                                       ;00000000;00000;0000;                                                       ;00000000;00000;0000;                                                       ;00000000;00000;0000;                                                       ;00000000;00000;0000;                                                       ;00000000;00000;0000;                                                       ;00000000;00000;0000;                                                       ;00000000;00000;
2406100033;08;09;9;149;99;Grisaleña                                         ;99;99;00001;00000037;00000037;10000;00000025;06756;00000012;03243;00000000;00000;00000000;00000;0022;PP                                                     ;00000013;05200;0017;PSOE                                                   ;00000007;02800;0009;FO                                                     ;00000001;00400;0021;VOX                                                    ;00000001;00400;0025;PODEMOS                                                ;00000001;00400;0032;SUMAR                                                  ;00000001;00400;0042;AGRUPACIÓN DE ELECTORES "SE ACABÓ LA FIESTA"           ;00000001;00400;0001;IZQESP                                                 ;00000000;00000;0002;CEUS                                                   ;00000000;00000;0010;AHORA REPÚBLICAS (ERC-EH BILDU-BNG-ARA MÉS)            ;00000000;00000;0060;JUNTS UE                                               ;00000000;00000;0019;ANDALUCISTAS                                           ;00000000;00000;0020;IE                                                     ;00000000;00000;0023;ESCAÑOS EN BLANCO                                      ;00000000;00000;0024;CRT                                                    ;00000000;00000;0026;PFAC                                                   ;00000000;00000;0027;PCTE                                                   ;00000000;00000;0029;PCPE/PCPC                                              ;00000000;00000;0039;PACMA                                                  ;00000000;00000;0040;CREE EN EUROPA                                         ;00000000;00000;0041;PMR                                                    ;00000000;00000;0043;F                                                      ;00000000;00000;0072;EXISTE                                                 ;00000000;00000;0046;Cs                                                     ;00000000;00000;0047;FE de las JONS                                         ;00000000;00000;0048;SAE                                                    ;00000000;00000;0049;J.U.E.X.                                               ;00000000;00000;0050;PH                                                     ;00000000;00000;0051;VOLT                                                   ;00000000;00000;0052;RECORTES CERO                                          ;00000000;00000;0063;EXTREMEÑOS                                             ;00000000;00000;0064;GLG                                                    ;00000000;00000;0065;PIRATAS / REBELDES                                     ;00000000;00000;0070;PREPAL                                                 ;00000000;00000;0000;                                                       ;00000000;00000;0000;                                                       ;00000000;00000;0000;                                                       ;00000000;00000;0000;                                                       ;00000000;00000;0000;                                                       ;00000000;00000;0000;                                                       ;00000000;00000;0000;                                                       ;00000000;00000;0000;                                                       ;00000000;00000;0000;                                                       ;00000000;00000;0000;                                                       ;00000000;00000;0000;                                                       ;00000000;00000;0000;                                                       ;00000000;00000;0000;                                                       ;00000000;00000;0000;                                                       ;00000000;00000;0000;                                                       ;00000000;00000;0000;                                                       ;00000000;00000;0000;                                                       ;00000000;00000;0000;                                                       ;00000000;00000;0000;                                                       ;00000000;00000;0000;                                                       ;00000000;00000;0000;                                                       ;00000000;00000;0000;                                                       ;00000000;00000;0000;                                                       ;00000000;00000;0000;                                                       ;00000000;00000;0000;                                                       ;00000000;00000;0000;                                                       ;00000000;00000;0000;                                                       ;00000000;00000;0000;                                                       ;00000000;00000;0000;                                                       ;00000000;00000;0000;                                                       ;00000000;00000;0000;                                                       ;00000000;00000;0000;                                                       ;00000000;00000;0000;                                                       ;00000000;00000;0000;                                                       ;00000000;00000;0000;                                                       ;00000000;00000;0000;                                                       ;00000000;00000;0000;                                                       ;00000000;00000;0000;                                                       ;00000000;00000;0000;                                                       ;00000000;00000;0000;                                                       ;00000000;00000;0000;                                                       ;00000000;00000;0000;                                                       ;00000000;00000;0000;                                                       ;00000000;00000;0000;                                                       ;00000000;00000;0000;                                                       ;00000000;00000;0000;                                                       ;00000000;00000;
2406100033;08;09;9;151;99;Gumiel de Izán                                    ;99;99;00001;00000471;00000471;10000;00000301;06390;00000170;03609;00000002;00066;00000001;00033;0017;PSOE                                                   ;00000123;04100;0022;PP                                                     ;00000114;03800;0021;VOX                                                    ;00000018;00600;0042;AGRUPACIÓN DE ELECTORES "SE ACABÓ LA FIESTA"           ;00000016;00533;0025;PODEMOS                                                ;00000007;00233;0032;SUMAR                                                  ;00000007;00233;0046;Cs                                                     ;00000004;00133;0009;FO                                                     ;00000002;00066;0023;ESCAÑOS EN BLANCO                                      ;00000001;00033;0024;CRT                                                    ;00000001;00033;0026;PFAC                                                   ;00000001;00033;0039;PACMA                                                  ;00000001;00033;0072;EXISTE                                                 ;00000001;00033;0047;FE de las JONS                                         ;00000001;00033;0065;PIRATAS / REBELDES                                     ;00000001;00033;0001;IZQESP                                                 ;00000000;00000;0002;CEUS                                                   ;00000000;00000;0010;AHORA REPÚBLICAS (ERC-EH BILDU-BNG-ARA MÉS)            ;00000000;00000;0060;JUNTS UE                                               ;00000000;00000;0019;ANDALUCISTAS                                           ;00000000;00000;0020;IE                                                     ;00000000;00000;0027;PCTE                                                   ;00000000;00000;0029;PCPE/PCPC                                              ;00000000;00000;0040;CREE EN EUROPA                                         ;00000000;00000;0041;PMR                                                    ;00000000;00000;0043;F                                                      ;00000000;00000;0048;SAE                                                    ;00000000;00000;0049;J.U.E.X.                                               ;00000000;00000;0050;PH                                                     ;00000000;00000;0051;VOLT                                                   ;00000000;00000;0052;RECORTES CERO                                          ;00000000;00000;0063;EXTREMEÑOS                                             ;00000000;00000;0064;GLG                                                    ;00000000;00000;0070;PREPAL                                                 ;00000000;00000;0000;                                                       ;00000000;00000;0000;                                                       ;00000000;00000;0000;                                                       ;00000000;00000;0000;                                                       ;00000000;00000;0000;                                                       ;00000000;00000;0000;                                                       ;00000000;00000;0000;                                                       ;00000000;00000;0000;                                                       ;00000000;00000;0000;                                                       ;00000000;00000;0000;                                                       ;00000000;00000;0000;                                                       ;00000000;00000;0000;                                                       ;00000000;00000;0000;                                                       ;00000000;00000;0000;                                                       ;00000000;00000;0000;                                                       ;00000000;00000;0000;                                                       ;00000000;00000;0000;                                                       ;00000000;00000;0000;                                                       ;00000000;00000;0000;                                                       ;00000000;00000;0000;                                                       ;00000000;00000;0000;                                                       ;00000000;00000;0000;                                                       ;00000000;00000;0000;                                                       ;00000000;00000;0000;                                                       ;00000000;00000;0000;                                                       ;00000000;00000;0000;                                                       ;00000000;00000;0000;                                                       ;00000000;00000;0000;                                                       ;00000000;00000;0000;                                                       ;00000000;00000;0000;                                                       ;00000000;00000;0000;                                                       ;00000000;00000;0000;                                                       ;00000000;00000;0000;                                                       ;00000000;00000;0000;                                                       ;00000000;00000;0000;                                                       ;00000000;00000;0000;                                                       ;00000000;00000;0000;                                                       ;00000000;00000;0000;                                                       ;00000000;00000;0000;                                                       ;00000000;00000;0000;                                                       ;00000000;00000;0000;                                                       ;00000000;00000;0000;                                                       ;00000000;00000;0000;                                                       ;00000000;00000;0000;                                                       ;00000000;00000;0000;                                                       ;00000000;00000;0000;                                                       ;00000000;00000;
2406100033;08;09;9;152;99;Gumiel de Mercado                                 ;99;99;00001;00000266;00000266;10000;00000141;05300;00000125;04699;00000000;00000;00000000;00000;0022;PP                                                     ;00000066;04680;0017;PSOE                                                   ;00000042;02978;0021;VOX                                                    ;00000017;01205;0042;AGRUPACIÓN DE ELECTORES "SE ACABÓ LA FIESTA"           ;00000006;00425;0032;SUMAR                                                  ;00000004;00283;0010;AHORA REPÚBLICAS (ERC-EH BILDU-BNG-ARA MÉS)            ;00000002;00141;0048;SAE                                                    ;00000002;00141;0009;FO                                                     ;00000001;00070;0025;PODEMOS                                                ;00000001;00070;0001;IZQESP                                                 ;00000000;00000;0002;CEUS                                                   ;00000000;00000;0060;JUNTS UE                                               ;00000000;00000;0019;ANDALUCISTAS                                           ;00000000;00000;0020;IE                                                     ;00000000;00000;0023;ESCAÑOS EN BLANCO                                      ;00000000;00000;0024;CRT                                                    ;00000000;00000;0026;PFAC                                                   ;00000000;00000;0027;PCTE                                                   ;00000000;00000;0029;PCPE/PCPC                                              ;00000000;00000;0039;PACMA                                                  ;00000000;00000;0040;CREE EN EUROPA                                         ;00000000;00000;0041;PMR                                                    ;00000000;00000;0043;F                                                      ;00000000;00000;0072;EXISTE                                                 ;00000000;00000;0046;Cs                                                     ;00000000;00000;0047;FE de las JONS                                         ;00000000;00000;0049;J.U.E.X.                                               ;00000000;00000;0050;PH                                                     ;00000000;00000;0051;VOLT                                                   ;00000000;00000;0052;RECORTES CERO                                          ;00000000;00000;0063;EXTREMEÑOS                                             ;00000000;00000;0064;GLG                                                    ;00000000;00000;0065;PIRATAS / REBELDES                                     ;00000000;00000;0070;PREPAL                                                 ;00000000;00000;0000;                                                       ;00000000;00000;0000;                                                       ;00000000;00000;0000;                                                       ;00000000;00000;0000;                                                       ;00000000;00000;0000;                                                       ;00000000;00000;0000;                                                       ;00000000;00000;0000;                                                       ;00000000;00000;0000;                                                       ;00000000;00000;0000;                                                       ;00000000;00000;0000;                                                       ;00000000;00000;0000;                                                       ;00000000;00000;0000;                                                       ;00000000;00000;0000;                                                       ;00000000;00000;0000;                                                       ;00000000;00000;0000;                                                       ;00000000;00000;0000;                                                       ;00000000;00000;0000;                                                       ;00000000;00000;0000;                                                       ;00000000;00000;0000;                                                       ;00000000;00000;0000;                                                       ;00000000;00000;0000;                                                       ;00000000;00000;0000;                                                       ;00000000;00000;0000;                                                       ;00000000;00000;0000;                                                       ;00000000;00000;0000;                                                       ;00000000;00000;0000;                                                       ;00000000;00000;0000;                                                       ;00000000;00000;0000;                                                       ;00000000;00000;0000;                                                       ;00000000;00000;0000;                                                       ;00000000;00000;0000;                                                       ;00000000;00000;0000;                                                       ;00000000;00000;0000;                                                       ;00000000;00000;0000;                                                       ;00000000;00000;0000;                                                       ;00000000;00000;0000;                                                       ;00000000;00000;0000;                                                       ;00000000;00000;0000;                                                       ;00000000;00000;0000;                                                       ;00000000;00000;0000;                                                       ;00000000;00000;0000;                                                       ;00000000;00000;0000;                                                       ;00000000;00000;0000;                                                       ;00000000;00000;0000;                                                       ;00000000;00000;0000;                                                       ;00000000;00000;0000;                                                       ;00000000;00000;
2406100033;08;09;9;154;99;Hacinas                                           ;99;99;00001;00000134;00000134;10000;00000104;07761;00000030;02238;00000004;00388;00000001;00096;0022;PP                                                     ;00000056;05436;0017;PSOE                                                   ;00000022;02135;0021;VOX                                                    ;00000006;00582;0042;AGRUPACIÓN DE ELECTORES "SE ACABÓ LA FIESTA"           ;00000004;00388;0072;EXISTE                                                 ;00000004;00388;0001;IZQESP                                                 ;00000002;00194;0002;CEUS                                                   ;00000001;00097;0010;AHORA REPÚBLICAS (ERC-EH BILDU-BNG-ARA MÉS)            ;00000001;00097;0025;PODEMOS                                                ;00000001;00097;0032;SUMAR                                                  ;00000001;00097;0046;Cs                                                     ;00000001;00097;0009;FO                                                     ;00000000;00000;0060;JUNTS UE                                               ;00000000;00000;0019;ANDALUCISTAS                                           ;00000000;00000;0020;IE                                                     ;00000000;00000;0023;ESCAÑOS EN BLANCO                                      ;00000000;00000;0024;CRT                                                    ;00000000;00000;0026;PFAC                                                   ;00000000;00000;0027;PCTE                                                   ;00000000;00000;0029;PCPE/PCPC                                              ;00000000;00000;0039;PACMA                                                  ;00000000;00000;0040;CREE EN EUROPA                                         ;00000000;00000;0041;PMR                                                    ;00000000;00000;0043;F                                                      ;00000000;00000;0047;FE de las JONS                                         ;00000000;00000;0048;SAE                                                    ;00000000;00000;0049;J.U.E.X.                                               ;00000000;00000;0050;PH                                                     ;00000000;00000;0051;VOLT                                                   ;00000000;00000;0052;RECORTES CERO                                          ;00000000;00000;0063;EXTREMEÑOS                                             ;00000000;00000;0064;GLG                                                    ;00000000;00000;0065;PIRATAS / REBELDES                                     ;00000000;00000;0070;PREPAL                                                 ;00000000;00000;0000;                                                       ;00000000;00000;0000;                                                       ;00000000;00000;0000;                                                       ;00000000;00000;0000;                                                       ;00000000;00000;0000;                                                       ;00000000;00000;0000;                                                       ;00000000;00000;0000;                                                       ;00000000;00000;0000;                                                       ;00000000;00000;0000;                                                       ;00000000;00000;0000;                                                       ;00000000;00000;0000;                                                       ;00000000;00000;0000;                                                       ;00000000;00000;0000;                                                       ;00000000;00000;0000;                                                       ;00000000;00000;0000;                                                       ;00000000;00000;0000;                                                       ;00000000;00000;0000;                                                       ;00000000;00000;0000;                                                       ;00000000;00000;0000;                                                       ;00000000;00000;0000;                                                       ;00000000;00000;0000;                                                       ;00000000;00000;0000;                                                       ;00000000;00000;0000;                                                       ;00000000;00000;0000;                                                       ;00000000;00000;0000;                                                       ;00000000;00000;0000;                                                       ;00000000;00000;0000;                                                       ;00000000;00000;0000;                                                       ;00000000;00000;0000;                                                       ;00000000;00000;0000;                                                       ;00000000;00000;0000;                                                       ;00000000;00000;0000;                                                       ;00000000;00000;0000;                                                       ;00000000;00000;0000;                                                       ;00000000;00000;0000;                                                       ;00000000;00000;0000;                                                       ;00000000;00000;0000;                                                       ;00000000;00000;0000;                                                       ;00000000;00000;0000;                                                       ;00000000;00000;0000;                                                       ;00000000;00000;0000;                                                       ;00000000;00000;0000;                                                       ;00000000;00000;0000;                                                       ;00000000;00000;0000;                                                       ;00000000;00000;0000;                                                       ;00000000;00000;0000;                                                       ;00000000;00000;
2406100033;08;09;9;155;99;Haza                                              ;99;99;00001;00000025;00000025;10000;00000024;09600;00000001;00400;00000000;00000;00000000;00000;0022;PP                                                     ;00000013;05416;0021;VOX                                                    ;00000008;03333;0017;PSOE                                                   ;00000002;00833;0042;AGRUPACIÓN DE ELECTORES "SE ACABÓ LA FIESTA"           ;00000001;00416;0001;IZQESP                                                 ;00000000;00000;0002;CEUS                                                   ;00000000;00000;0009;FO                                                     ;00000000;00000;0010;AHORA REPÚBLICAS (ERC-EH BILDU-BNG-ARA MÉS)            ;00000000;00000;0060;JUNTS UE                                               ;00000000;00000;0019;ANDALUCISTAS                                           ;00000000;00000;0020;IE                                                     ;00000000;00000;0023;ESCAÑOS EN BLANCO                                      ;00000000;00000;0024;CRT                                                    ;00000000;00000;0025;PODEMOS                                                ;00000000;00000;0026;PFAC                                                   ;00000000;00000;0027;PCTE                                                   ;00000000;00000;0029;PCPE/PCPC                                              ;00000000;00000;0032;SUMAR                                                  ;00000000;00000;0039;PACMA                                                  ;00000000;00000;0040;CREE EN EUROPA                                         ;00000000;00000;0041;PMR                                                    ;00000000;00000;0043;F                                                      ;00000000;00000;0072;EXISTE                                                 ;00000000;00000;0046;Cs                                                     ;00000000;00000;0047;FE de las JONS                                         ;00000000;00000;0048;SAE                                                    ;00000000;00000;0049;J.U.E.X.                                               ;00000000;00000;0050;PH                                                     ;00000000;00000;0051;VOLT                                                   ;00000000;00000;0052;RECORTES CERO                                          ;00000000;00000;0063;EXTREMEÑOS                                             ;00000000;00000;0064;GLG                                                    ;00000000;00000;0065;PIRATAS / REBELDES                                     ;00000000;00000;0070;PREPAL                                                 ;00000000;00000;0000;                                                       ;00000000;00000;0000;                                                       ;00000000;00000;0000;                                                       ;00000000;00000;0000;                                                       ;00000000;00000;0000;                                                       ;00000000;00000;0000;                                                       ;00000000;00000;0000;                                                       ;00000000;00000;0000;                                                       ;00000000;00000;0000;                                                       ;00000000;00000;0000;                                                       ;00000000;00000;0000;                                                       ;00000000;00000;0000;                                                       ;00000000;00000;0000;                                                       ;00000000;00000;0000;                                                       ;00000000;00000;0000;                                                       ;00000000;00000;0000;                                                       ;00000000;00000;0000;                                                       ;00000000;00000;0000;                                                       ;00000000;00000;0000;                                                       ;00000000;00000;0000;                                                       ;00000000;00000;0000;                                                       ;00000000;00000;0000;                                                       ;00000000;00000;0000;                                                       ;00000000;00000;0000;                                                       ;00000000;00000;0000;                                                       ;00000000;00000;0000;                                                       ;00000000;00000;0000;                                                       ;00000000;00000;0000;                                                       ;00000000;00000;0000;                                                       ;00000000;00000;0000;                                                       ;00000000;00000;0000;                                                       ;00000000;00000;0000;                                                       ;00000000;00000;0000;                                                       ;00000000;00000;0000;                                                       ;00000000;00000;0000;                                                       ;00000000;00000;0000;                                                       ;00000000;00000;0000;                                                       ;00000000;00000;0000;                                                       ;00000000;00000;0000;                                                       ;00000000;00000;0000;                                                       ;00000000;00000;0000;                                                       ;00000000;00000;0000;                                                       ;00000000;00000;0000;                                                       ;00000000;00000;0000;                                                       ;00000000;00000;0000;                                                       ;00000000;00000;0000;                                                       ;00000000;00000;
2406100033;08;09;9;159;99;Hontanas                                          ;99;99;00001;00000060;00000060;10000;00000040;06666;00000020;03333;00000000;00000;00000000;00000;0022;PP                                                     ;00000024;06000;0021;VOX                                                    ;00000006;01500;0017;PSOE                                                   ;00000004;01000;0009;FO                                                     ;00000003;00750;0042;AGRUPACIÓN DE ELECTORES "SE ACABÓ LA FIESTA"           ;00000002;00500;0032;SUMAR                                                  ;00000001;00250;0001;IZQESP                                                 ;00000000;00000;0002;CEUS                                                   ;00000000;00000;0010;AHORA REPÚBLICAS (ERC-EH BILDU-BNG-ARA MÉS)            ;00000000;00000;0060;JUNTS UE                                               ;00000000;00000;0019;ANDALUCISTAS                                           ;00000000;00000;0020;IE                                                     ;00000000;00000;0023;ESCAÑOS EN BLANCO                                      ;00000000;00000;0024;CRT                                                    ;00000000;00000;0025;PODEMOS                                                ;00000000;00000;0026;PFAC                                                   ;00000000;00000;0027;PCTE                                                   ;00000000;00000;0029;PCPE/PCPC                                              ;00000000;00000;0039;PACMA                                                  ;00000000;00000;0040;CREE EN EUROPA                                         ;00000000;00000;0041;PMR                                                    ;00000000;00000;0043;F                                                      ;00000000;00000;0072;EXISTE                                                 ;00000000;00000;0046;Cs                                                     ;00000000;00000;0047;FE de las JONS                                         ;00000000;00000;0048;SAE                                                    ;00000000;00000;0049;J.U.E.X.                                               ;00000000;00000;0050;PH                                                     ;00000000;00000;0051;VOLT                                                   ;00000000;00000;0052;RECORTES CERO                                          ;00000000;00000;0063;EXTREMEÑOS                                             ;00000000;00000;0064;GLG                                                    ;00000000;00000;0065;PIRATAS / REBELDES                                     ;00000000;00000;0070;PREPAL                                                 ;00000000;00000;0000;                                                       ;00000000;00000;0000;                                                       ;00000000;00000;0000;                                                       ;00000000;00000;0000;                                                       ;00000000;00000;0000;                                                       ;00000000;00000;0000;                                                       ;00000000;00000;0000;                                                       ;00000000;00000;0000;                                                       ;00000000;00000;0000;                                                       ;00000000;00000;0000;                                                       ;00000000;00000;0000;                                                       ;00000000;00000;0000;                                                       ;00000000;00000;0000;                                                       ;00000000;00000;0000;                                                       ;00000000;00000;0000;                                                       ;00000000;00000;0000;                                                       ;00000000;00000;0000;                                                       ;00000000;00000;0000;                                                       ;00000000;00000;0000;                                                       ;00000000;00000;0000;                                                       ;00000000;00000;0000;                                                       ;00000000;00000;0000;                                                       ;00000000;00000;0000;                                                       ;00000000;00000;0000;                                                       ;00000000;00000;0000;                                                       ;00000000;00000;0000;                                                       ;00000000;00000;0000;                                                       ;00000000;00000;0000;                                                       ;00000000;00000;0000;                                                       ;00000000;00000;0000;                                                       ;00000000;00000;0000;                                                       ;00000000;00000;0000;                                                       ;00000000;00000;0000;                                                       ;00000000;00000;0000;                                                       ;00000000;00000;0000;                                                       ;00000000;00000;0000;                                                       ;00000000;00000;0000;                                                       ;00000000;00000;0000;                                                       ;00000000;00000;0000;                                                       ;00000000;00000;0000;                                                       ;00000000;00000;0000;                                                       ;00000000;00000;0000;                                                       ;00000000;00000;0000;                                                       ;00000000;00000;0000;                                                       ;00000000;00000;0000;                                                       ;00000000;00000;0000;                                                       ;00000000;00000;
2406100033;08;09;9;160;99;Hontangas                                         ;99;99;00001;00000087;00000087;10000;00000056;06436;00000031;03563;00000000;00000;00000001;00178;0022;PP                                                     ;00000021;03818;0021;VOX                                                    ;00000017;03090;0017;PSOE                                                   ;00000012;02181;0040;CREE EN EUROPA                                         ;00000002;00363;0009;FO                                                     ;00000001;00181;0042;AGRUPACIÓN DE ELECTORES "SE ACABÓ LA FIESTA"           ;00000001;00181;0072;EXISTE                                                 ;00000001;00181;0001;IZQESP                                                 ;00000000;00000;0002;CEUS                                                   ;00000000;00000;0010;AHORA REPÚBLICAS (ERC-EH BILDU-BNG-ARA MÉS)            ;00000000;00000;0060;JUNTS UE                                               ;00000000;00000;0019;ANDALUCISTAS                                           ;00000000;00000;0020;IE                                                     ;00000000;00000;0023;ESCAÑOS EN BLANCO                                      ;00000000;00000;0024;CRT                                                    ;00000000;00000;0025;PODEMOS                                                ;00000000;00000;0026;PFAC                                                   ;00000000;00000;0027;PCTE                                                   ;00000000;00000;0029;PCPE/PCPC                                              ;00000000;00000;0032;SUMAR                                                  ;00000000;00000;0039;PACMA                                                  ;00000000;00000;0041;PMR                                                    ;00000000;00000;0043;F                                                      ;00000000;00000;0046;Cs                                                     ;00000000;00000;0047;FE de las JONS                                         ;00000000;00000;0048;SAE                                                    ;00000000;00000;0049;J.U.E.X.                                               ;00000000;00000;0050;PH                                                     ;00000000;00000;0051;VOLT                                                   ;00000000;00000;0052;RECORTES CERO                                          ;00000000;00000;0063;EXTREMEÑOS                                             ;00000000;00000;0064;GLG                                                    ;00000000;00000;0065;PIRATAS / REBELDES                                     ;00000000;00000;0070;PREPAL                                                 ;00000000;00000;0000;                                                       ;00000000;00000;0000;                                                       ;00000000;00000;0000;                                                       ;00000000;00000;0000;                                                       ;00000000;00000;0000;                                                       ;00000000;00000;0000;                                                       ;00000000;00000;0000;                                                       ;00000000;00000;0000;                                                       ;00000000;00000;0000;                                                       ;00000000;00000;0000;                                                       ;00000000;00000;0000;                                                       ;00000000;00000;0000;                                                       ;00000000;00000;0000;                                                       ;00000000;00000;0000;                                                       ;00000000;00000;0000;                                                       ;00000000;00000;0000;                                                       ;00000000;00000;0000;                                                       ;00000000;00000;0000;                                                       ;00000000;00000;0000;                                                       ;00000000;00000;0000;                                                       ;00000000;00000;0000;                                                       ;00000000;00000;0000;                                                       ;00000000;00000;0000;                                                       ;00000000;00000;0000;                                                       ;00000000;00000;0000;                                                       ;00000000;00000;0000;                                                       ;00000000;00000;0000;                                                       ;00000000;00000;0000;                                                       ;00000000;00000;0000;                                                       ;00000000;00000;0000;                                                       ;00000000;00000;0000;                                                       ;00000000;00000;0000;                                                       ;00000000;00000;0000;                                                       ;00000000;00000;0000;                                                       ;00000000;00000;0000;                                                       ;00000000;00000;0000;                                                       ;00000000;00000;0000;                                                       ;00000000;00000;0000;                                                       ;00000000;00000;0000;                                                       ;00000000;00000;0000;                                                       ;00000000;00000;0000;                                                       ;00000000;00000;0000;                                                       ;00000000;00000;0000;                                                       ;00000000;00000;0000;                                                       ;00000000;00000;0000;                                                       ;00000000;00000;0000;                                                       ;00000000;00000;
2406100033;08;09;9;162;99;Hontoria de la Cantera                            ;99;99;00001;00000145;00000145;10000;00000098;06758;00000047;03241;00000003;00306;00000000;00000;0022;PP                                                     ;00000038;03877;0017;PSOE                                                   ;00000022;02244;0021;VOX                                                    ;00000011;01122;0042;AGRUPACIÓN DE ELECTORES "SE ACABÓ LA FIESTA"           ;00000008;00816;0032;SUMAR                                                  ;00000006;00612;0039;PACMA                                                  ;00000003;00306;0023;ESCAÑOS EN BLANCO                                      ;00000002;00204;0025;PODEMOS                                                ;00000002;00204;0072;EXISTE                                                 ;00000002;00204;0051;VOLT                                                   ;00000001;00102;0001;IZQESP                                                 ;00000000;00000;0002;CEUS                                                   ;00000000;00000;0009;FO                                                     ;00000000;00000;0010;AHORA REPÚBLICAS (ERC-EH BILDU-BNG-ARA MÉS)            ;00000000;00000;0060;JUNTS UE                                               ;00000000;00000;0019;ANDALUCISTAS                                           ;00000000;00000;0020;IE                                                     ;00000000;00000;0024;CRT                                                    ;00000000;00000;0026;PFAC                                                   ;00000000;00000;0027;PCTE                                                   ;00000000;00000;0029;PCPE/PCPC                                              ;00000000;00000;0040;CREE EN EUROPA                                         ;00000000;00000;0041;PMR                                                    ;00000000;00000;0043;F                                                      ;00000000;00000;0046;Cs                                                     ;00000000;00000;0047;FE de las JONS                                         ;00000000;00000;0048;SAE                                                    ;00000000;00000;0049;J.U.E.X.                                               ;00000000;00000;0050;PH                                                     ;00000000;00000;0052;RECORTES CERO                                          ;00000000;00000;0063;EXTREMEÑOS                                             ;00000000;00000;0064;GLG                                                    ;00000000;00000;0065;PIRATAS / REBELDES                                     ;00000000;00000;0070;PREPAL                                                 ;00000000;00000;0000;                                                       ;00000000;00000;0000;                                                       ;00000000;00000;0000;                                                       ;00000000;00000;0000;                                                       ;00000000;00000;0000;                                                       ;00000000;00000;0000;                                                       ;00000000;00000;0000;                                                       ;00000000;00000;0000;                                                       ;00000000;00000;0000;                                                       ;00000000;00000;0000;                                                       ;00000000;00000;0000;                                                       ;00000000;00000;0000;                                                       ;00000000;00000;0000;                                                       ;00000000;00000;0000;                                                       ;00000000;00000;0000;                                                       ;00000000;00000;0000;                                                       ;00000000;00000;0000;                                                       ;00000000;00000;0000;                                                       ;00000000;00000;0000;                                                       ;00000000;00000;0000;                                                       ;00000000;00000;0000;                                                       ;00000000;00000;0000;                                                       ;00000000;00000;0000;                                                       ;00000000;00000;0000;                                                       ;00000000;00000;0000;                                                       ;00000000;00000;0000;                                                       ;00000000;00000;0000;                                                       ;00000000;00000;0000;                                                       ;00000000;00000;0000;                                                       ;00000000;00000;0000;                                                       ;00000000;00000;0000;                                                       ;00000000;00000;0000;                                                       ;00000000;00000;0000;                                                       ;00000000;00000;0000;                                                       ;00000000;00000;0000;                                                       ;00000000;00000;0000;                                                       ;00000000;00000;0000;                                                       ;00000000;00000;0000;                                                       ;00000000;00000;0000;                                                       ;00000000;00000;0000;                                                       ;00000000;00000;0000;                                                       ;00000000;00000;0000;                                                       ;00000000;00000;0000;                                                       ;00000000;00000;0000;                                                       ;00000000;00000;0000;                                                       ;00000000;00000;0000;                                                       ;00000000;00000;
2406100033;08;09;9;163;99;Hontoria del Pinar                                ;99;99;00001;00000534;00000534;10000;00000344;06441;00000190;03558;00000005;00147;00000005;00145;0022;PP                                                     ;00000159;04690;0017;PSOE                                                   ;00000090;02654;0021;VOX                                                    ;00000043;01268;0042;AGRUPACIÓN DE ELECTORES "SE ACABÓ LA FIESTA"           ;00000017;00501;0032;SUMAR                                                  ;00000014;00412;0025;PODEMOS                                                ;00000004;00117;0072;EXISTE                                                 ;00000003;00088;0046;Cs                                                     ;00000002;00058;0009;FO                                                     ;00000001;00029;0010;AHORA REPÚBLICAS (ERC-EH BILDU-BNG-ARA MÉS)            ;00000001;00029;0001;IZQESP                                                 ;00000000;00000;0002;CEUS                                                   ;00000000;00000;0060;JUNTS UE                                               ;00000000;00000;0019;ANDALUCISTAS                                           ;00000000;00000;0020;IE                                                     ;00000000;00000;0023;ESCAÑOS EN BLANCO                                      ;00000000;00000;0024;CRT                                                    ;00000000;00000;0026;PFAC                                                   ;00000000;00000;0027;PCTE                                                   ;00000000;00000;0029;PCPE/PCPC                                              ;00000000;00000;0039;PACMA                                                  ;00000000;00000;0040;CREE EN EUROPA                                         ;00000000;00000;0041;PMR                                                    ;00000000;00000;0043;F                                                      ;00000000;00000;0047;FE de las JONS                                         ;00000000;00000;0048;SAE                                                    ;00000000;00000;0049;J.U.E.X.                                               ;00000000;00000;0050;PH                                                     ;00000000;00000;0051;VOLT                                                   ;00000000;00000;0052;RECORTES CERO                                          ;00000000;00000;0063;EXTREMEÑOS                                             ;00000000;00000;0064;GLG                                                    ;00000000;00000;0065;PIRATAS / REBELDES                                     ;00000000;00000;0070;PREPAL                                                 ;00000000;00000;0000;                                                       ;00000000;00000;0000;                                                       ;00000000;00000;0000;                                                       ;00000000;00000;0000;                                                       ;00000000;00000;0000;                                                       ;00000000;00000;0000;                                                       ;00000000;00000;0000;                                                       ;00000000;00000;0000;                                                       ;00000000;00000;0000;                                                       ;00000000;00000;0000;                                                       ;00000000;00000;0000;                                                       ;00000000;00000;0000;                                                       ;00000000;00000;0000;                                                       ;00000000;00000;0000;                                                       ;00000000;00000;0000;                                                       ;00000000;00000;0000;                                                       ;00000000;00000;0000;                                                       ;00000000;00000;0000;                                                       ;00000000;00000;0000;                                                       ;00000000;00000;0000;                                                       ;00000000;00000;0000;                                                       ;00000000;00000;0000;                                                       ;00000000;00000;0000;                                                       ;00000000;00000;0000;                                                       ;00000000;00000;0000;                                                       ;00000000;00000;0000;                                                       ;00000000;00000;0000;                                                       ;00000000;00000;0000;                                                       ;00000000;00000;0000;                                                       ;00000000;00000;0000;                                                       ;00000000;00000;0000;                                                       ;00000000;00000;0000;                                                       ;00000000;00000;0000;                                                       ;00000000;00000;0000;                                                       ;00000000;00000;0000;                                                       ;00000000;00000;0000;                                                       ;00000000;00000;0000;                                                       ;00000000;00000;0000;                                                       ;00000000;00000;0000;                                                       ;00000000;00000;0000;                                                       ;00000000;00000;0000;                                                       ;00000000;00000;0000;                                                       ;00000000;00000;0000;                                                       ;00000000;00000;0000;                                                       ;00000000;00000;0000;                                                       ;00000000;00000;0000;                                                       ;00000000;00000;
2406100033;08;09;9;164;99;Hontoria de Valdearados                           ;99;99;00001;00000136;00000136;10000;00000097;07132;00000039;02867;00000001;00106;00000003;00309;0022;PP                                                     ;00000052;05531;0017;PSOE                                                   ;00000024;02553;0021;VOX                                                    ;00000006;00638;0042;AGRUPACIÓN DE ELECTORES "SE ACABÓ LA FIESTA"           ;00000003;00319;0010;AHORA REPÚBLICAS (ERC-EH BILDU-BNG-ARA MÉS)            ;00000002;00212;0032;SUMAR                                                  ;00000002;00212;0025;PODEMOS                                                ;00000001;00106;0026;PFAC                                                   ;00000001;00106;0046;Cs                                                     ;00000001;00106;0051;VOLT                                                   ;00000001;00106;0001;IZQESP                                                 ;00000000;00000;0002;CEUS                                                   ;00000000;00000;0009;FO                                                     ;00000000;00000;0060;JUNTS UE                                               ;00000000;00000;0019;ANDALUCISTAS                                           ;00000000;00000;0020;IE                                                     ;00000000;00000;0023;ESCAÑOS EN BLANCO                                      ;00000000;00000;0024;CRT                                                    ;00000000;00000;0027;PCTE                                                   ;00000000;00000;0029;PCPE/PCPC                                              ;00000000;00000;0039;PACMA                                                  ;00000000;00000;0040;CREE EN EUROPA                                         ;00000000;00000;0041;PMR                                                    ;00000000;00000;0043;F                                                      ;00000000;00000;0072;EXISTE                                                 ;00000000;00000;0047;FE de las JONS                                         ;00000000;00000;0048;SAE                                                    ;00000000;00000;0049;J.U.E.X.                                               ;00000000;00000;0050;PH                                                     ;00000000;00000;0052;RECORTES CERO                                          ;00000000;00000;0063;EXTREMEÑOS                                             ;00000000;00000;0064;GLG                                                    ;00000000;00000;0065;PIRATAS / REBELDES                                     ;00000000;00000;0070;PREPAL                                                 ;00000000;00000;0000;                                                       ;00000000;00000;0000;                                                       ;00000000;00000;0000;                                                       ;00000000;00000;0000;                                                       ;00000000;00000;0000;                                                       ;00000000;00000;0000;                                                       ;00000000;00000;0000;                                                       ;00000000;00000;0000;                                                       ;00000000;00000;0000;                                                       ;00000000;00000;0000;                                                       ;00000000;00000;0000;                                                       ;00000000;00000;0000;                                                       ;00000000;00000;0000;                                                       ;00000000;00000;0000;                                                       ;00000000;00000;0000;                                                       ;00000000;00000;0000;                                                       ;00000000;00000;0000;                                                       ;00000000;00000;0000;                                                       ;00000000;00000;0000;                                                       ;00000000;00000;0000;                                                       ;00000000;00000;0000;                                                       ;00000000;00000;0000;                                                       ;00000000;00000;0000;                                                       ;00000000;00000;0000;                                                       ;00000000;00000;0000;                                                       ;00000000;00000;0000;                                                       ;00000000;00000;0000;                                                       ;00000000;00000;0000;                                                       ;00000000;00000;0000;                                                       ;00000000;00000;0000;                                                       ;00000000;00000;0000;                                                       ;00000000;00000;0000;                                                       ;00000000;00000;0000;                                                       ;00000000;00000;0000;                                                       ;00000000;00000;0000;                                                       ;00000000;00000;0000;                                                       ;00000000;00000;0000;                                                       ;00000000;00000;0000;                                                       ;00000000;00000;0000;                                                       ;00000000;00000;0000;                                                       ;00000000;00000;0000;                                                       ;00000000;00000;0000;                                                       ;00000000;00000;0000;                                                       ;00000000;00000;0000;                                                       ;00000000;00000;0000;                                                       ;00000000;00000;0000;                                                       ;00000000;00000;
2406100033;08;09;9;166;99;Las Hormazas                                      ;99;99;00001;00000093;00000093;10000;00000064;06881;00000029;03118;00000000;00000;00000001;00156;0022;PP                                                     ;00000041;06507;0021;VOX                                                    ;00000012;01904;0017;PSOE                                                   ;00000006;00952;0025;PODEMOS                                                ;00000002;00317;0047;FE de las JONS                                         ;00000001;00158;0051;VOLT                                                   ;00000001;00158;0001;IZQESP                                                 ;00000000;00000;0002;CEUS                                                   ;00000000;00000;0009;FO                                                     ;00000000;00000;0010;AHORA REPÚBLICAS (ERC-EH BILDU-BNG-ARA MÉS)            ;00000000;00000;0060;JUNTS UE                                               ;00000000;00000;0019;ANDALUCISTAS                                           ;00000000;00000;0020;IE                                                     ;00000000;00000;0023;ESCAÑOS EN BLANCO                                      ;00000000;00000;0024;CRT                                                    ;00000000;00000;0026;PFAC                                                   ;00000000;00000;0027;PCTE                                                   ;00000000;00000;0029;PCPE/PCPC                                              ;00000000;00000;0032;SUMAR                                                  ;00000000;00000;0039;PACMA                                                  ;00000000;00000;0040;CREE EN EUROPA                                         ;00000000;00000;0041;PMR                                                    ;00000000;00000;0042;AGRUPACIÓN DE ELECTORES "SE ACABÓ LA FIESTA"           ;00000000;00000;0043;F                                                      ;00000000;00000;0072;EXISTE                                                 ;00000000;00000;0046;Cs                                                     ;00000000;00000;0048;SAE                                                    ;00000000;00000;0049;J.U.E.X.                                               ;00000000;00000;0050;PH                                                     ;00000000;00000;0052;RECORTES CERO                                          ;00000000;00000;0063;EXTREMEÑOS                                             ;00000000;00000;0064;GLG                                                    ;00000000;00000;0065;PIRATAS / REBELDES                                     ;00000000;00000;0070;PREPAL                                                 ;00000000;00000;0000;                                                       ;00000000;00000;0000;                                                       ;00000000;00000;0000;                                                       ;00000000;00000;0000;                                                       ;00000000;00000;0000;                                                       ;00000000;00000;0000;                                                       ;00000000;00000;0000;                                                       ;00000000;00000;0000;                                                       ;00000000;00000;0000;                                                       ;00000000;00000;0000;                                                       ;00000000;00000;0000;                                                       ;00000000;00000;0000;                                                       ;00000000;00000;0000;                                                       ;00000000;00000;0000;                                                       ;00000000;00000;0000;                                                       ;00000000;00000;0000;                                                       ;00000000;00000;0000;                                                       ;00000000;00000;0000;                                                       ;00000000;00000;0000;                                                       ;00000000;00000;0000;                                                       ;00000000;00000;0000;                                                       ;00000000;00000;0000;                                                       ;00000000;00000;0000;                                                       ;00000000;00000;0000;                                                       ;00000000;00000;0000;                                                       ;00000000;00000;0000;                                                       ;00000000;00000;0000;                                                       ;00000000;00000;0000;                                                       ;00000000;00000;0000;                                                       ;00000000;00000;0000;                                                       ;00000000;00000;0000;                                                       ;00000000;00000;0000;                                                       ;00000000;00000;0000;                                                       ;00000000;00000;0000;                                                       ;00000000;00000;0000;                                                       ;00000000;00000;0000;                                                       ;00000000;00000;0000;                                                       ;00000000;00000;0000;                                                       ;00000000;00000;0000;                                                       ;00000000;00000;0000;                                                       ;00000000;00000;0000;                                                       ;00000000;00000;0000;                                                       ;00000000;00000;0000;                                                       ;00000000;00000;0000;                                                       ;00000000;00000;0000;                                                       ;00000000;00000;0000;                                                       ;00000000;00000;
2406100033;08;09;9;167;99;Hornillos del Camino                              ;99;99;00001;00000043;00000043;10000;00000032;07441;00000011;02558;00000000;00000;00000000;00000;0022;PP                                                     ;00000020;06250;0017;PSOE                                                   ;00000006;01875;0021;VOX                                                    ;00000005;01562;0010;AHORA REPÚBLICAS (ERC-EH BILDU-BNG-ARA MÉS)            ;00000001;00312;0001;IZQESP                                                 ;00000000;00000;0002;CEUS                                                   ;00000000;00000;0009;FO                                                     ;00000000;00000;0060;JUNTS UE                                               ;00000000;00000;0019;ANDALUCISTAS                                           ;00000000;00000;0020;IE                                                     ;00000000;00000;0023;ESCAÑOS EN BLANCO                                      ;00000000;00000;0024;CRT                                                    ;00000000;00000;0025;PODEMOS                                                ;00000000;00000;0026;PFAC                                                   ;00000000;00000;0027;PCTE                                                   ;00000000;00000;0029;PCPE/PCPC                                              ;00000000;00000;0032;SUMAR                                                  ;00000000;00000;0039;PACMA                                                  ;00000000;00000;0040;CREE EN EUROPA                                         ;00000000;00000;0041;PMR                                                    ;00000000;00000;0042;AGRUPACIÓN DE ELECTORES "SE ACABÓ LA FIESTA"           ;00000000;00000;0043;F                                                      ;00000000;00000;0072;EXISTE                                                 ;00000000;00000;0046;Cs                                                     ;00000000;00000;0047;FE de las JONS                                         ;00000000;00000;0048;SAE                                                    ;00000000;00000;0049;J.U.E.X.                                               ;00000000;00000;0050;PH                                                     ;00000000;00000;0051;VOLT                                                   ;00000000;00000;0052;RECORTES CERO                                          ;00000000;00000;0063;EXTREMEÑOS                                             ;00000000;00000;0064;GLG                                                    ;00000000;00000;0065;PIRATAS / REBELDES                                     ;00000000;00000;0070;PREPAL                                                 ;00000000;00000;0000;                                                       ;00000000;00000;0000;                                                       ;00000000;00000;0000;                                                       ;00000000;00000;0000;                                                       ;00000000;00000;0000;                                                       ;00000000;00000;0000;                                                       ;00000000;00000;0000;                                                       ;00000000;00000;0000;                                                       ;00000000;00000;0000;                                                       ;00000000;00000;0000;                                                       ;00000000;00000;0000;                                                       ;00000000;00000;0000;                                                       ;00000000;00000;0000;                                                       ;00000000;00000;0000;                                                       ;00000000;00000;0000;                                                       ;00000000;00000;0000;                                                       ;00000000;00000;0000;                                                       ;00000000;00000;0000;                                                       ;00000000;00000;0000;                                                       ;00000000;00000;0000;                                                       ;00000000;00000;0000;                                                       ;00000000;00000;0000;                                                       ;00000000;00000;0000;                                                       ;00000000;00000;0000;                                                       ;00000000;00000;0000;                                                       ;00000000;00000;0000;                                                       ;00000000;00000;0000;                                                       ;00000000;00000;0000;                                                       ;00000000;00000;0000;                                                       ;00000000;00000;0000;                                                       ;00000000;00000;0000;                                                       ;00000000;00000;0000;                                                       ;00000000;00000;0000;                                                       ;00000000;00000;0000;                                                       ;00000000;00000;0000;                                                       ;00000000;00000;0000;                                                       ;00000000;00000;0000;                                                       ;00000000;00000;0000;                                                       ;00000000;00000;0000;                                                       ;00000000;00000;0000;                                                       ;00000000;00000;0000;                                                       ;00000000;00000;0000;                                                       ;00000000;00000;0000;                                                       ;00000000;00000;0000;                                                       ;00000000;00000;0000;                                                       ;00000000;00000;0000;                                                       ;00000000;00000;
2406100033;08;09;9;168;99;La Horra                                          ;99;99;00001;00000229;00000229;10000;00000159;06943;00000070;03056;00000003;00194;00000005;00314;0017;PSOE                                                   ;00000075;04870;0022;PP                                                     ;00000055;03571;0021;VOX                                                    ;00000010;00649;0042;AGRUPACIÓN DE ELECTORES "SE ACABÓ LA FIESTA"           ;00000004;00259;0046;Cs                                                     ;00000002;00129;0025;PODEMOS                                                ;00000001;00064;0029;PCPE/PCPC                                              ;00000001;00064;0032;SUMAR                                                  ;00000001;00064;0072;EXISTE                                                 ;00000001;00064;0065;PIRATAS / REBELDES                                     ;00000001;00064;0001;IZQESP                                                 ;00000000;00000;0002;CEUS                                                   ;00000000;00000;0009;FO                                                     ;00000000;00000;0010;AHORA REPÚBLICAS (ERC-EH BILDU-BNG-ARA MÉS)            ;00000000;00000;0060;JUNTS UE                                               ;00000000;00000;0019;ANDALUCISTAS                                           ;00000000;00000;0020;IE                                                     ;00000000;00000;0023;ESCAÑOS EN BLANCO                                      ;00000000;00000;0024;CRT                                                    ;00000000;00000;0026;PFAC                                                   ;00000000;00000;0027;PCTE                                                   ;00000000;00000;0039;PACMA                                                  ;00000000;00000;0040;CREE EN EUROPA                                         ;00000000;00000;0041;PMR                                                    ;00000000;00000;0043;F                                                      ;00000000;00000;0047;FE de las JONS                                         ;00000000;00000;0048;SAE                                                    ;00000000;00000;0049;J.U.E.X.                                               ;00000000;00000;0050;PH                                                     ;00000000;00000;0051;VOLT                                                   ;00000000;00000;0052;RECORTES CERO                                          ;00000000;00000;0063;EXTREMEÑOS                                             ;00000000;00000;0064;GLG                                                    ;00000000;00000;0070;PREPAL                                                 ;00000000;00000;0000;                                                       ;00000000;00000;0000;                                                       ;00000000;00000;0000;                                                       ;00000000;00000;0000;                                                       ;00000000;00000;0000;                                                       ;00000000;00000;0000;                                                       ;00000000;00000;0000;                                                       ;00000000;00000;0000;                                                       ;00000000;00000;0000;                                                       ;00000000;00000;0000;                                                       ;00000000;00000;0000;                                                       ;00000000;00000;0000;                                                       ;00000000;00000;0000;                                                       ;00000000;00000;0000;                                                       ;00000000;00000;0000;                                                       ;00000000;00000;0000;                                                       ;00000000;00000;0000;                                                       ;00000000;00000;0000;                                                       ;00000000;00000;0000;                                                       ;00000000;00000;0000;                                                       ;00000000;00000;0000;                                                       ;00000000;00000;0000;                                                       ;00000000;00000;0000;                                                       ;00000000;00000;0000;                                                       ;00000000;00000;0000;                                                       ;00000000;00000;0000;                                                       ;00000000;00000;0000;                                                       ;00000000;00000;0000;                                                       ;00000000;00000;0000;                                                       ;00000000;00000;0000;                                                       ;00000000;00000;0000;                                                       ;00000000;00000;0000;                                                       ;00000000;00000;0000;                                                       ;00000000;00000;0000;                                                       ;00000000;00000;0000;                                                       ;00000000;00000;0000;                                                       ;00000000;00000;0000;                                                       ;00000000;00000;0000;                                                       ;00000000;00000;0000;                                                       ;00000000;00000;0000;                                                       ;00000000;00000;0000;                                                       ;00000000;00000;0000;                                                       ;00000000;00000;0000;                                                       ;00000000;00000;0000;                                                       ;00000000;00000;0000;                                                       ;00000000;00000;0000;                                                       ;00000000;00000;
2406100033;08;09;9;169;99;Hortigüela                                        ;99;99;00001;00000101;00000101;10000;00000072;07128;00000029;02871;00000000;00000;00000000;00000;0022;PP                                                     ;00000033;04583;0017;PSOE                                                   ;00000025;03472;0042;AGRUPACIÓN DE ELECTORES "SE ACABÓ LA FIESTA"           ;00000009;01250;0021;VOX                                                    ;00000002;00277;0009;FO                                                     ;00000001;00138;0032;SUMAR                                                  ;00000001;00138;0065;PIRATAS / REBELDES                                     ;00000001;00138;0001;IZQESP                                                 ;00000000;00000;0002;CEUS                                                   ;00000000;00000;0010;AHORA REPÚBLICAS (ERC-EH BILDU-BNG-ARA MÉS)            ;00000000;00000;0060;JUNTS UE                                               ;00000000;00000;0019;ANDALUCISTAS                                           ;00000000;00000;0020;IE                                                     ;00000000;00000;0023;ESCAÑOS EN BLANCO                                      ;00000000;00000;0024;CRT                                                    ;00000000;00000;0025;PODEMOS                                                ;00000000;00000;0026;PFAC                                                   ;00000000;00000;0027;PCTE                                                   ;00000000;00000;0029;PCPE/PCPC                                              ;00000000;00000;0039;PACMA                                                  ;00000000;00000;0040;CREE EN EUROPA                                         ;00000000;00000;0041;PMR                                                    ;00000000;00000;0043;F                                                      ;00000000;00000;0072;EXISTE                                                 ;00000000;00000;0046;Cs                                                     ;00000000;00000;0047;FE de las JONS                                         ;00000000;00000;0048;SAE                                                    ;00000000;00000;0049;J.U.E.X.                                               ;00000000;00000;0050;PH                                                     ;00000000;00000;0051;VOLT                                                   ;00000000;00000;0052;RECORTES CERO                                          ;00000000;00000;0063;EXTREMEÑOS                                             ;00000000;00000;0064;GLG                                                    ;00000000;00000;0070;PREPAL                                                 ;00000000;00000;0000;                                                       ;00000000;00000;0000;                                                       ;00000000;00000;0000;                                                       ;00000000;00000;0000;                                                       ;00000000;00000;0000;                                                       ;00000000;00000;0000;                                                       ;00000000;00000;0000;                                                       ;00000000;00000;0000;                                                       ;00000000;00000;0000;                                                       ;00000000;00000;0000;                                                       ;00000000;00000;0000;                                                       ;00000000;00000;0000;                                                       ;00000000;00000;0000;                                                       ;00000000;00000;0000;                                                       ;00000000;00000;0000;                                                       ;00000000;00000;0000;                                                       ;00000000;00000;0000;                                                       ;00000000;00000;0000;                                                       ;00000000;00000;0000;                                                       ;00000000;00000;0000;                                                       ;00000000;00000;0000;                                                       ;00000000;00000;0000;                                                       ;00000000;00000;0000;                                                       ;00000000;00000;0000;                                                       ;00000000;00000;0000;                                                       ;00000000;00000;0000;                                                       ;00000000;00000;0000;                                                       ;00000000;00000;0000;                                                       ;00000000;00000;0000;                                                       ;00000000;00000;0000;                                                       ;00000000;00000;0000;                                                       ;00000000;00000;0000;                                                       ;00000000;00000;0000;                                                       ;00000000;00000;0000;                                                       ;00000000;00000;0000;                                                       ;00000000;00000;0000;                                                       ;00000000;00000;0000;                                                       ;00000000;00000;0000;                                                       ;00000000;00000;0000;                                                       ;00000000;00000;0000;                                                       ;00000000;00000;0000;                                                       ;00000000;00000;0000;                                                       ;00000000;00000;0000;                                                       ;00000000;00000;0000;                                                       ;00000000;00000;0000;                                                       ;00000000;00000;0000;                                                       ;00000000;00000;
2406100033;08;09;9;170;99;Hoyales de Roa                                    ;99;99;00001;00000193;00000193;10000;00000124;06424;00000069;03575;00000000;00000;00000001;00080;0022;PP                                                     ;00000061;04959;0017;PSOE                                                   ;00000030;02439;0021;VOX                                                    ;00000020;01626;0042;AGRUPACIÓN DE ELECTORES "SE ACABÓ LA FIESTA"           ;00000006;00487;0032;SUMAR                                                  ;00000002;00162;0001;IZQESP                                                 ;00000001;00081;0009;FO                                                     ;00000001;00081;0025;PODEMOS                                                ;00000001;00081;0065;PIRATAS / REBELDES                                     ;00000001;00081;0002;CEUS                                                   ;00000000;00000;0010;AHORA REPÚBLICAS (ERC-EH BILDU-BNG-ARA MÉS)            ;00000000;00000;0060;JUNTS UE                                               ;00000000;00000;0019;ANDALUCISTAS                                           ;00000000;00000;0020;IE                                                     ;00000000;00000;0023;ESCAÑOS EN BLANCO                                      ;00000000;00000;0024;CRT                                                    ;00000000;00000;0026;PFAC                                                   ;00000000;00000;0027;PCTE                                                   ;00000000;00000;0029;PCPE/PCPC                                              ;00000000;00000;0039;PACMA                                                  ;00000000;00000;0040;CREE EN EUROPA                                         ;00000000;00000;0041;PMR                                                    ;00000000;00000;0043;F                                                      ;00000000;00000;0072;EXISTE                                                 ;00000000;00000;0046;Cs                                                     ;00000000;00000;0047;FE de las JONS                                         ;00000000;00000;0048;SAE                                                    ;00000000;00000;0049;J.U.E.X.                                               ;00000000;00000;0050;PH                                                     ;00000000;00000;0051;VOLT                                                   ;00000000;00000;0052;RECORTES CERO                                          ;00000000;00000;0063;EXTREMEÑOS                                             ;00000000;00000;0064;GLG                                                    ;00000000;00000;0070;PREPAL                                                 ;00000000;00000;0000;                                                       ;00000000;00000;0000;                                                       ;00000000;00000;0000;                                                       ;00000000;00000;0000;                                                       ;00000000;00000;0000;                                                       ;00000000;00000;0000;                                                       ;00000000;00000;0000;                                                       ;00000000;00000;0000;                                                       ;00000000;00000;0000;                                                       ;00000000;00000;0000;                                                       ;00000000;00000;0000;                                                       ;00000000;00000;0000;                                                       ;00000000;00000;0000;                                                       ;00000000;00000;0000;                                                       ;00000000;00000;0000;                                                       ;00000000;00000;0000;                                                       ;00000000;00000;0000;                                                       ;00000000;00000;0000;                                                       ;00000000;00000;0000;                                                       ;00000000;00000;0000;                                                       ;00000000;00000;0000;                                                       ;00000000;00000;0000;                                                       ;00000000;00000;0000;                                                       ;00000000;00000;0000;                                                       ;00000000;00000;0000;                                                       ;00000000;00000;0000;                                                       ;00000000;00000;0000;                                                       ;00000000;00000;0000;                                                       ;00000000;00000;0000;                                                       ;00000000;00000;0000;                                                       ;00000000;00000;0000;                                                       ;00000000;00000;0000;                                                       ;00000000;00000;0000;                                                       ;00000000;00000;0000;                                                       ;00000000;00000;0000;                                                       ;00000000;00000;0000;                                                       ;00000000;00000;0000;                                                       ;00000000;00000;0000;                                                       ;00000000;00000;0000;                                                       ;00000000;00000;0000;                                                       ;00000000;00000;0000;                                                       ;00000000;00000;0000;                                                       ;00000000;00000;0000;                                                       ;00000000;00000;0000;                                                       ;00000000;00000;0000;                                                       ;00000000;00000;0000;                                                       ;00000000;00000;
2406100033;08;09;9;172;99;Huérmeces                                         ;99;99;00001;00000137;00000137;10000;00000078;05693;00000059;04306;00000000;00000;00000000;00000;0022;PP                                                     ;00000044;05641;0017;PSOE                                                   ;00000014;01794;0021;VOX                                                    ;00000007;00897;0025;PODEMOS                                                ;00000004;00512;0042;AGRUPACIÓN DE ELECTORES "SE ACABÓ LA FIESTA"           ;00000003;00384;0048;SAE                                                    ;00000002;00256;0001;IZQESP                                                 ;00000001;00128;0010;AHORA REPÚBLICAS (ERC-EH BILDU-BNG-ARA MÉS)            ;00000001;00128;0032;SUMAR                                                  ;00000001;00128;0039;PACMA                                                  ;00000001;00128;0002;CEUS                                                   ;00000000;00000;0009;FO                                                     ;00000000;00000;0060;JUNTS UE                                               ;00000000;00000;0019;ANDALUCISTAS                                           ;00000000;00000;0020;IE                                                     ;00000000;00000;0023;ESCAÑOS EN BLANCO                                      ;00000000;00000;0024;CRT                                                    ;00000000;00000;0026;PFAC                                                   ;00000000;00000;0027;PCTE                                                   ;00000000;00000;0029;PCPE/PCPC                                              ;00000000;00000;0040;CREE EN EUROPA                                         ;00000000;00000;0041;PMR                                                    ;00000000;00000;0043;F                                                      ;00000000;00000;0072;EXISTE                                                 ;00000000;00000;0046;Cs                                                     ;00000000;00000;0047;FE de las JONS                                         ;00000000;00000;0049;J.U.E.X.                                               ;00000000;00000;0050;PH                                                     ;00000000;00000;0051;VOLT                                                   ;00000000;00000;0052;RECORTES CERO                                          ;00000000;00000;0063;EXTREMEÑOS                                             ;00000000;00000;0064;GLG                                                    ;00000000;00000;0065;PIRATAS / REBELDES                                     ;00000000;00000;0070;PREPAL                                                 ;00000000;00000;0000;                                                       ;00000000;00000;0000;                                                       ;00000000;00000;0000;                                                       ;00000000;00000;0000;                                                       ;00000000;00000;0000;                                                       ;00000000;00000;0000;                                                       ;00000000;00000;0000;                                                       ;00000000;00000;0000;                                                       ;00000000;00000;0000;                                                       ;00000000;00000;0000;                                                       ;00000000;00000;0000;                                                       ;00000000;00000;0000;                                                       ;00000000;00000;0000;                                                       ;00000000;00000;0000;                                                       ;00000000;00000;0000;                                                       ;00000000;00000;0000;                                                       ;00000000;00000;0000;                                                       ;00000000;00000;0000;                                                       ;00000000;00000;0000;                                                       ;00000000;00000;0000;                                                       ;00000000;00000;0000;                                                       ;00000000;00000;0000;                                                       ;00000000;00000;0000;                                                       ;00000000;00000;0000;                                                       ;00000000;00000;0000;                                                       ;00000000;00000;0000;                                                       ;00000000;00000;0000;                                                       ;00000000;00000;0000;                                                       ;00000000;00000;0000;                                                       ;00000000;00000;0000;                                                       ;00000000;00000;0000;                                                       ;00000000;00000;0000;                                                       ;00000000;00000;0000;                                                       ;00000000;00000;0000;                                                       ;00000000;00000;0000;                                                       ;00000000;00000;0000;                                                       ;00000000;00000;0000;                                                       ;00000000;00000;0000;                                                       ;00000000;00000;0000;                                                       ;00000000;00000;0000;                                                       ;00000000;00000;0000;                                                       ;00000000;00000;0000;                                                       ;00000000;00000;0000;                                                       ;00000000;00000;0000;                                                       ;00000000;00000;0000;                                                       ;00000000;00000;0000;                                                       ;00000000;00000;
2406100033;08;09;9;173;99;Huerta de Arriba                                  ;99;99;00001;00000125;00000125;10000;00000090;07200;00000035;02800;00000000;00000;00000000;00000;0022;PP                                                     ;00000056;06222;0017;PSOE                                                   ;00000016;01777;0021;VOX                                                    ;00000009;01000;0025;PODEMOS                                                ;00000002;00222;0042;AGRUPACIÓN DE ELECTORES "SE ACABÓ LA FIESTA"           ;00000002;00222;0043;F                                                      ;00000002;00222;0046;Cs                                                     ;00000002;00222;0051;VOLT                                                   ;00000001;00111;0001;IZQESP                                                 ;00000000;00000;0002;CEUS                                                   ;00000000;00000;0009;FO                                                     ;00000000;00000;0010;AHORA REPÚBLICAS (ERC-EH BILDU-BNG-ARA MÉS)            ;00000000;00000;0060;JUNTS UE                                               ;00000000;00000;0019;ANDALUCISTAS                                           ;00000000;00000;0020;IE                                                     ;00000000;00000;0023;ESCAÑOS EN BLANCO                                      ;00000000;00000;0024;CRT                                                    ;00000000;00000;0026;PFAC                                                   ;00000000;00000;0027;PCTE                                                   ;00000000;00000;0029;PCPE/PCPC                                              ;00000000;00000;0032;SUMAR                                                  ;00000000;00000;0039;PACMA                                                  ;00000000;00000;0040;CREE EN EUROPA                                         ;00000000;00000;0041;PMR                                                    ;00000000;00000;0072;EXISTE                                                 ;00000000;00000;0047;FE de las JONS                                         ;00000000;00000;0048;SAE                                                    ;00000000;00000;0049;J.U.E.X.                                               ;00000000;00000;0050;PH                                                     ;00000000;00000;0052;RECORTES CERO                                          ;00000000;00000;0063;EXTREMEÑOS                                             ;00000000;00000;0064;GLG                                                    ;00000000;00000;0065;PIRATAS / REBELDES                                     ;00000000;00000;0070;PREPAL                                                 ;00000000;00000;0000;                                                       ;00000000;00000;0000;                                                       ;00000000;00000;0000;                                                       ;00000000;00000;0000;                                                       ;00000000;00000;0000;                                                       ;00000000;00000;0000;                                                       ;00000000;00000;0000;                                                       ;00000000;00000;0000;                                                       ;00000000;00000;0000;                                                       ;00000000;00000;0000;                                                       ;00000000;00000;0000;                                                       ;00000000;00000;0000;                                                       ;00000000;00000;0000;                                                       ;00000000;00000;0000;                                                       ;00000000;00000;0000;                                                       ;00000000;00000;0000;                                                       ;00000000;00000;0000;                                                       ;00000000;00000;0000;                                                       ;00000000;00000;0000;                                                       ;00000000;00000;0000;                                                       ;00000000;00000;0000;                                                       ;00000000;00000;0000;                                                       ;00000000;00000;0000;                                                       ;00000000;00000;0000;                                                       ;00000000;00000;0000;                                                       ;00000000;00000;0000;                                                       ;00000000;00000;0000;                                                       ;00000000;00000;0000;                                                       ;00000000;00000;0000;                                                       ;00000000;00000;0000;                                                       ;00000000;00000;0000;                                                       ;00000000;00000;0000;                                                       ;00000000;00000;0000;                                                       ;00000000;00000;0000;                                                       ;00000000;00000;0000;                                                       ;00000000;00000;0000;                                                       ;00000000;00000;0000;                                                       ;00000000;00000;0000;                                                       ;00000000;00000;0000;                                                       ;00000000;00000;0000;                                                       ;00000000;00000;0000;                                                       ;00000000;00000;0000;                                                       ;00000000;00000;0000;                                                       ;00000000;00000;0000;                                                       ;00000000;00000;0000;                                                       ;00000000;00000;0000;                                                       ;00000000;00000;
2406100033;08;09;9;174;99;Huerta de Rey                                     ;99;99;00001;00000722;00000722;10000;00000441;06108;00000281;03891;00000005;00116;00000010;00226;0022;PP                                                     ;00000194;04501;0017;PSOE                                                   ;00000132;03062;0021;VOX                                                    ;00000040;00928;0042;AGRUPACIÓN DE ELECTORES "SE ACABÓ LA FIESTA"           ;00000017;00394;0001;IZQESP                                                 ;00000009;00208;0025;PODEMOS                                                ;00000009;00208;0032;SUMAR                                                  ;00000008;00185;0072;EXISTE                                                 ;00000004;00092;0009;FO                                                     ;00000003;00069;0026;PFAC                                                   ;00000002;00046;0046;Cs                                                     ;00000002;00046;0010;AHORA REPÚBLICAS (ERC-EH BILDU-BNG-ARA MÉS)            ;00000001;00023;0039;PACMA                                                  ;00000001;00023;0051;VOLT                                                   ;00000001;00023;0052;RECORTES CERO                                          ;00000001;00023;0065;PIRATAS / REBELDES                                     ;00000001;00023;0070;PREPAL                                                 ;00000001;00023;0002;CEUS                                                   ;00000000;00000;0060;JUNTS UE                                               ;00000000;00000;0019;ANDALUCISTAS                                           ;00000000;00000;0020;IE                                                     ;00000000;00000;0023;ESCAÑOS EN BLANCO                                      ;00000000;00000;0024;CRT                                                    ;00000000;00000;0027;PCTE                                                   ;00000000;00000;0029;PCPE/PCPC                                              ;00000000;00000;0040;CREE EN EUROPA                                         ;00000000;00000;0041;PMR                                                    ;00000000;00000;0043;F                                                      ;00000000;00000;0047;FE de las JONS                                         ;00000000;00000;0048;SAE                                                    ;00000000;00000;0049;J.U.E.X.                                               ;00000000;00000;0050;PH                                                     ;00000000;00000;0063;EXTREMEÑOS                                             ;00000000;00000;0064;GLG                                                    ;00000000;00000;0000;                                                       ;00000000;00000;0000;                                                       ;00000000;00000;0000;                                                       ;00000000;00000;0000;                                                       ;00000000;00000;0000;                                                       ;00000000;00000;0000;                                                       ;00000000;00000;0000;                                                       ;00000000;00000;0000;                                                       ;00000000;00000;0000;                                                       ;00000000;00000;0000;                                                       ;00000000;00000;0000;                                                       ;00000000;00000;0000;                                                       ;00000000;00000;0000;                                                       ;00000000;00000;0000;                                                       ;00000000;00000;0000;                                                       ;00000000;00000;0000;                                                       ;00000000;00000;0000;                                                       ;00000000;00000;0000;                                                       ;00000000;00000;0000;                                                       ;00000000;00000;0000;                                                       ;00000000;00000;0000;                                                       ;00000000;00000;0000;                                                       ;00000000;00000;0000;                                                       ;00000000;00000;0000;                                                       ;00000000;00000;0000;                                                       ;00000000;00000;0000;                                                       ;00000000;00000;0000;                                                       ;00000000;00000;0000;                                                       ;00000000;00000;0000;                                                       ;00000000;00000;0000;                                                       ;00000000;00000;0000;                                                       ;00000000;00000;0000;                                                       ;00000000;00000;0000;                                                       ;00000000;00000;0000;                                                       ;00000000;00000;0000;                                                       ;00000000;00000;0000;                                                       ;00000000;00000;0000;                                                       ;00000000;00000;0000;                                                       ;00000000;00000;0000;                                                       ;00000000;00000;0000;                                                       ;00000000;00000;0000;                                                       ;00000000;00000;0000;                                                       ;00000000;00000;0000;                                                       ;00000000;00000;0000;                                                       ;00000000;00000;0000;                                                       ;00000000;00000;0000;                                                       ;00000000;00000;
2406100033;08;09;9;175;99;Humada                                            ;99;99;00001;00000113;00000113;10000;00000070;06194;00000043;03805;00000004;00588;00000002;00285;0022;PP                                                     ;00000044;06470;0017;PSOE                                                   ;00000011;01617;0021;VOX                                                    ;00000005;00735;0032;SUMAR                                                  ;00000003;00441;0025;PODEMOS                                                ;00000001;00147;0001;IZQESP                                                 ;00000000;00000;0002;CEUS                                                   ;00000000;00000;0009;FO                                                     ;00000000;00000;0010;AHORA REPÚBLICAS (ERC-EH BILDU-BNG-ARA MÉS)            ;00000000;00000;0060;JUNTS UE                                               ;00000000;00000;0019;ANDALUCISTAS                                           ;00000000;00000;0020;IE                                                     ;00000000;00000;0023;ESCAÑOS EN BLANCO                                      ;00000000;00000;0024;CRT                                                    ;00000000;00000;0026;PFAC                                                   ;00000000;00000;0027;PCTE                                                   ;00000000;00000;0029;PCPE/PCPC                                              ;00000000;00000;0039;PACMA                                                  ;00000000;00000;0040;CREE EN EUROPA                                         ;00000000;00000;0041;PMR                                                    ;00000000;00000;0042;AGRUPACIÓN DE ELECTORES "SE ACABÓ LA FIESTA"           ;00000000;00000;0043;F                                                      ;00000000;00000;0072;EXISTE                                                 ;00000000;00000;0046;Cs                                                     ;00000000;00000;0047;FE de las JONS                                         ;00000000;00000;0048;SAE                                                    ;00000000;00000;0049;J.U.E.X.                                               ;00000000;00000;0050;PH                                                     ;00000000;00000;0051;VOLT                                                   ;00000000;00000;0052;RECORTES CERO                                          ;00000000;00000;0063;EXTREMEÑOS                                             ;00000000;00000;0064;GLG                                                    ;00000000;00000;0065;PIRATAS / REBELDES                                     ;00000000;00000;0070;PREPAL                                                 ;00000000;00000;0000;                                                       ;00000000;00000;0000;                                                       ;00000000;00000;0000;                                                       ;00000000;00000;0000;                                                       ;00000000;00000;0000;                                                       ;00000000;00000;0000;                                                       ;00000000;00000;0000;                                                       ;00000000;00000;0000;                                                       ;00000000;00000;0000;                                                       ;00000000;00000;0000;                                                       ;00000000;00000;0000;                                                       ;00000000;00000;0000;                                                       ;00000000;00000;0000;                                                       ;00000000;00000;0000;                                                       ;00000000;00000;0000;                                                       ;00000000;00000;0000;                                                       ;00000000;00000;0000;                                                       ;00000000;00000;0000;                                                       ;00000000;00000;0000;                                                       ;00000000;00000;0000;                                                       ;00000000;00000;0000;                                                       ;00000000;00000;0000;                                                       ;00000000;00000;0000;                                                       ;00000000;00000;0000;                                                       ;00000000;00000;0000;                                                       ;00000000;00000;0000;                                                       ;00000000;00000;0000;                                                       ;00000000;00000;0000;                                                       ;00000000;00000;0000;                                                       ;00000000;00000;0000;                                                       ;00000000;00000;0000;                                                       ;00000000;00000;0000;                                                       ;00000000;00000;0000;                                                       ;00000000;00000;0000;                                                       ;00000000;00000;0000;                                                       ;00000000;00000;0000;                                                       ;00000000;00000;0000;                                                       ;00000000;00000;0000;                                                       ;00000000;00000;0000;                                                       ;00000000;00000;0000;                                                       ;00000000;00000;0000;                                                       ;00000000;00000;0000;                                                       ;00000000;00000;0000;                                                       ;00000000;00000;0000;                                                       ;00000000;00000;0000;                                                       ;00000000;00000;0000;                                                       ;00000000;00000;
2406100033;08;09;9;176;99;Hurones                                           ;99;99;00001;00000049;00000049;10000;00000034;06938;00000015;03061;00000001;00294;00000000;00000;0022;PP                                                     ;00000018;05294;0017;PSOE                                                   ;00000006;01764;0021;VOX                                                    ;00000005;01470;0042;AGRUPACIÓN DE ELECTORES "SE ACABÓ LA FIESTA"           ;00000003;00882;0023;ESCAÑOS EN BLANCO                                      ;00000001;00294;0001;IZQESP                                                 ;00000000;00000;0002;CEUS                                                   ;00000000;00000;0009;FO                                                     ;00000000;00000;0010;AHORA REPÚBLICAS (ERC-EH BILDU-BNG-ARA MÉS)            ;00000000;00000;0060;JUNTS UE                                               ;00000000;00000;0019;ANDALUCISTAS                                           ;00000000;00000;0020;IE                                                     ;00000000;00000;0024;CRT                                                    ;00000000;00000;0025;PODEMOS                                                ;00000000;00000;0026;PFAC                                                   ;00000000;00000;0027;PCTE                                                   ;00000000;00000;0029;PCPE/PCPC                                              ;00000000;00000;0032;SUMAR                                                  ;00000000;00000;0039;PACMA                                                  ;00000000;00000;0040;CREE EN EUROPA                                         ;00000000;00000;0041;PMR                                                    ;00000000;00000;0043;F                                                      ;00000000;00000;0072;EXISTE                                                 ;00000000;00000;0046;Cs                                                     ;00000000;00000;0047;FE de las JONS                                         ;00000000;00000;0048;SAE                                                    ;00000000;00000;0049;J.U.E.X.                                               ;00000000;00000;0050;PH                                                     ;00000000;00000;0051;VOLT                                                   ;00000000;00000;0052;RECORTES CERO                                          ;00000000;00000;0063;EXTREMEÑOS                                             ;00000000;00000;0064;GLG                                                    ;00000000;00000;0065;PIRATAS / REBELDES                                     ;00000000;00000;0070;PREPAL                                                 ;00000000;00000;0000;                                                       ;00000000;00000;0000;                                                       ;00000000;00000;0000;                                                       ;00000000;00000;0000;                                                       ;00000000;00000;0000;                                                       ;00000000;00000;0000;                                                       ;00000000;00000;0000;                                                       ;00000000;00000;0000;                                                       ;00000000;00000;0000;                                                       ;00000000;00000;0000;                                                       ;00000000;00000;0000;                                                       ;00000000;00000;0000;                                                       ;00000000;00000;0000;                                                       ;00000000;00000;0000;                                                       ;00000000;00000;0000;                                                       ;00000000;00000;0000;                                                       ;00000000;00000;0000;                                                       ;00000000;00000;0000;                                                       ;00000000;00000;0000;                                                       ;00000000;00000;0000;                                                       ;00000000;00000;0000;                                                       ;00000000;00000;0000;                                                       ;00000000;00000;0000;                                                       ;00000000;00000;0000;                                                       ;00000000;00000;0000;                                                       ;00000000;00000;0000;                                                       ;00000000;00000;0000;                                                       ;00000000;00000;0000;                                                       ;00000000;00000;0000;                                                       ;00000000;00000;0000;                                                       ;00000000;00000;0000;                                                       ;00000000;00000;0000;                                                       ;00000000;00000;0000;                                                       ;00000000;00000;0000;                                                       ;00000000;00000;0000;                                                       ;00000000;00000;0000;                                                       ;00000000;00000;0000;                                                       ;00000000;00000;0000;                                                       ;00000000;00000;0000;                                                       ;00000000;00000;0000;                                                       ;00000000;00000;0000;                                                       ;00000000;00000;0000;                                                       ;00000000;00000;0000;                                                       ;00000000;00000;0000;                                                       ;00000000;00000;0000;                                                       ;00000000;00000;0000;                                                       ;00000000;00000;
2406100033;08;09;9;177;99;Ibeas de Juarros                                  ;99;99;00002;00001153;00001153;10000;00000594;05151;00000559;04848;00000003;00051;00000006;00101;0022;PP                                                     ;00000257;04370;0017;PSOE                                                   ;00000156;02653;0021;VOX                                                    ;00000088;01496;0042;AGRUPACIÓN DE ELECTORES "SE ACABÓ LA FIESTA"           ;00000026;00442;0025;PODEMOS                                                ;00000018;00306;0032;SUMAR                                                  ;00000015;00255;0046;Cs                                                     ;00000007;00119;0039;PACMA                                                  ;00000005;00085;0047;FE de las JONS                                         ;00000003;00051;0009;FO                                                     ;00000002;00034;0010;AHORA REPÚBLICAS (ERC-EH BILDU-BNG-ARA MÉS)            ;00000002;00034;0050;PH                                                     ;00000002;00034;0051;VOLT                                                   ;00000002;00034;0064;GLG                                                    ;00000001;00017;0065;PIRATAS / REBELDES                                     ;00000001;00017;0001;IZQESP                                                 ;00000000;00000;0002;CEUS                                                   ;00000000;00000;0060;JUNTS UE                                               ;00000000;00000;0019;ANDALUCISTAS                                           ;00000000;00000;0020;IE                                                     ;00000000;00000;0023;ESCAÑOS EN BLANCO                                      ;00000000;00000;0024;CRT                                                    ;00000000;00000;0026;PFAC                                                   ;00000000;00000;0027;PCTE                                                   ;00000000;00000;0029;PCPE/PCPC                                              ;00000000;00000;0040;CREE EN EUROPA                                         ;00000000;00000;0041;PMR                                                    ;00000000;00000;0043;F                                                      ;00000000;00000;0072;EXISTE                                                 ;00000000;00000;0048;SAE                                                    ;00000000;00000;0049;J.U.E.X.                                               ;00000000;00000;0052;RECORTES CERO                                          ;00000000;00000;0063;EXTREMEÑOS                                             ;00000000;00000;0070;PREPAL                                                 ;00000000;00000;0000;                                                       ;00000000;00000;0000;                                                       ;00000000;00000;0000;                                                       ;00000000;00000;0000;                                                       ;00000000;00000;0000;                                                       ;00000000;00000;0000;                                                       ;00000000;00000;0000;                                                       ;00000000;00000;0000;                                                       ;00000000;00000;0000;                                                       ;00000000;00000;0000;                                                       ;00000000;00000;0000;                                                       ;00000000;00000;0000;                                                       ;00000000;00000;0000;                                                       ;00000000;00000;0000;                                                       ;00000000;00000;0000;                                                       ;00000000;00000;0000;                                                       ;00000000;00000;0000;                                                       ;00000000;00000;0000;                                                       ;00000000;00000;0000;                                                       ;00000000;00000;0000;                                                       ;00000000;00000;0000;                                                       ;00000000;00000;0000;                                                       ;00000000;00000;0000;                                                       ;00000000;00000;0000;                                                       ;00000000;00000;0000;                                                       ;00000000;00000;0000;                                                       ;00000000;00000;0000;                                                       ;00000000;00000;0000;                                                       ;00000000;00000;0000;                                                       ;00000000;00000;0000;                                                       ;00000000;00000;0000;                                                       ;00000000;00000;0000;                                                       ;00000000;00000;0000;                                                       ;00000000;00000;0000;                                                       ;00000000;00000;0000;                                                       ;00000000;00000;0000;                                                       ;00000000;00000;0000;                                                       ;00000000;00000;0000;                                                       ;00000000;00000;0000;                                                       ;00000000;00000;0000;                                                       ;00000000;00000;0000;                                                       ;00000000;00000;0000;                                                       ;00000000;00000;0000;                                                       ;00000000;00000;0000;                                                       ;00000000;00000;0000;                                                       ;00000000;00000;0000;                                                       ;00000000;00000;
2406100033;08;09;9;178;99;Ibrillos                                          ;99;99;00001;00000029;00000029;10000;00000023;07931;00000006;02068;00000000;00000;00000000;00000;0022;PP                                                     ;00000012;05217;0017;PSOE                                                   ;00000007;03043;0021;VOX                                                    ;00000002;00869;0025;PODEMOS                                                ;00000002;00869;0001;IZQESP                                                 ;00000000;00000;0002;CEUS                                                   ;00000000;00000;0009;FO                                                     ;00000000;00000;0010;AHORA REPÚBLICAS (ERC-EH BILDU-BNG-ARA MÉS)            ;00000000;00000;0060;JUNTS UE                                               ;00000000;00000;0019;ANDALUCISTAS                                           ;00000000;00000;0020;IE                                                     ;00000000;00000;0023;ESCAÑOS EN BLANCO                                      ;00000000;00000;0024;CRT                                                    ;00000000;00000;0026;PFAC                                                   ;00000000;00000;0027;PCTE                                                   ;00000000;00000;0029;PCPE/PCPC                                              ;00000000;00000;0032;SUMAR                                                  ;00000000;00000;0039;PACMA                                                  ;00000000;00000;0040;CREE EN EUROPA                                         ;00000000;00000;0041;PMR                                                    ;00000000;00000;0042;AGRUPACIÓN DE ELECTORES "SE ACABÓ LA FIESTA"           ;00000000;00000;0043;F                                                      ;00000000;00000;0072;EXISTE                                                 ;00000000;00000;0046;Cs                                                     ;00000000;00000;0047;FE de las JONS                                         ;00000000;00000;0048;SAE                                                    ;00000000;00000;0049;J.U.E.X.                                               ;00000000;00000;0050;PH                                                     ;00000000;00000;0051;VOLT                                                   ;00000000;00000;0052;RECORTES CERO                                          ;00000000;00000;0063;EXTREMEÑOS                                             ;00000000;00000;0064;GLG                                                    ;00000000;00000;0065;PIRATAS / REBELDES                                     ;00000000;00000;0070;PREPAL                                                 ;00000000;00000;0000;                                                       ;00000000;00000;0000;                                                       ;00000000;00000;0000;                                                       ;00000000;00000;0000;                                                       ;00000000;00000;0000;                                                       ;00000000;00000;0000;                                                       ;00000000;00000;0000;                                                       ;00000000;00000;0000;                                                       ;00000000;00000;0000;                                                       ;00000000;00000;0000;                                                       ;00000000;00000;0000;                                                       ;00000000;00000;0000;                                                       ;00000000;00000;0000;                                                       ;00000000;00000;0000;                                                       ;00000000;00000;0000;                                                       ;00000000;00000;0000;                                                       ;00000000;00000;0000;                                                       ;00000000;00000;0000;                                                       ;00000000;00000;0000;                                                       ;00000000;00000;0000;                                                       ;00000000;00000;0000;                                                       ;00000000;00000;0000;                                                       ;00000000;00000;0000;                                                       ;00000000;00000;0000;                                                       ;00000000;00000;0000;                                                       ;00000000;00000;0000;                                                       ;00000000;00000;0000;                                                       ;00000000;00000;0000;                                                       ;00000000;00000;0000;                                                       ;00000000;00000;0000;                                                       ;00000000;00000;0000;                                                       ;00000000;00000;0000;                                                       ;00000000;00000;0000;                                                       ;00000000;00000;0000;                                                       ;00000000;00000;0000;                                                       ;00000000;00000;0000;                                                       ;00000000;00000;0000;                                                       ;00000000;00000;0000;                                                       ;00000000;00000;0000;                                                       ;00000000;00000;0000;                                                       ;00000000;00000;0000;                                                       ;00000000;00000;0000;                                                       ;00000000;00000;0000;                                                       ;00000000;00000;0000;                                                       ;00000000;00000;0000;                                                       ;00000000;00000;0000;                                                       ;00000000;00000;
2406100033;08;09;9;179;99;Iglesiarrubia                                     ;99;99;00001;00000044;00000044;10000;00000037;08409;00000007;01590;00000000;00000;00000001;00270;0022;PP                                                     ;00000017;04722;0017;PSOE                                                   ;00000012;03333;0042;AGRUPACIÓN DE ELECTORES "SE ACABÓ LA FIESTA"           ;00000003;00833;0021;VOX                                                    ;00000002;00555;0025;PODEMOS                                                ;00000001;00277;0049;J.U.E.X.                                               ;00000001;00277;0001;IZQESP                                                 ;00000000;00000;0002;CEUS                                                   ;00000000;00000;0009;FO                                                     ;00000000;00000;0010;AHORA REPÚBLICAS (ERC-EH BILDU-BNG-ARA MÉS)            ;00000000;00000;0060;JUNTS UE                                               ;00000000;00000;0019;ANDALUCISTAS                                           ;00000000;00000;0020;IE                                                     ;00000000;00000;0023;ESCAÑOS EN BLANCO                                      ;00000000;00000;0024;CRT                                                    ;00000000;00000;0026;PFAC                                                   ;00000000;00000;0027;PCTE                                                   ;00000000;00000;0029;PCPE/PCPC                                              ;00000000;00000;0032;SUMAR                                                  ;00000000;00000;0039;PACMA                                                  ;00000000;00000;0040;CREE EN EUROPA                                         ;00000000;00000;0041;PMR                                                    ;00000000;00000;0043;F                                                      ;00000000;00000;0072;EXISTE                                                 ;00000000;00000;0046;Cs                                                     ;00000000;00000;0047;FE de las JONS                                         ;00000000;00000;0048;SAE                                                    ;00000000;00000;0050;PH                                                     ;00000000;00000;0051;VOLT                                                   ;00000000;00000;0052;RECORTES CERO                                          ;00000000;00000;0063;EXTREMEÑOS                                             ;00000000;00000;0064;GLG                                                    ;00000000;00000;0065;PIRATAS / REBELDES                                     ;00000000;00000;0070;PREPAL                                                 ;00000000;00000;0000;                                                       ;00000000;00000;0000;                                                       ;00000000;00000;0000;                                                       ;00000000;00000;0000;                                                       ;00000000;00000;0000;                                                       ;00000000;00000;0000;                                                       ;00000000;00000;0000;                                                       ;00000000;00000;0000;                                                       ;00000000;00000;0000;                                                       ;00000000;00000;0000;                                                       ;00000000;00000;0000;                                                       ;00000000;00000;0000;                                                       ;00000000;00000;0000;                                                       ;00000000;00000;0000;                                                       ;00000000;00000;0000;                                                       ;00000000;00000;0000;                                                       ;00000000;00000;0000;                                                       ;00000000;00000;0000;                                                       ;00000000;00000;0000;                                                       ;00000000;00000;0000;                                                       ;00000000;00000;0000;                                                       ;00000000;00000;0000;                                                       ;00000000;00000;0000;                                                       ;00000000;00000;0000;                                                       ;00000000;00000;0000;                                                       ;00000000;00000;0000;                                                       ;00000000;00000;0000;                                                       ;00000000;00000;0000;                                                       ;00000000;00000;0000;                                                       ;00000000;00000;0000;                                                       ;00000000;00000;0000;                                                       ;00000000;00000;0000;                                                       ;00000000;00000;0000;                                                       ;00000000;00000;0000;                                                       ;00000000;00000;0000;                                                       ;00000000;00000;0000;                                                       ;00000000;00000;0000;                                                       ;00000000;00000;0000;                                                       ;00000000;00000;0000;                                                       ;00000000;00000;0000;                                                       ;00000000;00000;0000;                                                       ;00000000;00000;0000;                                                       ;00000000;00000;0000;                                                       ;00000000;00000;0000;                                                       ;00000000;00000;0000;                                                       ;00000000;00000;0000;                                                       ;00000000;00000;
2406100033;08;09;9;180;99;Iglesias                                          ;99;99;00001;00000118;00000118;10000;00000076;06440;00000042;03559;00000001;00135;00000002;00263;0022;PP                                                     ;00000027;03648;0017;PSOE                                                   ;00000019;02567;0021;VOX                                                    ;00000013;01756;0048;SAE                                                    ;00000005;00675;0025;PODEMOS                                                ;00000002;00270;0032;SUMAR                                                  ;00000002;00270;0042;AGRUPACIÓN DE ELECTORES "SE ACABÓ LA FIESTA"           ;00000002;00270;0010;AHORA REPÚBLICAS (ERC-EH BILDU-BNG-ARA MÉS)            ;00000001;00135;0043;F                                                      ;00000001;00135;0052;RECORTES CERO                                          ;00000001;00135;0001;IZQESP                                                 ;00000000;00000;0002;CEUS                                                   ;00000000;00000;0009;FO                                                     ;00000000;00000;0060;JUNTS UE                                               ;00000000;00000;0019;ANDALUCISTAS                                           ;00000000;00000;0020;IE                                                     ;00000000;00000;0023;ESCAÑOS EN BLANCO                                      ;00000000;00000;0024;CRT                                                    ;00000000;00000;0026;PFAC                                                   ;00000000;00000;0027;PCTE                                                   ;00000000;00000;0029;PCPE/PCPC                                              ;00000000;00000;0039;PACMA                                                  ;00000000;00000;0040;CREE EN EUROPA                                         ;00000000;00000;0041;PMR                                                    ;00000000;00000;0072;EXISTE                                                 ;00000000;00000;0046;Cs                                                     ;00000000;00000;0047;FE de las JONS                                         ;00000000;00000;0049;J.U.E.X.                                               ;00000000;00000;0050;PH                                                     ;00000000;00000;0051;VOLT                                                   ;00000000;00000;0063;EXTREMEÑOS                                             ;00000000;00000;0064;GLG                                                    ;00000000;00000;0065;PIRATAS / REBELDES                                     ;00000000;00000;0070;PREPAL                                                 ;00000000;00000;0000;                                                       ;00000000;00000;0000;                                                       ;00000000;00000;0000;                                                       ;00000000;00000;0000;                                                       ;00000000;00000;0000;                                                       ;00000000;00000;0000;                                                       ;00000000;00000;0000;                                                       ;00000000;00000;0000;                                                       ;00000000;00000;0000;                                                       ;00000000;00000;0000;                                                       ;00000000;00000;0000;                                                       ;00000000;00000;0000;                                                       ;00000000;00000;0000;                                                       ;00000000;00000;0000;                                                       ;00000000;00000;0000;                                                       ;00000000;00000;0000;                                                       ;00000000;00000;0000;                                                       ;00000000;00000;0000;                                                       ;00000000;00000;0000;                                                       ;00000000;00000;0000;                                                       ;00000000;00000;0000;                                                       ;00000000;00000;0000;                                                       ;00000000;00000;0000;                                                       ;00000000;00000;0000;                                                       ;00000000;00000;0000;                                                       ;00000000;00000;0000;                                                       ;00000000;00000;0000;                                                       ;00000000;00000;0000;                                                       ;00000000;00000;0000;                                                       ;00000000;00000;0000;                                                       ;00000000;00000;0000;                                                       ;00000000;00000;0000;                                                       ;00000000;00000;0000;                                                       ;00000000;00000;0000;                                                       ;00000000;00000;0000;                                                       ;00000000;00000;0000;                                                       ;00000000;00000;0000;                                                       ;00000000;00000;0000;                                                       ;00000000;00000;0000;                                                       ;00000000;00000;0000;                                                       ;00000000;00000;0000;                                                       ;00000000;00000;0000;                                                       ;00000000;00000;0000;                                                       ;00000000;00000;0000;                                                       ;00000000;00000;0000;                                                       ;00000000;00000;0000;                                                       ;00000000;00000;
2406100033;08;09;9;181;99;Isar                                              ;99;99;00001;00000272;00000272;10000;00000156;05735;00000116;04264;00000004;00258;00000001;00064;0022;PP                                                     ;00000096;06193;0017;PSOE                                                   ;00000026;01677;0021;VOX                                                    ;00000013;00838;0042;AGRUPACIÓN DE ELECTORES "SE ACABÓ LA FIESTA"           ;00000005;00322;0025;PODEMOS                                                ;00000003;00193;0032;SUMAR                                                  ;00000003;00193;0048;SAE                                                    ;00000003;00193;0051;VOLT                                                   ;00000002;00129;0001;IZQESP                                                 ;00000000;00000;0002;CEUS                                                   ;00000000;00000;0009;FO                                                     ;00000000;00000;0010;AHORA REPÚBLICAS (ERC-EH BILDU-BNG-ARA MÉS)            ;00000000;00000;0060;JUNTS UE                                               ;00000000;00000;0019;ANDALUCISTAS                                           ;00000000;00000;0020;IE                                                     ;00000000;00000;0023;ESCAÑOS EN BLANCO                                      ;00000000;00000;0024;CRT                                                    ;00000000;00000;0026;PFAC                                                   ;00000000;00000;0027;PCTE                                                   ;00000000;00000;0029;PCPE/PCPC                                              ;00000000;00000;0039;PACMA                                                  ;00000000;00000;0040;CREE EN EUROPA                                         ;00000000;00000;0041;PMR                                                    ;00000000;00000;0043;F                                                      ;00000000;00000;0072;EXISTE                                                 ;00000000;00000;0046;Cs                                                     ;00000000;00000;0047;FE de las JONS                                         ;00000000;00000;0049;J.U.E.X.                                               ;00000000;00000;0050;PH                                                     ;00000000;00000;0052;RECORTES CERO                                          ;00000000;00000;0063;EXTREMEÑOS                                             ;00000000;00000;0064;GLG                                                    ;00000000;00000;0065;PIRATAS / REBELDES                                     ;00000000;00000;0070;PREPAL                                                 ;00000000;00000;0000;                                                       ;00000000;00000;0000;                                                       ;00000000;00000;0000;                                                       ;00000000;00000;0000;                                                       ;00000000;00000;0000;                                                       ;00000000;00000;0000;                                                       ;00000000;00000;0000;                                                       ;00000000;00000;0000;                                                       ;00000000;00000;0000;                                                       ;00000000;00000;0000;                                                       ;00000000;00000;0000;                                                       ;00000000;00000;0000;                                                       ;00000000;00000;0000;                                                       ;00000000;00000;0000;                                                       ;00000000;00000;0000;                                                       ;00000000;00000;0000;                                                       ;00000000;00000;0000;                                                       ;00000000;00000;0000;                                                       ;00000000;00000;0000;                                                       ;00000000;00000;0000;                                                       ;00000000;00000;0000;                                                       ;00000000;00000;0000;                                                       ;00000000;00000;0000;                                                       ;00000000;00000;0000;                                                       ;00000000;00000;0000;                                                       ;00000000;00000;0000;                                                       ;00000000;00000;0000;                                                       ;00000000;00000;0000;                                                       ;00000000;00000;0000;                                                       ;00000000;00000;0000;                                                       ;00000000;00000;0000;                                                       ;00000000;00000;0000;                                                       ;00000000;00000;0000;                                                       ;00000000;00000;0000;                                                       ;00000000;00000;0000;                                                       ;00000000;00000;0000;                                                       ;00000000;00000;0000;                                                       ;00000000;00000;0000;                                                       ;00000000;00000;0000;                                                       ;00000000;00000;0000;                                                       ;00000000;00000;0000;                                                       ;00000000;00000;0000;                                                       ;00000000;00000;0000;                                                       ;00000000;00000;0000;                                                       ;00000000;00000;0000;                                                       ;00000000;00000;0000;                                                       ;00000000;00000;
2406100033;08;09;9;182;99;Itero del Castillo                                ;99;99;00001;00000070;00000070;10000;00000048;06857;00000022;03142;00000002;00416;00000000;00000;0022;PP                                                     ;00000032;06666;0017;PSOE                                                   ;00000010;02083;0042;AGRUPACIÓN DE ELECTORES "SE ACABÓ LA FIESTA"           ;00000002;00416;0025;PODEMOS                                                ;00000001;00208;0032;SUMAR                                                  ;00000001;00208;0001;IZQESP                                                 ;00000000;00000;0002;CEUS                                                   ;00000000;00000;0009;FO                                                     ;00000000;00000;0010;AHORA REPÚBLICAS (ERC-EH BILDU-BNG-ARA MÉS)            ;00000000;00000;0060;JUNTS UE                                               ;00000000;00000;0019;ANDALUCISTAS                                           ;00000000;00000;0020;IE                                                     ;00000000;00000;0021;VOX                                                    ;00000000;00000;0023;ESCAÑOS EN BLANCO                                      ;00000000;00000;0024;CRT                                                    ;00000000;00000;0026;PFAC                                                   ;00000000;00000;0027;PCTE                                                   ;00000000;00000;0029;PCPE/PCPC                                              ;00000000;00000;0039;PACMA                                                  ;00000000;00000;0040;CREE EN EUROPA                                         ;00000000;00000;0041;PMR                                                    ;00000000;00000;0043;F                                                      ;00000000;00000;0072;EXISTE                                                 ;00000000;00000;0046;Cs                                                     ;00000000;00000;0047;FE de las JONS                                         ;00000000;00000;0048;SAE                                                    ;00000000;00000;0049;J.U.E.X.                                               ;00000000;00000;0050;PH                                                     ;00000000;00000;0051;VOLT                                                   ;00000000;00000;0052;RECORTES CERO                                          ;00000000;00000;0063;EXTREMEÑOS                                             ;00000000;00000;0064;GLG                                                    ;00000000;00000;0065;PIRATAS / REBELDES                                     ;00000000;00000;0070;PREPAL                                                 ;00000000;00000;0000;                                                       ;00000000;00000;0000;                                                       ;00000000;00000;0000;                                                       ;00000000;00000;0000;                                                       ;00000000;00000;0000;                                                       ;00000000;00000;0000;                                                       ;00000000;00000;0000;                                                       ;00000000;00000;0000;                                                       ;00000000;00000;0000;                                                       ;00000000;00000;0000;                                                       ;00000000;00000;0000;                                                       ;00000000;00000;0000;                                                       ;00000000;00000;0000;                                                       ;00000000;00000;0000;                                                       ;00000000;00000;0000;                                                       ;00000000;00000;0000;                                                       ;00000000;00000;0000;                                                       ;00000000;00000;0000;                                                       ;00000000;00000;0000;                                                       ;00000000;00000;0000;                                                       ;00000000;00000;0000;                                                       ;00000000;00000;0000;                                                       ;00000000;00000;0000;                                                       ;00000000;00000;0000;                                                       ;00000000;00000;0000;                                                       ;00000000;00000;0000;                                                       ;00000000;00000;0000;                                                       ;00000000;00000;0000;                                                       ;00000000;00000;0000;                                                       ;00000000;00000;0000;                                                       ;00000000;00000;0000;                                                       ;00000000;00000;0000;                                                       ;00000000;00000;0000;                                                       ;00000000;00000;0000;                                                       ;00000000;00000;0000;                                                       ;00000000;00000;0000;                                                       ;00000000;00000;0000;                                                       ;00000000;00000;0000;                                                       ;00000000;00000;0000;                                                       ;00000000;00000;0000;                                                       ;00000000;00000;0000;                                                       ;00000000;00000;0000;                                                       ;00000000;00000;0000;                                                       ;00000000;00000;0000;                                                       ;00000000;00000;0000;                                                       ;00000000;00000;0000;                                                       ;00000000;00000;
2406100033;08;09;9;183;99;Jaramillo de la Fuente                            ;99;99;00001;00000047;00000047;10000;00000033;07021;00000014;02978;00000001;00303;00000000;00000;0022;PP                                                     ;00000014;04242;0017;PSOE                                                   ;00000013;03939;0021;VOX                                                    ;00000002;00606;0023;ESCAÑOS EN BLANCO                                      ;00000001;00303;0025;PODEMOS                                                ;00000001;00303;0072;EXISTE                                                 ;00000001;00303;0001;IZQESP                                                 ;00000000;00000;0002;CEUS                                                   ;00000000;00000;0009;FO                                                     ;00000000;00000;0010;AHORA REPÚBLICAS (ERC-EH BILDU-BNG-ARA MÉS)            ;00000000;00000;0060;JUNTS UE                                               ;00000000;00000;0019;ANDALUCISTAS                                           ;00000000;00000;0020;IE                                                     ;00000000;00000;0024;CRT                                                    ;00000000;00000;0026;PFAC                                                   ;00000000;00000;0027;PCTE                                                   ;00000000;00000;0029;PCPE/PCPC                                              ;00000000;00000;0032;SUMAR                                                  ;00000000;00000;0039;PACMA                                                  ;00000000;00000;0040;CREE EN EUROPA                                         ;00000000;00000;0041;PMR                                                    ;00000000;00000;0042;AGRUPACIÓN DE ELECTORES "SE ACABÓ LA FIESTA"           ;00000000;00000;0043;F                                                      ;00000000;00000;0046;Cs                                                     ;00000000;00000;0047;FE de las JONS                                         ;00000000;00000;0048;SAE                                                    ;00000000;00000;0049;J.U.E.X.                                               ;00000000;00000;0050;PH                                                     ;00000000;00000;0051;VOLT                                                   ;00000000;00000;0052;RECORTES CERO                                          ;00000000;00000;0063;EXTREMEÑOS                                             ;00000000;00000;0064;GLG                                                    ;00000000;00000;0065;PIRATAS / REBELDES                                     ;00000000;00000;0070;PREPAL                                                 ;00000000;00000;0000;                                                       ;00000000;00000;0000;                                                       ;00000000;00000;0000;                                                       ;00000000;00000;0000;                                                       ;00000000;00000;0000;                                                       ;00000000;00000;0000;                                                       ;00000000;00000;0000;                                                       ;00000000;00000;0000;                                                       ;00000000;00000;0000;                                                       ;00000000;00000;0000;                                                       ;00000000;00000;0000;                                                       ;00000000;00000;0000;                                                       ;00000000;00000;0000;                                                       ;00000000;00000;0000;                                                       ;00000000;00000;0000;                                                       ;00000000;00000;0000;                                                       ;00000000;00000;0000;                                                       ;00000000;00000;0000;                                                       ;00000000;00000;0000;                                                       ;00000000;00000;0000;                                                       ;00000000;00000;0000;                                                       ;00000000;00000;0000;                                                       ;00000000;00000;0000;                                                       ;00000000;00000;0000;                                                       ;00000000;00000;0000;                                                       ;00000000;00000;0000;                                                       ;00000000;00000;0000;                                                       ;00000000;00000;0000;                                                       ;00000000;00000;0000;                                                       ;00000000;00000;0000;                                                       ;00000000;00000;0000;                                                       ;00000000;00000;0000;                                                       ;00000000;00000;0000;                                                       ;00000000;00000;0000;                                                       ;00000000;00000;0000;                                                       ;00000000;00000;0000;                                                       ;00000000;00000;0000;                                                       ;00000000;00000;0000;                                                       ;00000000;00000;0000;                                                       ;00000000;00000;0000;                                                       ;00000000;00000;0000;                                                       ;00000000;00000;0000;                                                       ;00000000;00000;0000;                                                       ;00000000;00000;0000;                                                       ;00000000;00000;0000;                                                       ;00000000;00000;0000;                                                       ;00000000;00000;
2406100033;08;09;9;184;99;Jaramillo Quemado                                 ;99;99;00001;00000005;00000005;10000;00000004;08000;00000001;02000;00000001;05000;00000002;05000;0021;VOX                                                    ;00000001;05000;0001;IZQESP                                                 ;00000000;00000;0002;CEUS                                                   ;00000000;00000;0009;FO                                                     ;00000000;00000;0010;AHORA REPÚBLICAS (ERC-EH BILDU-BNG-ARA MÉS)            ;00000000;00000;0060;JUNTS UE                                               ;00000000;00000;0017;PSOE                                                   ;00000000;00000;0019;ANDALUCISTAS                                           ;00000000;00000;0020;IE                                                     ;00000000;00000;0022;PP                                                     ;00000000;00000;0023;ESCAÑOS EN BLANCO                                      ;00000000;00000;0024;CRT                                                    ;00000000;00000;0025;PODEMOS                                                ;00000000;00000;0026;PFAC                                                   ;00000000;00000;0027;PCTE                                                   ;00000000;00000;0029;PCPE/PCPC                                              ;00000000;00000;0032;SUMAR                                                  ;00000000;00000;0039;PACMA                                                  ;00000000;00000;0040;CREE EN EUROPA                                         ;00000000;00000;0041;PMR                                                    ;00000000;00000;0042;AGRUPACIÓN DE ELECTORES "SE ACABÓ LA FIESTA"           ;00000000;00000;0043;F                                                      ;00000000;00000;0072;EXISTE                                                 ;00000000;00000;0046;Cs                                                     ;00000000;00000;0047;FE de las JONS                                         ;00000000;00000;0048;SAE                                                    ;00000000;00000;0049;J.U.E.X.                                               ;00000000;00000;0050;PH                                                     ;00000000;00000;0051;VOLT                                                   ;00000000;00000;0052;RECORTES CERO                                          ;00000000;00000;0063;EXTREMEÑOS                                             ;00000000;00000;0064;GLG                                                    ;00000000;00000;0065;PIRATAS / REBELDES                                     ;00000000;00000;0070;PREPAL                                                 ;00000000;00000;0000;                                                       ;00000000;00000;0000;                                                       ;00000000;00000;0000;                                                       ;00000000;00000;0000;                                                       ;00000000;00000;0000;                                                       ;00000000;00000;0000;                                                       ;00000000;00000;0000;                                                       ;00000000;00000;0000;                                                       ;00000000;00000;0000;                                                       ;00000000;00000;0000;                                                       ;00000000;00000;0000;                                                       ;00000000;00000;0000;                                                       ;00000000;00000;0000;                                                       ;00000000;00000;0000;                                                       ;00000000;00000;0000;                                                       ;00000000;00000;0000;                                                       ;00000000;00000;0000;                                                       ;00000000;00000;0000;                                                       ;00000000;00000;0000;                                                       ;00000000;00000;0000;                                                       ;00000000;00000;0000;                                                       ;00000000;00000;0000;                                                       ;00000000;00000;0000;                                                       ;00000000;00000;0000;                                                       ;00000000;00000;0000;                                                       ;00000000;00000;0000;                                                       ;00000000;00000;0000;                                                       ;00000000;00000;0000;                                                       ;00000000;00000;0000;                                                       ;00000000;00000;0000;                                                       ;00000000;00000;0000;                                                       ;00000000;00000;0000;                                                       ;00000000;00000;0000;                                                       ;00000000;00000;0000;                                                       ;00000000;00000;0000;                                                       ;00000000;00000;0000;                                                       ;00000000;00000;0000;                                                       ;00000000;00000;0000;                                                       ;00000000;00000;0000;                                                       ;00000000;00000;0000;                                                       ;00000000;00000;0000;                                                       ;00000000;00000;0000;                                                       ;00000000;00000;0000;                                                       ;00000000;00000;0000;                                                       ;00000000;00000;0000;                                                       ;00000000;00000;0000;                                                       ;00000000;00000;
2406100033;08;09;9;189;99;Junta de Traslaloma                               ;99;99;00001;00000114;00000114;10000;00000068;05964;00000046;04035;00000001;00158;00000005;00735;0022;PP                                                     ;00000030;04761;0017;PSOE                                                   ;00000015;02380;0021;VOX                                                    ;00000010;01587;0032;SUMAR                                                  ;00000002;00317;0010;AHORA REPÚBLICAS (ERC-EH BILDU-BNG-ARA MÉS)            ;00000001;00158;0025;PODEMOS                                                ;00000001;00158;0043;F                                                      ;00000001;00158;0052;RECORTES CERO                                          ;00000001;00158;0065;PIRATAS / REBELDES                                     ;00000001;00158;0001;IZQESP                                                 ;00000000;00000;0002;CEUS                                                   ;00000000;00000;0009;FO                                                     ;00000000;00000;0060;JUNTS UE                                               ;00000000;00000;0019;ANDALUCISTAS                                           ;00000000;00000;0020;IE                                                     ;00000000;00000;0023;ESCAÑOS EN BLANCO                                      ;00000000;00000;0024;CRT                                                    ;00000000;00000;0026;PFAC                                                   ;00000000;00000;0027;PCTE                                                   ;00000000;00000;0029;PCPE/PCPC                                              ;00000000;00000;0039;PACMA                                                  ;00000000;00000;0040;CREE EN EUROPA                                         ;00000000;00000;0041;PMR                                                    ;00000000;00000;0042;AGRUPACIÓN DE ELECTORES "SE ACABÓ LA FIESTA"           ;00000000;00000;0072;EXISTE                                                 ;00000000;00000;0046;Cs                                                     ;00000000;00000;0047;FE de las JONS                                         ;00000000;00000;0048;SAE                                                    ;00000000;00000;0049;J.U.E.X.                                               ;00000000;00000;0050;PH                                                     ;00000000;00000;0051;VOLT                                                   ;00000000;00000;0063;EXTREMEÑOS                                             ;00000000;00000;0064;GLG                                                    ;00000000;00000;0070;PREPAL                                                 ;00000000;00000;0000;                                                       ;00000000;00000;0000;                                                       ;00000000;00000;0000;                                                       ;00000000;00000;0000;                                                       ;00000000;00000;0000;                                                       ;00000000;00000;0000;                                                       ;00000000;00000;0000;                                                       ;00000000;00000;0000;                                                       ;00000000;00000;0000;                                                       ;00000000;00000;0000;                                                       ;00000000;00000;0000;                                                       ;00000000;00000;0000;                                                       ;00000000;00000;0000;                                                       ;00000000;00000;0000;                                                       ;00000000;00000;0000;                                                       ;00000000;00000;0000;                                                       ;00000000;00000;0000;                                                       ;00000000;00000;0000;                                                       ;00000000;00000;0000;                                                       ;00000000;00000;0000;                                                       ;00000000;00000;0000;                                                       ;00000000;00000;0000;                                                       ;00000000;00000;0000;                                                       ;00000000;00000;0000;                                                       ;00000000;00000;0000;                                                       ;00000000;00000;0000;                                                       ;00000000;00000;0000;                                                       ;00000000;00000;0000;                                                       ;00000000;00000;0000;                                                       ;00000000;00000;0000;                                                       ;00000000;00000;0000;                                                       ;00000000;00000;0000;                                                       ;00000000;00000;0000;                                                       ;00000000;00000;0000;                                                       ;00000000;00000;0000;                                                       ;00000000;00000;0000;                                                       ;00000000;00000;0000;                                                       ;00000000;00000;0000;                                                       ;00000000;00000;0000;                                                       ;00000000;00000;0000;                                                       ;00000000;00000;0000;                                                       ;00000000;00000;0000;                                                       ;00000000;00000;0000;                                                       ;00000000;00000;0000;                                                       ;00000000;00000;0000;                                                       ;00000000;00000;0000;                                                       ;00000000;00000;
2406100033;08;09;9;190;99;Junta de Villalba de Losa                         ;99;99;00001;00000073;00000073;10000;00000049;06712;00000024;03287;00000001;00204;00000000;00000;0022;PP                                                     ;00000022;04489;0017;PSOE                                                   ;00000010;02040;0025;PODEMOS                                                ;00000004;00816;0042;AGRUPACIÓN DE ELECTORES "SE ACABÓ LA FIESTA"           ;00000004;00816;0021;VOX                                                    ;00000003;00612;0032;SUMAR                                                  ;00000002;00408;0039;PACMA                                                  ;00000002;00408;0020;IE                                                     ;00000001;00204;0001;IZQESP                                                 ;00000000;00000;0002;CEUS                                                   ;00000000;00000;0009;FO                                                     ;00000000;00000;0010;AHORA REPÚBLICAS (ERC-EH BILDU-BNG-ARA MÉS)            ;00000000;00000;0060;JUNTS UE                                               ;00000000;00000;0019;ANDALUCISTAS                                           ;00000000;00000;0023;ESCAÑOS EN BLANCO                                      ;00000000;00000;0024;CRT                                                    ;00000000;00000;0026;PFAC                                                   ;00000000;00000;0027;PCTE                                                   ;00000000;00000;0029;PCPE/PCPC                                              ;00000000;00000;0040;CREE EN EUROPA                                         ;00000000;00000;0041;PMR                                                    ;00000000;00000;0043;F                                                      ;00000000;00000;0072;EXISTE                                                 ;00000000;00000;0046;Cs                                                     ;00000000;00000;0047;FE de las JONS                                         ;00000000;00000;0048;SAE                                                    ;00000000;00000;0049;J.U.E.X.                                               ;00000000;00000;0050;PH                                                     ;00000000;00000;0051;VOLT                                                   ;00000000;00000;0052;RECORTES CERO                                          ;00000000;00000;0063;EXTREMEÑOS                                             ;00000000;00000;0064;GLG                                                    ;00000000;00000;0065;PIRATAS / REBELDES                                     ;00000000;00000;0070;PREPAL                                                 ;00000000;00000;0000;                                                       ;00000000;00000;0000;                                                       ;00000000;00000;0000;                                                       ;00000000;00000;0000;                                                       ;00000000;00000;0000;                                                       ;00000000;00000;0000;                                                       ;00000000;00000;0000;                                                       ;00000000;00000;0000;                                                       ;00000000;00000;0000;                                                       ;00000000;00000;0000;                                                       ;00000000;00000;0000;                                                       ;00000000;00000;0000;                                                       ;00000000;00000;0000;                                                       ;00000000;00000;0000;                                                       ;00000000;00000;0000;                                                       ;00000000;00000;0000;                                                       ;00000000;00000;0000;                                                       ;00000000;00000;0000;                                                       ;00000000;00000;0000;                                                       ;00000000;00000;0000;                                                       ;00000000;00000;0000;                                                       ;00000000;00000;0000;                                                       ;00000000;00000;0000;                                                       ;00000000;00000;0000;                                                       ;00000000;00000;0000;                                                       ;00000000;00000;0000;                                                       ;00000000;00000;0000;                                                       ;00000000;00000;0000;                                                       ;00000000;00000;0000;                                                       ;00000000;00000;0000;                                                       ;00000000;00000;0000;                                                       ;00000000;00000;0000;                                                       ;00000000;00000;0000;                                                       ;00000000;00000;0000;                                                       ;00000000;00000;0000;                                                       ;00000000;00000;0000;                                                       ;00000000;00000;0000;                                                       ;00000000;00000;0000;                                                       ;00000000;00000;0000;                                                       ;00000000;00000;0000;                                                       ;00000000;00000;0000;                                                       ;00000000;00000;0000;                                                       ;00000000;00000;0000;                                                       ;00000000;00000;0000;                                                       ;00000000;00000;0000;                                                       ;00000000;00000;0000;                                                       ;00000000;00000;
2406100033;08;09;9;191;99;Jurisdicción de Lara                              ;99;99;00001;00000041;00000041;10000;00000022;05365;00000019;04634;00000000;00000;00000000;00000;0022;PP                                                     ;00000012;05454;0017;PSOE                                                   ;00000006;02727;0021;VOX                                                    ;00000002;00909;0025;PODEMOS                                                ;00000001;00454;0046;Cs                                                     ;00000001;00454;0001;IZQESP                                                 ;00000000;00000;0002;CEUS                                                   ;00000000;00000;0009;FO                                                     ;00000000;00000;0010;AHORA REPÚBLICAS (ERC-EH BILDU-BNG-ARA MÉS)            ;00000000;00000;0060;JUNTS UE                                               ;00000000;00000;0019;ANDALUCISTAS                                           ;00000000;00000;0020;IE                                                     ;00000000;00000;0023;ESCAÑOS EN BLANCO                                      ;00000000;00000;0024;CRT                                                    ;00000000;00000;0026;PFAC                                                   ;00000000;00000;0027;PCTE                                                   ;00000000;00000;0029;PCPE/PCPC                                              ;00000000;00000;0032;SUMAR                                                  ;00000000;00000;0039;PACMA                                                  ;00000000;00000;0040;CREE EN EUROPA                                         ;00000000;00000;0041;PMR                                                    ;00000000;00000;0042;AGRUPACIÓN DE ELECTORES "SE ACABÓ LA FIESTA"           ;00000000;00000;0043;F                                                      ;00000000;00000;0072;EXISTE                                                 ;00000000;00000;0047;FE de las JONS                                         ;00000000;00000;0048;SAE                                                    ;00000000;00000;0049;J.U.E.X.                                               ;00000000;00000;0050;PH                                                     ;00000000;00000;0051;VOLT                                                   ;00000000;00000;0052;RECORTES CERO                                          ;00000000;00000;0063;EXTREMEÑOS                                             ;00000000;00000;0064;GLG                                                    ;00000000;00000;0065;PIRATAS / REBELDES                                     ;00000000;00000;0070;PREPAL                                                 ;00000000;00000;0000;                                                       ;00000000;00000;0000;                                                       ;00000000;00000;0000;                                                       ;00000000;00000;0000;                                                       ;00000000;00000;0000;                                                       ;00000000;00000;0000;                                                       ;00000000;00000;0000;                                                       ;00000000;00000;0000;                                                       ;00000000;00000;0000;                                                       ;00000000;00000;0000;                                                       ;00000000;00000;0000;                                                       ;00000000;00000;0000;                                                       ;00000000;00000;0000;                                                       ;00000000;00000;0000;                                                       ;00000000;00000;0000;                                                       ;00000000;00000;0000;                                                       ;00000000;00000;0000;                                                       ;00000000;00000;0000;                                                       ;00000000;00000;0000;                                                       ;00000000;00000;0000;                                                       ;00000000;00000;0000;                                                       ;00000000;00000;0000;                                                       ;00000000;00000;0000;                                                       ;00000000;00000;0000;                                                       ;00000000;00000;0000;                                                       ;00000000;00000;0000;                                                       ;00000000;00000;0000;                                                       ;00000000;00000;0000;                                                       ;00000000;00000;0000;                                                       ;00000000;00000;0000;                                                       ;00000000;00000;0000;                                                       ;00000000;00000;0000;                                                       ;00000000;00000;0000;                                                       ;00000000;00000;0000;                                                       ;00000000;00000;0000;                                                       ;00000000;00000;0000;                                                       ;00000000;00000;0000;                                                       ;00000000;00000;0000;                                                       ;00000000;00000;0000;                                                       ;00000000;00000;0000;                                                       ;00000000;00000;0000;                                                       ;00000000;00000;0000;                                                       ;00000000;00000;0000;                                                       ;00000000;00000;0000;                                                       ;00000000;00000;0000;                                                       ;00000000;00000;0000;                                                       ;00000000;00000;
2406100033;08;09;9;192;99;Jurisdicción de San Zadornil                      ;99;99;00001;00000065;00000065;10000;00000044;06769;00000021;03230;00000002;00454;00000000;00000;0022;PP                                                     ;00000017;03863;0017;PSOE                                                   ;00000014;03181;0010;AHORA REPÚBLICAS (ERC-EH BILDU-BNG-ARA MÉS)            ;00000004;00909;0042;AGRUPACIÓN DE ELECTORES "SE ACABÓ LA FIESTA"           ;00000003;00681;0009;FO                                                     ;00000001;00227;0021;VOX                                                    ;00000001;00227;0025;PODEMOS                                                ;00000001;00227;0032;SUMAR                                                  ;00000001;00227;0001;IZQESP                                                 ;00000000;00000;0002;CEUS                                                   ;00000000;00000;0060;JUNTS UE                                               ;00000000;00000;0019;ANDALUCISTAS                                           ;00000000;00000;0020;IE                                                     ;00000000;00000;0023;ESCAÑOS EN BLANCO                                      ;00000000;00000;0024;CRT                                                    ;00000000;00000;0026;PFAC                                                   ;00000000;00000;0027;PCTE                                                   ;00000000;00000;0029;PCPE/PCPC                                              ;00000000;00000;0039;PACMA                                                  ;00000000;00000;0040;CREE EN EUROPA                                         ;00000000;00000;0041;PMR                                                    ;00000000;00000;0043;F                                                      ;00000000;00000;0072;EXISTE                                                 ;00000000;00000;0046;Cs                                                     ;00000000;00000;0047;FE de las JONS                                         ;00000000;00000;0048;SAE                                                    ;00000000;00000;0049;J.U.E.X.                                               ;00000000;00000;0050;PH                                                     ;00000000;00000;0051;VOLT                                                   ;00000000;00000;0052;RECORTES CERO                                          ;00000000;00000;0063;EXTREMEÑOS                                             ;00000000;00000;0064;GLG                                                    ;00000000;00000;0065;PIRATAS / REBELDES                                     ;00000000;00000;0070;PREPAL                                                 ;00000000;00000;0000;                                                       ;00000000;00000;0000;                                                       ;00000000;00000;0000;                                                       ;00000000;00000;0000;                                                       ;00000000;00000;0000;                                                       ;00000000;00000;0000;                                                       ;00000000;00000;0000;                                                       ;00000000;00000;0000;                                                       ;00000000;00000;0000;                                                       ;00000000;00000;0000;                                                       ;00000000;00000;0000;                                                       ;00000000;00000;0000;                                                       ;00000000;00000;0000;                                                       ;00000000;00000;0000;                                                       ;00000000;00000;0000;                                                       ;00000000;00000;0000;                                                       ;00000000;00000;0000;                                                       ;00000000;00000;0000;                                                       ;00000000;00000;0000;                                                       ;00000000;00000;0000;                                                       ;00000000;00000;0000;                                                       ;00000000;00000;0000;                                                       ;00000000;00000;0000;                                                       ;00000000;00000;0000;                                                       ;00000000;00000;0000;                                                       ;00000000;00000;0000;                                                       ;00000000;00000;0000;                                                       ;00000000;00000;0000;                                                       ;00000000;00000;0000;                                                       ;00000000;00000;0000;                                                       ;00000000;00000;0000;                                                       ;00000000;00000;0000;                                                       ;00000000;00000;0000;                                                       ;00000000;00000;0000;                                                       ;00000000;00000;0000;                                                       ;00000000;00000;0000;                                                       ;00000000;00000;0000;                                                       ;00000000;00000;0000;                                                       ;00000000;00000;0000;                                                       ;00000000;00000;0000;                                                       ;00000000;00000;0000;                                                       ;00000000;00000;0000;                                                       ;00000000;00000;0000;                                                       ;00000000;00000;0000;                                                       ;00000000;00000;0000;                                                       ;00000000;00000;0000;                                                       ;00000000;00000;
2406100033;08;09;9;194;99;Lerma                                             ;99;99;00004;00001957;00001957;10000;00001046;05344;00000911;04655;00000012;00116;00000013;00124;0022;PP                                                     ;00000500;04840;0017;PSOE                                                   ;00000300;02904;0021;VOX                                                    ;00000093;00900;0032;SUMAR                                                  ;00000031;00300;0042;AGRUPACIÓN DE ELECTORES "SE ACABÓ LA FIESTA"           ;00000030;00290;0025;PODEMOS                                                ;00000024;00232;0009;FO                                                     ;00000009;00087;0046;Cs                                                     ;00000007;00067;0027;PCTE                                                   ;00000006;00058;0001;IZQESP                                                 ;00000003;00029;0010;AHORA REPÚBLICAS (ERC-EH BILDU-BNG-ARA MÉS)            ;00000003;00029;0026;PFAC                                                   ;00000003;00029;0023;ESCAÑOS EN BLANCO                                      ;00000002;00019;0029;PCPE/PCPC                                              ;00000002;00019;0039;PACMA                                                  ;00000002;00019;0019;ANDALUCISTAS                                           ;00000001;00009;0072;EXISTE                                                 ;00000001;00009;0048;SAE                                                    ;00000001;00009;0051;VOLT                                                   ;00000001;00009;0052;RECORTES CERO                                          ;00000001;00009;0064;GLG                                                    ;00000001;00009;0002;CEUS                                                   ;00000000;00000;0060;JUNTS UE                                               ;00000000;00000;0020;IE                                                     ;00000000;00000;0024;CRT                                                    ;00000000;00000;0040;CREE EN EUROPA                                         ;00000000;00000;0041;PMR                                                    ;00000000;00000;0043;F                                                      ;00000000;00000;0047;FE de las JONS                                         ;00000000;00000;0049;J.U.E.X.                                               ;00000000;00000;0050;PH                                                     ;00000000;00000;0063;EXTREMEÑOS                                             ;00000000;00000;0065;PIRATAS / REBELDES                                     ;00000000;00000;0070;PREPAL                                                 ;00000000;00000;0000;                                                       ;00000000;00000;0000;                                                       ;00000000;00000;0000;                                                       ;00000000;00000;0000;                                                       ;00000000;00000;0000;                                                       ;00000000;00000;0000;                                                       ;00000000;00000;0000;                                                       ;00000000;00000;0000;                                                       ;00000000;00000;0000;                                                       ;00000000;00000;0000;                                                       ;00000000;00000;0000;                                                       ;00000000;00000;0000;                                                       ;00000000;00000;0000;                                                       ;00000000;00000;0000;                                                       ;00000000;00000;0000;                                                       ;00000000;00000;0000;                                                       ;00000000;00000;0000;                                                       ;00000000;00000;0000;                                                       ;00000000;00000;0000;                                                       ;00000000;00000;0000;                                                       ;00000000;00000;0000;                                                       ;00000000;00000;0000;                                                       ;00000000;00000;0000;                                                       ;00000000;00000;0000;                                                       ;00000000;00000;0000;                                                       ;00000000;00000;0000;                                                       ;00000000;00000;0000;                                                       ;00000000;00000;0000;                                                       ;00000000;00000;0000;                                                       ;00000000;00000;0000;                                                       ;00000000;00000;0000;                                                       ;00000000;00000;0000;                                                       ;00000000;00000;0000;                                                       ;00000000;00000;0000;                                                       ;00000000;00000;0000;                                                       ;00000000;00000;0000;                                                       ;00000000;00000;0000;                                                       ;00000000;00000;0000;                                                       ;00000000;00000;0000;                                                       ;00000000;00000;0000;                                                       ;00000000;00000;0000;                                                       ;00000000;00000;0000;                                                       ;00000000;00000;0000;                                                       ;00000000;00000;0000;                                                       ;00000000;00000;0000;                                                       ;00000000;00000;0000;                                                       ;00000000;00000;
2406100033;08;09;9;195;99;Llano de Bureba                                   ;99;99;00001;00000047;00000047;10000;00000033;07021;00000014;02978;00000000;00000;00000001;00303;0022;PP                                                     ;00000015;04687;0017;PSOE                                                   ;00000006;01875;0042;AGRUPACIÓN DE ELECTORES "SE ACABÓ LA FIESTA"           ;00000005;01562;0021;VOX                                                    ;00000003;00937;0025;PODEMOS                                                ;00000001;00312;0029;PCPE/PCPC                                              ;00000001;00312;0046;Cs                                                     ;00000001;00312;0001;IZQESP                                                 ;00000000;00000;0002;CEUS                                                   ;00000000;00000;0009;FO                                                     ;00000000;00000;0010;AHORA REPÚBLICAS (ERC-EH BILDU-BNG-ARA MÉS)            ;00000000;00000;0060;JUNTS UE                                               ;00000000;00000;0019;ANDALUCISTAS                                           ;00000000;00000;0020;IE                                                     ;00000000;00000;0023;ESCAÑOS EN BLANCO                                      ;00000000;00000;0024;CRT                                                    ;00000000;00000;0026;PFAC                                                   ;00000000;00000;0027;PCTE                                                   ;00000000;00000;0032;SUMAR                                                  ;00000000;00000;0039;PACMA                                                  ;00000000;00000;0040;CREE EN EUROPA                                         ;00000000;00000;0041;PMR                                                    ;00000000;00000;0043;F                                                      ;00000000;00000;0072;EXISTE                                                 ;00000000;00000;0047;FE de las JONS                                         ;00000000;00000;0048;SAE                                                    ;00000000;00000;0049;J.U.E.X.                                               ;00000000;00000;0050;PH                                                     ;00000000;00000;0051;VOLT                                                   ;00000000;00000;0052;RECORTES CERO                                          ;00000000;00000;0063;EXTREMEÑOS                                             ;00000000;00000;0064;GLG                                                    ;00000000;00000;0065;PIRATAS / REBELDES                                     ;00000000;00000;0070;PREPAL                                                 ;00000000;00000;0000;                                                       ;00000000;00000;0000;                                                       ;00000000;00000;0000;                                                       ;00000000;00000;0000;                                                       ;00000000;00000;0000;                                                       ;00000000;00000;0000;                                                       ;00000000;00000;0000;                                                       ;00000000;00000;0000;                                                       ;00000000;00000;0000;                                                       ;00000000;00000;0000;                                                       ;00000000;00000;0000;                                                       ;00000000;00000;0000;                                                       ;00000000;00000;0000;                                                       ;00000000;00000;0000;                                                       ;00000000;00000;0000;                                                       ;00000000;00000;0000;                                                       ;00000000;00000;0000;                                                       ;00000000;00000;0000;                                                       ;00000000;00000;0000;                                                       ;00000000;00000;0000;                                                       ;00000000;00000;0000;                                                       ;00000000;00000;0000;                                                       ;00000000;00000;0000;                                                       ;00000000;00000;0000;                                                       ;00000000;00000;0000;                                                       ;00000000;00000;0000;                                                       ;00000000;00000;0000;                                                       ;00000000;00000;0000;                                                       ;00000000;00000;0000;                                                       ;00000000;00000;0000;                                                       ;00000000;00000;0000;                                                       ;00000000;00000;0000;                                                       ;00000000;00000;0000;                                                       ;00000000;00000;0000;                                                       ;00000000;00000;0000;                                                       ;00000000;00000;0000;                                                       ;00000000;00000;0000;                                                       ;00000000;00000;0000;                                                       ;00000000;00000;0000;                                                       ;00000000;00000;0000;                                                       ;00000000;00000;0000;                                                       ;00000000;00000;0000;                                                       ;00000000;00000;0000;                                                       ;00000000;00000;0000;                                                       ;00000000;00000;0000;                                                       ;00000000;00000;0000;                                                       ;00000000;00000;
2406100033;08;09;9;196;99;Madrigal del Monte                                ;99;99;00001;00000135;00000135;10000;00000092;06814;00000043;03185;00000000;00000;00000000;00000;0017;PSOE                                                   ;00000045;04891;0022;PP                                                     ;00000032;03478;0021;VOX                                                    ;00000007;00760;0042;AGRUPACIÓN DE ELECTORES "SE ACABÓ LA FIESTA"           ;00000003;00326;0009;FO                                                     ;00000002;00217;0048;SAE                                                    ;00000002;00217;0072;EXISTE                                                 ;00000001;00108;0001;IZQESP                                                 ;00000000;00000;0002;CEUS                                                   ;00000000;00000;0010;AHORA REPÚBLICAS (ERC-EH BILDU-BNG-ARA MÉS)            ;00000000;00000;0060;JUNTS UE                                               ;00000000;00000;0019;ANDALUCISTAS                                           ;00000000;00000;0020;IE                                                     ;00000000;00000;0023;ESCAÑOS EN BLANCO                                      ;00000000;00000;0024;CRT                                                    ;00000000;00000;0025;PODEMOS                                                ;00000000;00000;0026;PFAC                                                   ;00000000;00000;0027;PCTE                                                   ;00000000;00000;0029;PCPE/PCPC                                              ;00000000;00000;0032;SUMAR                                                  ;00000000;00000;0039;PACMA                                                  ;00000000;00000;0040;CREE EN EUROPA                                         ;00000000;00000;0041;PMR                                                    ;00000000;00000;0043;F                                                      ;00000000;00000;0046;Cs                                                     ;00000000;00000;0047;FE de las JONS                                         ;00000000;00000;0049;J.U.E.X.                                               ;00000000;00000;0050;PH                                                     ;00000000;00000;0051;VOLT                                                   ;00000000;00000;0052;RECORTES CERO                                          ;00000000;00000;0063;EXTREMEÑOS                                             ;00000000;00000;0064;GLG                                                    ;00000000;00000;0065;PIRATAS / REBELDES                                     ;00000000;00000;0070;PREPAL                                                 ;00000000;00000;0000;                                                       ;00000000;00000;0000;                                                       ;00000000;00000;0000;                                                       ;00000000;00000;0000;                                                       ;00000000;00000;0000;                                                       ;00000000;00000;0000;                                                       ;00000000;00000;0000;                                                       ;00000000;00000;0000;                                                       ;00000000;00000;0000;                                                       ;00000000;00000;0000;                                                       ;00000000;00000;0000;                                                       ;00000000;00000;0000;                                                       ;00000000;00000;0000;                                                       ;00000000;00000;0000;                                                       ;00000000;00000;0000;                                                       ;00000000;00000;0000;                                                       ;00000000;00000;0000;                                                       ;00000000;00000;0000;                                                       ;00000000;00000;0000;                                                       ;00000000;00000;0000;                                                       ;00000000;00000;0000;                                                       ;00000000;00000;0000;                                                       ;00000000;00000;0000;                                                       ;00000000;00000;0000;                                                       ;00000000;00000;0000;                                                       ;00000000;00000;0000;                                                       ;00000000;00000;0000;                                                       ;00000000;00000;0000;                                                       ;00000000;00000;0000;                                                       ;00000000;00000;0000;                                                       ;00000000;00000;0000;                                                       ;00000000;00000;0000;                                                       ;00000000;00000;0000;                                                       ;00000000;00000;0000;                                                       ;00000000;00000;0000;                                                       ;00000000;00000;0000;                                                       ;00000000;00000;0000;                                                       ;00000000;00000;0000;                                                       ;00000000;00000;0000;                                                       ;00000000;00000;0000;                                                       ;00000000;00000;0000;                                                       ;00000000;00000;0000;                                                       ;00000000;00000;0000;                                                       ;00000000;00000;0000;                                                       ;00000000;00000;0000;                                                       ;00000000;00000;0000;                                                       ;00000000;00000;
2406100033;08;09;9;197;99;Madrigalejo del Monte                             ;99;99;00001;00000134;00000134;10000;00000075;05597;00000059;04402;00000000;00000;00000001;00133;0022;PP                                                     ;00000043;05810;0017;PSOE                                                   ;00000020;02702;0021;VOX                                                    ;00000006;00810;0023;ESCAÑOS EN BLANCO                                      ;00000002;00270;0042;AGRUPACIÓN DE ELECTORES "SE ACABÓ LA FIESTA"           ;00000002;00270;0043;F                                                      ;00000001;00135;0001;IZQESP                                                 ;00000000;00000;0002;CEUS                                                   ;00000000;00000;0009;FO                                                     ;00000000;00000;0010;AHORA REPÚBLICAS (ERC-EH BILDU-BNG-ARA MÉS)            ;00000000;00000;0060;JUNTS UE                                               ;00000000;00000;0019;ANDALUCISTAS                                           ;00000000;00000;0020;IE                                                     ;00000000;00000;0024;CRT                                                    ;00000000;00000;0025;PODEMOS                                                ;00000000;00000;0026;PFAC                                                   ;00000000;00000;0027;PCTE                                                   ;00000000;00000;0029;PCPE/PCPC                                              ;00000000;00000;0032;SUMAR                                                  ;00000000;00000;0039;PACMA                                                  ;00000000;00000;0040;CREE EN EUROPA                                         ;00000000;00000;0041;PMR                                                    ;00000000;00000;0072;EXISTE                                                 ;00000000;00000;0046;Cs                                                     ;00000000;00000;0047;FE de las JONS                                         ;00000000;00000;0048;SAE                                                    ;00000000;00000;0049;J.U.E.X.                                               ;00000000;00000;0050;PH                                                     ;00000000;00000;0051;VOLT                                                   ;00000000;00000;0052;RECORTES CERO                                          ;00000000;00000;0063;EXTREMEÑOS                                             ;00000000;00000;0064;GLG                                                    ;00000000;00000;0065;PIRATAS / REBELDES                                     ;00000000;00000;0070;PREPAL                                                 ;00000000;00000;0000;                                                       ;00000000;00000;0000;                                                       ;00000000;00000;0000;                                                       ;00000000;00000;0000;                                                       ;00000000;00000;0000;                                                       ;00000000;00000;0000;                                                       ;00000000;00000;0000;                                                       ;00000000;00000;0000;                                                       ;00000000;00000;0000;                                                       ;00000000;00000;0000;                                                       ;00000000;00000;0000;                                                       ;00000000;00000;0000;                                                       ;00000000;00000;0000;                                                       ;00000000;00000;0000;                                                       ;00000000;00000;0000;                                                       ;00000000;00000;0000;                                                       ;00000000;00000;0000;                                                       ;00000000;00000;0000;                                                       ;00000000;00000;0000;                                                       ;00000000;00000;0000;                                                       ;00000000;00000;0000;                                                       ;00000000;00000;0000;                                                       ;00000000;00000;0000;                                                       ;00000000;00000;0000;                                                       ;00000000;00000;0000;                                                       ;00000000;00000;0000;                                                       ;00000000;00000;0000;                                                       ;00000000;00000;0000;                                                       ;00000000;00000;0000;                                                       ;00000000;00000;0000;                                                       ;00000000;00000;0000;                                                       ;00000000;00000;0000;                                                       ;00000000;00000;0000;                                                       ;00000000;00000;0000;                                                       ;00000000;00000;0000;                                                       ;00000000;00000;0000;                                                       ;00000000;00000;0000;                                                       ;00000000;00000;0000;                                                       ;00000000;00000;0000;                                                       ;00000000;00000;0000;                                                       ;00000000;00000;0000;                                                       ;00000000;00000;0000;                                                       ;00000000;00000;0000;                                                       ;00000000;00000;0000;                                                       ;00000000;00000;0000;                                                       ;00000000;00000;0000;                                                       ;00000000;00000;
2406100033;08;09;9;198;99;Mahamud                                           ;99;99;00001;00000105;00000105;10000;00000077;07333;00000028;02666;00000000;00000;00000001;00129;0022;PP                                                     ;00000032;04210;0017;PSOE                                                   ;00000026;03421;0021;VOX                                                    ;00000008;01052;0025;PODEMOS                                                ;00000002;00263;0032;SUMAR                                                  ;00000002;00263;0009;FO                                                     ;00000001;00131;0023;ESCAÑOS EN BLANCO                                      ;00000001;00131;0024;CRT                                                    ;00000001;00131;0029;PCPE/PCPC                                              ;00000001;00131;0042;AGRUPACIÓN DE ELECTORES "SE ACABÓ LA FIESTA"           ;00000001;00131;0072;EXISTE                                                 ;00000001;00131;0001;IZQESP                                                 ;00000000;00000;0002;CEUS                                                   ;00000000;00000;0010;AHORA REPÚBLICAS (ERC-EH BILDU-BNG-ARA MÉS)            ;00000000;00000;0060;JUNTS UE                                               ;00000000;00000;0019;ANDALUCISTAS                                           ;00000000;00000;0020;IE                                                     ;00000000;00000;0026;PFAC                                                   ;00000000;00000;0027;PCTE                                                   ;00000000;00000;0039;PACMA                                                  ;00000000;00000;0040;CREE EN EUROPA                                         ;00000000;00000;0041;PMR                                                    ;00000000;00000;0043;F                                                      ;00000000;00000;0046;Cs                                                     ;00000000;00000;0047;FE de las JONS                                         ;00000000;00000;0048;SAE                                                    ;00000000;00000;0049;J.U.E.X.                                               ;00000000;00000;0050;PH                                                     ;00000000;00000;0051;VOLT                                                   ;00000000;00000;0052;RECORTES CERO                                          ;00000000;00000;0063;EXTREMEÑOS                                             ;00000000;00000;0064;GLG                                                    ;00000000;00000;0065;PIRATAS / REBELDES                                     ;00000000;00000;0070;PREPAL                                                 ;00000000;00000;0000;                                                       ;00000000;00000;0000;                                                       ;00000000;00000;0000;                                                       ;00000000;00000;0000;                                                       ;00000000;00000;0000;                                                       ;00000000;00000;0000;                                                       ;00000000;00000;0000;                                                       ;00000000;00000;0000;                                                       ;00000000;00000;0000;                                                       ;00000000;00000;0000;                                                       ;00000000;00000;0000;                                                       ;00000000;00000;0000;                                                       ;00000000;00000;0000;                                                       ;00000000;00000;0000;                                                       ;00000000;00000;0000;                                                       ;00000000;00000;0000;                                                       ;00000000;00000;0000;                                                       ;00000000;00000;0000;                                                       ;00000000;00000;0000;                                                       ;00000000;00000;0000;                                                       ;00000000;00000;0000;                                                       ;00000000;00000;0000;                                                       ;00000000;00000;0000;                                                       ;00000000;00000;0000;                                                       ;00000000;00000;0000;                                                       ;00000000;00000;0000;                                                       ;00000000;00000;0000;                                                       ;00000000;00000;0000;                                                       ;00000000;00000;0000;                                                       ;00000000;00000;0000;                                                       ;00000000;00000;0000;                                                       ;00000000;00000;0000;                                                       ;00000000;00000;0000;                                                       ;00000000;00000;0000;                                                       ;00000000;00000;0000;                                                       ;00000000;00000;0000;                                                       ;00000000;00000;0000;                                                       ;00000000;00000;0000;                                                       ;00000000;00000;0000;                                                       ;00000000;00000;0000;                                                       ;00000000;00000;0000;                                                       ;00000000;00000;0000;                                                       ;00000000;00000;0000;                                                       ;00000000;00000;0000;                                                       ;00000000;00000;0000;                                                       ;00000000;00000;0000;                                                       ;00000000;00000;
2406100033;08;09;9;199;99;Mambrilla de Castrejón                            ;99;99;00001;00000089;00000089;10000;00000066;07415;00000023;02584;00000000;00000;00000001;00151;0022;PP                                                     ;00000031;04769;0021;VOX                                                    ;00000015;02307;0017;PSOE                                                   ;00000009;01384;0048;SAE                                                    ;00000004;00615;0042;AGRUPACIÓN DE ELECTORES "SE ACABÓ LA FIESTA"           ;00000003;00461;0009;FO                                                     ;00000001;00153;0010;AHORA REPÚBLICAS (ERC-EH BILDU-BNG-ARA MÉS)            ;00000001;00153;0032;SUMAR                                                  ;00000001;00153;0001;IZQESP                                                 ;00000000;00000;0002;CEUS                                                   ;00000000;00000;0060;JUNTS UE                                               ;00000000;00000;0019;ANDALUCISTAS                                           ;00000000;00000;0020;IE                                                     ;00000000;00000;0023;ESCAÑOS EN BLANCO                                      ;00000000;00000;0024;CRT                                                    ;00000000;00000;0025;PODEMOS                                                ;00000000;00000;0026;PFAC                                                   ;00000000;00000;0027;PCTE                                                   ;00000000;00000;0029;PCPE/PCPC                                              ;00000000;00000;0039;PACMA                                                  ;00000000;00000;0040;CREE EN EUROPA                                         ;00000000;00000;0041;PMR                                                    ;00000000;00000;0043;F                                                      ;00000000;00000;0072;EXISTE                                                 ;00000000;00000;0046;Cs                                                     ;00000000;00000;0047;FE de las JONS                                         ;00000000;00000;0049;J.U.E.X.                                               ;00000000;00000;0050;PH                                                     ;00000000;00000;0051;VOLT                                                   ;00000000;00000;0052;RECORTES CERO                                          ;00000000;00000;0063;EXTREMEÑOS                                             ;00000000;00000;0064;GLG                                                    ;00000000;00000;0065;PIRATAS / REBELDES                                     ;00000000;00000;0070;PREPAL                                                 ;00000000;00000;0000;                                                       ;00000000;00000;0000;                                                       ;00000000;00000;0000;                                                       ;00000000;00000;0000;                                                       ;00000000;00000;0000;                                                       ;00000000;00000;0000;                                                       ;00000000;00000;0000;                                                       ;00000000;00000;0000;                                                       ;00000000;00000;0000;                                                       ;00000000;00000;0000;                                                       ;00000000;00000;0000;                                                       ;00000000;00000;0000;                                                       ;00000000;00000;0000;                                                       ;00000000;00000;0000;                                                       ;00000000;00000;0000;                                                       ;00000000;00000;0000;                                                       ;00000000;00000;0000;                                                       ;00000000;00000;0000;                                                       ;00000000;00000;0000;                                                       ;00000000;00000;0000;                                                       ;00000000;00000;0000;                                                       ;00000000;00000;0000;                                                       ;00000000;00000;0000;                                                       ;00000000;00000;0000;                                                       ;00000000;00000;0000;                                                       ;00000000;00000;0000;                                                       ;00000000;00000;0000;                                                       ;00000000;00000;0000;                                                       ;00000000;00000;0000;                                                       ;00000000;00000;0000;                                                       ;00000000;00000;0000;                                                       ;00000000;00000;0000;                                                       ;00000000;00000;0000;                                                       ;00000000;00000;0000;                                                       ;00000000;00000;0000;                                                       ;00000000;00000;0000;                                                       ;00000000;00000;0000;                                                       ;00000000;00000;0000;                                                       ;00000000;00000;0000;                                                       ;00000000;00000;0000;                                                       ;00000000;00000;0000;                                                       ;00000000;00000;0000;                                                       ;00000000;00000;0000;                                                       ;00000000;00000;0000;                                                       ;00000000;00000;0000;                                                       ;00000000;00000;0000;                                                       ;00000000;00000;
2406100033;08;09;9;200;99;Mambrillas de Lara                                ;99;99;00001;00000055;00000055;10000;00000038;06909;00000017;03090;00000000;00000;00000001;00263;0022;PP                                                     ;00000014;03783;0017;PSOE                                                   ;00000013;03513;0021;VOX                                                    ;00000005;01351;0009;FO                                                     ;00000002;00540;0025;PODEMOS                                                ;00000001;00270;0032;SUMAR                                                  ;00000001;00270;0046;Cs                                                     ;00000001;00270;0001;IZQESP                                                 ;00000000;00000;0002;CEUS                                                   ;00000000;00000;0010;AHORA REPÚBLICAS (ERC-EH BILDU-BNG-ARA MÉS)            ;00000000;00000;0060;JUNTS UE                                               ;00000000;00000;0019;ANDALUCISTAS                                           ;00000000;00000;0020;IE                                                     ;00000000;00000;0023;ESCAÑOS EN BLANCO                                      ;00000000;00000;0024;CRT                                                    ;00000000;00000;0026;PFAC                                                   ;00000000;00000;0027;PCTE                                                   ;00000000;00000;0029;PCPE/PCPC                                              ;00000000;00000;0039;PACMA                                                  ;00000000;00000;0040;CREE EN EUROPA                                         ;00000000;00000;0041;PMR                                                    ;00000000;00000;0042;AGRUPACIÓN DE ELECTORES "SE ACABÓ LA FIESTA"           ;00000000;00000;0043;F                                                      ;00000000;00000;0072;EXISTE                                                 ;00000000;00000;0047;FE de las JONS                                         ;00000000;00000;0048;SAE                                                    ;00000000;00000;0049;J.U.E.X.                                               ;00000000;00000;0050;PH                                                     ;00000000;00000;0051;VOLT                                                   ;00000000;00000;0052;RECORTES CERO                                          ;00000000;00000;0063;EXTREMEÑOS                                             ;00000000;00000;0064;GLG                                                    ;00000000;00000;0065;PIRATAS / REBELDES                                     ;00000000;00000;0070;PREPAL                                                 ;00000000;00000;0000;                                                       ;00000000;00000;0000;                                                       ;00000000;00000;0000;                                                       ;00000000;00000;0000;                                                       ;00000000;00000;0000;                                                       ;00000000;00000;0000;                                                       ;00000000;00000;0000;                                                       ;00000000;00000;0000;                                                       ;00000000;00000;0000;                                                       ;00000000;00000;0000;                                                       ;00000000;00000;0000;                                                       ;00000000;00000;0000;                                                       ;00000000;00000;0000;                                                       ;00000000;00000;0000;                                                       ;00000000;00000;0000;                                                       ;00000000;00000;0000;                                                       ;00000000;00000;0000;                                                       ;00000000;00000;0000;                                                       ;00000000;00000;0000;                                                       ;00000000;00000;0000;                                                       ;00000000;00000;0000;                                                       ;00000000;00000;0000;                                                       ;00000000;00000;0000;                                                       ;00000000;00000;0000;                                                       ;00000000;00000;0000;                                                       ;00000000;00000;0000;                                                       ;00000000;00000;0000;                                                       ;00000000;00000;0000;                                                       ;00000000;00000;0000;                                                       ;00000000;00000;0000;                                                       ;00000000;00000;0000;                                                       ;00000000;00000;0000;                                                       ;00000000;00000;0000;                                                       ;00000000;00000;0000;                                                       ;00000000;00000;0000;                                                       ;00000000;00000;0000;                                                       ;00000000;00000;0000;                                                       ;00000000;00000;0000;                                                       ;00000000;00000;0000;                                                       ;00000000;00000;0000;                                                       ;00000000;00000;0000;                                                       ;00000000;00000;0000;                                                       ;00000000;00000;0000;                                                       ;00000000;00000;0000;                                                       ;00000000;00000;0000;                                                       ;00000000;00000;0000;                                                       ;00000000;00000;
2406100033;08;09;9;201;99;Mamolar                                           ;99;99;00001;00000024;00000024;10000;00000019;07916;00000005;02083;00000000;00000;00000000;00000;0022;PP                                                     ;00000010;05263;0017;PSOE                                                   ;00000005;02631;0021;VOX                                                    ;00000002;01052;0032;SUMAR                                                  ;00000001;00526;0048;SAE                                                    ;00000001;00526;0001;IZQESP                                                 ;00000000;00000;0002;CEUS                                                   ;00000000;00000;0009;FO                                                     ;00000000;00000;0010;AHORA REPÚBLICAS (ERC-EH BILDU-BNG-ARA MÉS)            ;00000000;00000;0060;JUNTS UE                                               ;00000000;00000;0019;ANDALUCISTAS                                           ;00000000;00000;0020;IE                                                     ;00000000;00000;0023;ESCAÑOS EN BLANCO                                      ;00000000;00000;0024;CRT                                                    ;00000000;00000;0025;PODEMOS                                                ;00000000;00000;0026;PFAC                                                   ;00000000;00000;0027;PCTE                                                   ;00000000;00000;0029;PCPE/PCPC                                              ;00000000;00000;0039;PACMA                                                  ;00000000;00000;0040;CREE EN EUROPA                                         ;00000000;00000;0041;PMR                                                    ;00000000;00000;0042;AGRUPACIÓN DE ELECTORES "SE ACABÓ LA FIESTA"           ;00000000;00000;0043;F                                                      ;00000000;00000;0072;EXISTE                                                 ;00000000;00000;0046;Cs                                                     ;00000000;00000;0047;FE de las JONS                                         ;00000000;00000;0049;J.U.E.X.                                               ;00000000;00000;0050;PH                                                     ;00000000;00000;0051;VOLT                                                   ;00000000;00000;0052;RECORTES CERO                                          ;00000000;00000;0063;EXTREMEÑOS                                             ;00000000;00000;0064;GLG                                                    ;00000000;00000;0065;PIRATAS / REBELDES                                     ;00000000;00000;0070;PREPAL                                                 ;00000000;00000;0000;                                                       ;00000000;00000;0000;                                                       ;00000000;00000;0000;                                                       ;00000000;00000;0000;                                                       ;00000000;00000;0000;                                                       ;00000000;00000;0000;                                                       ;00000000;00000;0000;                                                       ;00000000;00000;0000;                                                       ;00000000;00000;0000;                                                       ;00000000;00000;0000;                                                       ;00000000;00000;0000;                                                       ;00000000;00000;0000;                                                       ;00000000;00000;0000;                                                       ;00000000;00000;0000;                                                       ;00000000;00000;0000;                                                       ;00000000;00000;0000;                                                       ;00000000;00000;0000;                                                       ;00000000;00000;0000;                                                       ;00000000;00000;0000;                                                       ;00000000;00000;0000;                                                       ;00000000;00000;0000;                                                       ;00000000;00000;0000;                                                       ;00000000;00000;0000;                                                       ;00000000;00000;0000;                                                       ;00000000;00000;0000;                                                       ;00000000;00000;0000;                                                       ;00000000;00000;0000;                                                       ;00000000;00000;0000;                                                       ;00000000;00000;0000;                                                       ;00000000;00000;0000;                                                       ;00000000;00000;0000;                                                       ;00000000;00000;0000;                                                       ;00000000;00000;0000;                                                       ;00000000;00000;0000;                                                       ;00000000;00000;0000;                                                       ;00000000;00000;0000;                                                       ;00000000;00000;0000;                                                       ;00000000;00000;0000;                                                       ;00000000;00000;0000;                                                       ;00000000;00000;0000;                                                       ;00000000;00000;0000;                                                       ;00000000;00000;0000;                                                       ;00000000;00000;0000;                                                       ;00000000;00000;0000;                                                       ;00000000;00000;0000;                                                       ;00000000;00000;0000;                                                       ;00000000;00000;
2406100033;08;09;9;202;99;Manciles                                          ;99;99;00001;00000021;00000021;10000;00000019;09047;00000002;00952;00000001;00555;00000001;00526;0022;PP                                                     ;00000012;06666;0042;AGRUPACIÓN DE ELECTORES "SE ACABÓ LA FIESTA"           ;00000002;01111;0017;PSOE                                                   ;00000001;00555;0041;PMR                                                    ;00000001;00555;0048;SAE                                                    ;00000001;00555;0001;IZQESP                                                 ;00000000;00000;0002;CEUS                                                   ;00000000;00000;0009;FO                                                     ;00000000;00000;0010;AHORA REPÚBLICAS (ERC-EH BILDU-BNG-ARA MÉS)            ;00000000;00000;0060;JUNTS UE                                               ;00000000;00000;0019;ANDALUCISTAS                                           ;00000000;00000;0020;IE                                                     ;00000000;00000;0021;VOX                                                    ;00000000;00000;0023;ESCAÑOS EN BLANCO                                      ;00000000;00000;0024;CRT                                                    ;00000000;00000;0025;PODEMOS                                                ;00000000;00000;0026;PFAC                                                   ;00000000;00000;0027;PCTE                                                   ;00000000;00000;0029;PCPE/PCPC                                              ;00000000;00000;0032;SUMAR                                                  ;00000000;00000;0039;PACMA                                                  ;00000000;00000;0040;CREE EN EUROPA                                         ;00000000;00000;0043;F                                                      ;00000000;00000;0072;EXISTE                                                 ;00000000;00000;0046;Cs                                                     ;00000000;00000;0047;FE de las JONS                                         ;00000000;00000;0049;J.U.E.X.                                               ;00000000;00000;0050;PH                                                     ;00000000;00000;0051;VOLT                                                   ;00000000;00000;0052;RECORTES CERO                                          ;00000000;00000;0063;EXTREMEÑOS                                             ;00000000;00000;0064;GLG                                                    ;00000000;00000;0065;PIRATAS / REBELDES                                     ;00000000;00000;0070;PREPAL                                                 ;00000000;00000;0000;                                                       ;00000000;00000;0000;                                                       ;00000000;00000;0000;                                                       ;00000000;00000;0000;                                                       ;00000000;00000;0000;                                                       ;00000000;00000;0000;                                                       ;00000000;00000;0000;                                                       ;00000000;00000;0000;                                                       ;00000000;00000;0000;                                                       ;00000000;00000;0000;                                                       ;00000000;00000;0000;                                                       ;00000000;00000;0000;                                                       ;00000000;00000;0000;                                                       ;00000000;00000;0000;                                                       ;00000000;00000;0000;                                                       ;00000000;00000;0000;                                                       ;00000000;00000;0000;                                                       ;00000000;00000;0000;                                                       ;00000000;00000;0000;                                                       ;00000000;00000;0000;                                                       ;00000000;00000;0000;                                                       ;00000000;00000;0000;                                                       ;00000000;00000;0000;                                                       ;00000000;00000;0000;                                                       ;00000000;00000;0000;                                                       ;00000000;00000;0000;                                                       ;00000000;00000;0000;                                                       ;00000000;00000;0000;                                                       ;00000000;00000;0000;                                                       ;00000000;00000;0000;                                                       ;00000000;00000;0000;                                                       ;00000000;00000;0000;                                                       ;00000000;00000;0000;                                                       ;00000000;00000;0000;                                                       ;00000000;00000;0000;                                                       ;00000000;00000;0000;                                                       ;00000000;00000;0000;                                                       ;00000000;00000;0000;                                                       ;00000000;00000;0000;                                                       ;00000000;00000;0000;                                                       ;00000000;00000;0000;                                                       ;00000000;00000;0000;                                                       ;00000000;00000;0000;                                                       ;00000000;00000;0000;                                                       ;00000000;00000;0000;                                                       ;00000000;00000;0000;                                                       ;00000000;00000;
2406100033;08;09;9;206;99;Mazuela                                           ;99;99;00001;00000052;00000052;10000;00000045;08653;00000007;01346;00000000;00000;00000000;00000;0022;PP                                                     ;00000027;06000;0017;PSOE                                                   ;00000006;01333;0021;VOX                                                    ;00000006;01333;0042;AGRUPACIÓN DE ELECTORES "SE ACABÓ LA FIESTA"           ;00000003;00666;0025;PODEMOS                                                ;00000002;00444;0032;SUMAR                                                  ;00000001;00222;0001;IZQESP                                                 ;00000000;00000;0002;CEUS                                                   ;00000000;00000;0009;FO                                                     ;00000000;00000;0010;AHORA REPÚBLICAS (ERC-EH BILDU-BNG-ARA MÉS)            ;00000000;00000;0060;JUNTS UE                                               ;00000000;00000;0019;ANDALUCISTAS                                           ;00000000;00000;0020;IE                                                     ;00000000;00000;0023;ESCAÑOS EN BLANCO                                      ;00000000;00000;0024;CRT                                                    ;00000000;00000;0026;PFAC                                                   ;00000000;00000;0027;PCTE                                                   ;00000000;00000;0029;PCPE/PCPC                                              ;00000000;00000;0039;PACMA                                                  ;00000000;00000;0040;CREE EN EUROPA                                         ;00000000;00000;0041;PMR                                                    ;00000000;00000;0043;F                                                      ;00000000;00000;0072;EXISTE                                                 ;00000000;00000;0046;Cs                                                     ;00000000;00000;0047;FE de las JONS                                         ;00000000;00000;0048;SAE                                                    ;00000000;00000;0049;J.U.E.X.                                               ;00000000;00000;0050;PH                                                     ;00000000;00000;0051;VOLT                                                   ;00000000;00000;0052;RECORTES CERO                                          ;00000000;00000;0063;EXTREMEÑOS                                             ;00000000;00000;0064;GLG                                                    ;00000000;00000;0065;PIRATAS / REBELDES                                     ;00000000;00000;0070;PREPAL                                                 ;00000000;00000;0000;                                                       ;00000000;00000;0000;                                                       ;00000000;00000;0000;                                                       ;00000000;00000;0000;                                                       ;00000000;00000;0000;                                                       ;00000000;00000;0000;                                                       ;00000000;00000;0000;                                                       ;00000000;00000;0000;                                                       ;00000000;00000;0000;                                                       ;00000000;00000;0000;                                                       ;00000000;00000;0000;                                                       ;00000000;00000;0000;                                                       ;00000000;00000;0000;                                                       ;00000000;00000;0000;                                                       ;00000000;00000;0000;                                                       ;00000000;00000;0000;                                                       ;00000000;00000;0000;                                                       ;00000000;00000;0000;                                                       ;00000000;00000;0000;                                                       ;00000000;00000;0000;                                                       ;00000000;00000;0000;                                                       ;00000000;00000;0000;                                                       ;00000000;00000;0000;                                                       ;00000000;00000;0000;                                                       ;00000000;00000;0000;                                                       ;00000000;00000;0000;                                                       ;00000000;00000;0000;                                                       ;00000000;00000;0000;                                                       ;00000000;00000;0000;                                                       ;00000000;00000;0000;                                                       ;00000000;00000;0000;                                                       ;00000000;00000;0000;                                                       ;00000000;00000;0000;                                                       ;00000000;00000;0000;                                                       ;00000000;00000;0000;                                                       ;00000000;00000;0000;                                                       ;00000000;00000;0000;                                                       ;00000000;00000;0000;                                                       ;00000000;00000;0000;                                                       ;00000000;00000;0000;                                                       ;00000000;00000;0000;                                                       ;00000000;00000;0000;                                                       ;00000000;00000;0000;                                                       ;00000000;00000;0000;                                                       ;00000000;00000;0000;                                                       ;00000000;00000;0000;                                                       ;00000000;00000;
2406100033;08;09;9;208;99;Mecerreyes                                        ;99;99;00001;00000171;00000171;10000;00000091;05321;00000080;04678;00000002;00219;00000000;00000;0022;PP                                                     ;00000045;04945;0017;PSOE                                                   ;00000021;02307;0021;VOX                                                    ;00000010;01098;0048;SAE                                                    ;00000004;00439;0032;SUMAR                                                  ;00000002;00219;0042;AGRUPACIÓN DE ELECTORES "SE ACABÓ LA FIESTA"           ;00000002;00219;0025;PODEMOS                                                ;00000001;00109;0039;PACMA                                                  ;00000001;00109;0072;EXISTE                                                 ;00000001;00109;0051;VOLT                                                   ;00000001;00109;0063;EXTREMEÑOS                                             ;00000001;00109;0001;IZQESP                                                 ;00000000;00000;0002;CEUS                                                   ;00000000;00000;0009;FO                                                     ;00000000;00000;0010;AHORA REPÚBLICAS (ERC-EH BILDU-BNG-ARA MÉS)            ;00000000;00000;0060;JUNTS UE                                               ;00000000;00000;0019;ANDALUCISTAS                                           ;00000000;00000;0020;IE                                                     ;00000000;00000;0023;ESCAÑOS EN BLANCO                                      ;00000000;00000;0024;CRT                                                    ;00000000;00000;0026;PFAC                                                   ;00000000;00000;0027;PCTE                                                   ;00000000;00000;0029;PCPE/PCPC                                              ;00000000;00000;0040;CREE EN EUROPA                                         ;00000000;00000;0041;PMR                                                    ;00000000;00000;0043;F                                                      ;00000000;00000;0046;Cs                                                     ;00000000;00000;0047;FE de las JONS                                         ;00000000;00000;0049;J.U.E.X.                                               ;00000000;00000;0050;PH                                                     ;00000000;00000;0052;RECORTES CERO                                          ;00000000;00000;0064;GLG                                                    ;00000000;00000;0065;PIRATAS / REBELDES                                     ;00000000;00000;0070;PREPAL                                                 ;00000000;00000;0000;                                                       ;00000000;00000;0000;                                                       ;00000000;00000;0000;                                                       ;00000000;00000;0000;                                                       ;00000000;00000;0000;                                                       ;00000000;00000;0000;                                                       ;00000000;00000;0000;                                                       ;00000000;00000;0000;                                                       ;00000000;00000;0000;                                                       ;00000000;00000;0000;                                                       ;00000000;00000;0000;                                                       ;00000000;00000;0000;                                                       ;00000000;00000;0000;                                                       ;00000000;00000;0000;                                                       ;00000000;00000;0000;                                                       ;00000000;00000;0000;                                                       ;00000000;00000;0000;                                                       ;00000000;00000;0000;                                                       ;00000000;00000;0000;                                                       ;00000000;00000;0000;                                                       ;00000000;00000;0000;                                                       ;00000000;00000;0000;                                                       ;00000000;00000;0000;                                                       ;00000000;00000;0000;                                                       ;00000000;00000;0000;                                                       ;00000000;00000;0000;                                                       ;00000000;00000;0000;                                                       ;00000000;00000;0000;                                                       ;00000000;00000;0000;                                                       ;00000000;00000;0000;                                                       ;00000000;00000;0000;                                                       ;00000000;00000;0000;                                                       ;00000000;00000;0000;                                                       ;00000000;00000;0000;                                                       ;00000000;00000;0000;                                                       ;00000000;00000;0000;                                                       ;00000000;00000;0000;                                                       ;00000000;00000;0000;                                                       ;00000000;00000;0000;                                                       ;00000000;00000;0000;                                                       ;00000000;00000;0000;                                                       ;00000000;00000;0000;                                                       ;00000000;00000;0000;                                                       ;00000000;00000;0000;                                                       ;00000000;00000;0000;                                                       ;00000000;00000;0000;                                                       ;00000000;00000;
2406100033;08;09;9;209;99;Medina de Pomar                                   ;99;99;00008;00004602;00004602;10000;00002354;05115;00002248;04884;00000021;00090;00000028;00118;0022;PP                                                     ;00001090;04686;0017;PSOE                                                   ;00000601;02583;0021;VOX                                                    ;00000291;01251;0042;AGRUPACIÓN DE ELECTORES "SE ACABÓ LA FIESTA"           ;00000121;00520;0025;PODEMOS                                                ;00000050;00214;0032;SUMAR                                                  ;00000050;00214;0010;AHORA REPÚBLICAS (ERC-EH BILDU-BNG-ARA MÉS)            ;00000013;00055;0072;EXISTE                                                 ;00000012;00051;0039;PACMA                                                  ;00000011;00047;0046;Cs                                                     ;00000011;00047;0009;FO                                                     ;00000006;00025;0001;IZQESP                                                 ;00000005;00021;0026;PFAC                                                   ;00000005;00021;0043;F                                                      ;00000005;00021;0002;CEUS                                                   ;00000004;00017;0023;ESCAÑOS EN BLANCO                                      ;00000004;00017;0027;PCTE                                                   ;00000004;00017;0051;VOLT                                                   ;00000004;00017;0020;IE                                                     ;00000003;00012;0040;CREE EN EUROPA                                         ;00000003;00012;0048;SAE                                                    ;00000003;00012;0047;FE de las JONS                                         ;00000002;00008;0065;PIRATAS / REBELDES                                     ;00000002;00008;0019;ANDALUCISTAS                                           ;00000001;00004;0029;PCPE/PCPC                                              ;00000001;00004;0041;PMR                                                    ;00000001;00004;0050;PH                                                     ;00000001;00004;0063;EXTREMEÑOS                                             ;00000001;00004;0060;JUNTS UE                                               ;00000000;00000;0024;CRT                                                    ;00000000;00000;0049;J.U.E.X.                                               ;00000000;00000;0052;RECORTES CERO                                          ;00000000;00000;0064;GLG                                                    ;00000000;00000;0070;PREPAL                                                 ;00000000;00000;0000;                                                       ;00000000;00000;0000;                                                       ;00000000;00000;0000;                                                       ;00000000;00000;0000;                                                       ;00000000;00000;0000;                                                       ;00000000;00000;0000;                                                       ;00000000;00000;0000;                                                       ;00000000;00000;0000;                                                       ;00000000;00000;0000;                                                       ;00000000;00000;0000;                                                       ;00000000;00000;0000;                                                       ;00000000;00000;0000;                                                       ;00000000;00000;0000;                                                       ;00000000;00000;0000;                                                       ;00000000;00000;0000;                                                       ;00000000;00000;0000;                                                       ;00000000;00000;0000;                                                       ;00000000;00000;0000;                                                       ;00000000;00000;0000;                                                       ;00000000;00000;0000;                                                       ;00000000;00000;0000;                                                       ;00000000;00000;0000;                                                       ;00000000;00000;0000;                                                       ;00000000;00000;0000;                                                       ;00000000;00000;0000;                                                       ;00000000;00000;0000;                                                       ;00000000;00000;0000;                                                       ;00000000;00000;0000;                                                       ;00000000;00000;0000;                                                       ;00000000;00000;0000;                                                       ;00000000;00000;0000;                                                       ;00000000;00000;0000;                                                       ;00000000;00000;0000;                                                       ;00000000;00000;0000;                                                       ;00000000;00000;0000;                                                       ;00000000;00000;0000;                                                       ;00000000;00000;0000;                                                       ;00000000;00000;0000;                                                       ;00000000;00000;0000;                                                       ;00000000;00000;0000;                                                       ;00000000;00000;0000;                                                       ;00000000;00000;0000;                                                       ;00000000;00000;0000;                                                       ;00000000;00000;0000;                                                       ;00000000;00000;0000;                                                       ;00000000;00000;0000;                                                       ;00000000;00000;
2406100033;08;09;9;211;99;Melgar de Fernamental                             ;99;99;00002;00001259;00001259;10000;00000674;05353;00000585;04646;00000004;00059;00000002;00029;0022;PP                                                     ;00000358;05327;0017;PSOE                                                   ;00000186;02767;0021;VOX                                                    ;00000064;00952;0042;AGRUPACIÓN DE ELECTORES "SE ACABÓ LA FIESTA"           ;00000016;00238;0032;SUMAR                                                  ;00000015;00223;0046;Cs                                                     ;00000006;00089;0025;PODEMOS                                                ;00000005;00074;0072;EXISTE                                                 ;00000004;00059;0039;PACMA                                                  ;00000003;00044;0070;PREPAL                                                 ;00000003;00044;0009;FO                                                     ;00000002;00029;0048;SAE                                                    ;00000002;00029;0002;CEUS                                                   ;00000001;00014;0023;ESCAÑOS EN BLANCO                                      ;00000001;00014;0051;VOLT                                                   ;00000001;00014;0052;RECORTES CERO                                          ;00000001;00014;0001;IZQESP                                                 ;00000000;00000;0010;AHORA REPÚBLICAS (ERC-EH BILDU-BNG-ARA MÉS)            ;00000000;00000;0060;JUNTS UE                                               ;00000000;00000;0019;ANDALUCISTAS                                           ;00000000;00000;0020;IE                                                     ;00000000;00000;0024;CRT                                                    ;00000000;00000;0026;PFAC                                                   ;00000000;00000;0027;PCTE                                                   ;00000000;00000;0029;PCPE/PCPC                                              ;00000000;00000;0040;CREE EN EUROPA                                         ;00000000;00000;0041;PMR                                                    ;00000000;00000;0043;F                                                      ;00000000;00000;0047;FE de las JONS                                         ;00000000;00000;0049;J.U.E.X.                                               ;00000000;00000;0050;PH                                                     ;00000000;00000;0063;EXTREMEÑOS                                             ;00000000;00000;0064;GLG                                                    ;00000000;00000;0065;PIRATAS / REBELDES                                     ;00000000;00000;0000;                                                       ;00000000;00000;0000;                                                       ;00000000;00000;0000;                                                       ;00000000;00000;0000;                                                       ;00000000;00000;0000;                                                       ;00000000;00000;0000;                                                       ;00000000;00000;0000;                                                       ;00000000;00000;0000;                                                       ;00000000;00000;0000;                                                       ;00000000;00000;0000;                                                       ;00000000;00000;0000;                                                       ;00000000;00000;0000;                                                       ;00000000;00000;0000;                                                       ;00000000;00000;0000;                                                       ;00000000;00000;0000;                                                       ;00000000;00000;0000;                                                       ;00000000;00000;0000;                                                       ;00000000;00000;0000;                                                       ;00000000;00000;0000;                                                       ;00000000;00000;0000;                                                       ;00000000;00000;0000;                                                       ;00000000;00000;0000;                                                       ;00000000;00000;0000;                                                       ;00000000;00000;0000;                                                       ;00000000;00000;0000;                                                       ;00000000;00000;0000;                                                       ;00000000;00000;0000;                                                       ;00000000;00000;0000;                                                       ;00000000;00000;0000;                                                       ;00000000;00000;0000;                                                       ;00000000;00000;0000;                                                       ;00000000;00000;0000;                                                       ;00000000;00000;0000;                                                       ;00000000;00000;0000;                                                       ;00000000;00000;0000;                                                       ;00000000;00000;0000;                                                       ;00000000;00000;0000;                                                       ;00000000;00000;0000;                                                       ;00000000;00000;0000;                                                       ;00000000;00000;0000;                                                       ;00000000;00000;0000;                                                       ;00000000;00000;0000;                                                       ;00000000;00000;0000;                                                       ;00000000;00000;0000;                                                       ;00000000;00000;0000;                                                       ;00000000;00000;0000;                                                       ;00000000;00000;
2406100033;08;09;9;213;99;Merindad de Cuesta-Urria                          ;99;99;00001;00000252;00000252;10000;00000155;06150;00000097;03849;00000002;00130;00000002;00129;0022;PP                                                     ;00000070;04575;0017;PSOE                                                   ;00000036;02352;0021;VOX                                                    ;00000018;01176;0032;SUMAR                                                  ;00000008;00522;0025;PODEMOS                                                ;00000006;00392;0042;AGRUPACIÓN DE ELECTORES "SE ACABÓ LA FIESTA"           ;00000005;00326;0009;FO                                                     ;00000002;00130;0046;Cs                                                     ;00000002;00130;0001;IZQESP                                                 ;00000001;00065;0010;AHORA REPÚBLICAS (ERC-EH BILDU-BNG-ARA MÉS)            ;00000001;00065;0039;PACMA                                                  ;00000001;00065;0048;SAE                                                    ;00000001;00065;0002;CEUS                                                   ;00000000;00000;0060;JUNTS UE                                               ;00000000;00000;0019;ANDALUCISTAS                                           ;00000000;00000;0020;IE                                                     ;00000000;00000;0023;ESCAÑOS EN BLANCO                                      ;00000000;00000;0024;CRT                                                    ;00000000;00000;0026;PFAC                                                   ;00000000;00000;0027;PCTE                                                   ;00000000;00000;0029;PCPE/PCPC                                              ;00000000;00000;0040;CREE EN EUROPA                                         ;00000000;00000;0041;PMR                                                    ;00000000;00000;0043;F                                                      ;00000000;00000;0072;EXISTE                                                 ;00000000;00000;0047;FE de las JONS                                         ;00000000;00000;0049;J.U.E.X.                                               ;00000000;00000;0050;PH                                                     ;00000000;00000;0051;VOLT                                                   ;00000000;00000;0052;RECORTES CERO                                          ;00000000;00000;0063;EXTREMEÑOS                                             ;00000000;00000;0064;GLG                                                    ;00000000;00000;0065;PIRATAS / REBELDES                                     ;00000000;00000;0070;PREPAL                                                 ;00000000;00000;0000;                                                       ;00000000;00000;0000;                                                       ;00000000;00000;0000;                                                       ;00000000;00000;0000;                                                       ;00000000;00000;0000;                                                       ;00000000;00000;0000;                                                       ;00000000;00000;0000;                                                       ;00000000;00000;0000;                                                       ;00000000;00000;0000;                                                       ;00000000;00000;0000;                                                       ;00000000;00000;0000;                                                       ;00000000;00000;0000;                                                       ;00000000;00000;0000;                                                       ;00000000;00000;0000;                                                       ;00000000;00000;0000;                                                       ;00000000;00000;0000;                                                       ;00000000;00000;0000;                                                       ;00000000;00000;0000;                                                       ;00000000;00000;0000;                                                       ;00000000;00000;0000;                                                       ;00000000;00000;0000;                                                       ;00000000;00000;0000;                                                       ;00000000;00000;0000;                                                       ;00000000;00000;0000;                                                       ;00000000;00000;0000;                                                       ;00000000;00000;0000;                                                       ;00000000;00000;0000;                                                       ;00000000;00000;0000;                                                       ;00000000;00000;0000;                                                       ;00000000;00000;0000;                                                       ;00000000;00000;0000;                                                       ;00000000;00000;0000;                                                       ;00000000;00000;0000;                                                       ;00000000;00000;0000;                                                       ;00000000;00000;0000;                                                       ;00000000;00000;0000;                                                       ;00000000;00000;0000;                                                       ;00000000;00000;0000;                                                       ;00000000;00000;0000;                                                       ;00000000;00000;0000;                                                       ;00000000;00000;0000;                                                       ;00000000;00000;0000;                                                       ;00000000;00000;0000;                                                       ;00000000;00000;0000;                                                       ;00000000;00000;0000;                                                       ;00000000;00000;0000;                                                       ;00000000;00000;
2406100033;08;09;9;214;99;Merindad de Montija                               ;99;99;00001;00000656;00000656;10000;00000301;04588;00000355;05411;00000001;00033;00000000;00000;0017;PSOE                                                   ;00000115;03820;0022;PP                                                     ;00000100;03322;0021;VOX                                                    ;00000031;01029;0032;SUMAR                                                  ;00000016;00531;0042;AGRUPACIÓN DE ELECTORES "SE ACABÓ LA FIESTA"           ;00000012;00398;0010;AHORA REPÚBLICAS (ERC-EH BILDU-BNG-ARA MÉS)            ;00000007;00232;0025;PODEMOS                                                ;00000006;00199;0009;FO                                                     ;00000003;00099;0027;PCTE                                                   ;00000003;00099;0046;Cs                                                     ;00000003;00099;0026;PFAC                                                   ;00000002;00066;0023;ESCAÑOS EN BLANCO                                      ;00000001;00033;0072;EXISTE                                                 ;00000001;00033;0001;IZQESP                                                 ;00000000;00000;0002;CEUS                                                   ;00000000;00000;0060;JUNTS UE                                               ;00000000;00000;0019;ANDALUCISTAS                                           ;00000000;00000;0020;IE                                                     ;00000000;00000;0024;CRT                                                    ;00000000;00000;0029;PCPE/PCPC                                              ;00000000;00000;0039;PACMA                                                  ;00000000;00000;0040;CREE EN EUROPA                                         ;00000000;00000;0041;PMR                                                    ;00000000;00000;0043;F                                                      ;00000000;00000;0047;FE de las JONS                                         ;00000000;00000;0048;SAE                                                    ;00000000;00000;0049;J.U.E.X.                                               ;00000000;00000;0050;PH                                                     ;00000000;00000;0051;VOLT                                                   ;00000000;00000;0052;RECORTES CERO                                          ;00000000;00000;0063;EXTREMEÑOS                                             ;00000000;00000;0064;GLG                                                    ;00000000;00000;0065;PIRATAS / REBELDES                                     ;00000000;00000;0070;PREPAL                                                 ;00000000;00000;0000;                                                       ;00000000;00000;0000;                                                       ;00000000;00000;0000;                                                       ;00000000;00000;0000;                                                       ;00000000;00000;0000;                                                       ;00000000;00000;0000;                                                       ;00000000;00000;0000;                                                       ;00000000;00000;0000;                                                       ;00000000;00000;0000;                                                       ;00000000;00000;0000;                                                       ;00000000;00000;0000;                                                       ;00000000;00000;0000;                                                       ;00000000;00000;0000;                                                       ;00000000;00000;0000;                                                       ;00000000;00000;0000;                                                       ;00000000;00000;0000;                                                       ;00000000;00000;0000;                                                       ;00000000;00000;0000;                                                       ;00000000;00000;0000;                                                       ;00000000;00000;0000;                                                       ;00000000;00000;0000;                                                       ;00000000;00000;0000;                                                       ;00000000;00000;0000;                                                       ;00000000;00000;0000;                                                       ;00000000;00000;0000;                                                       ;00000000;00000;0000;                                                       ;00000000;00000;0000;                                                       ;00000000;00000;0000;                                                       ;00000000;00000;0000;                                                       ;00000000;00000;0000;                                                       ;00000000;00000;0000;                                                       ;00000000;00000;0000;                                                       ;00000000;00000;0000;                                                       ;00000000;00000;0000;                                                       ;00000000;00000;0000;                                                       ;00000000;00000;0000;                                                       ;00000000;00000;0000;                                                       ;00000000;00000;0000;                                                       ;00000000;00000;0000;                                                       ;00000000;00000;0000;                                                       ;00000000;00000;0000;                                                       ;00000000;00000;0000;                                                       ;00000000;00000;0000;                                                       ;00000000;00000;0000;                                                       ;00000000;00000;0000;                                                       ;00000000;00000;0000;                                                       ;00000000;00000;
2406100033;08;09;9;215;99;Merindad de Sotoscueva                            ;99;99;00001;00000351;00000351;10000;00000185;05270;00000166;04729;00000003;00163;00000001;00054;0022;PP                                                     ;00000087;04728;0017;PSOE                                                   ;00000052;02826;0021;VOX                                                    ;00000018;00978;0025;PODEMOS                                                ;00000007;00380;0032;SUMAR                                                  ;00000007;00380;0042;AGRUPACIÓN DE ELECTORES "SE ACABÓ LA FIESTA"           ;00000006;00326;0010;AHORA REPÚBLICAS (ERC-EH BILDU-BNG-ARA MÉS)            ;00000001;00054;0027;PCTE                                                   ;00000001;00054;0039;PACMA                                                  ;00000001;00054;0051;VOLT                                                   ;00000001;00054;0001;IZQESP                                                 ;00000000;00000;0002;CEUS                                                   ;00000000;00000;0009;FO                                                     ;00000000;00000;0060;JUNTS UE                                               ;00000000;00000;0019;ANDALUCISTAS                                           ;00000000;00000;0020;IE                                                     ;00000000;00000;0023;ESCAÑOS EN BLANCO                                      ;00000000;00000;0024;CRT                                                    ;00000000;00000;0026;PFAC                                                   ;00000000;00000;0029;PCPE/PCPC                                              ;00000000;00000;0040;CREE EN EUROPA                                         ;00000000;00000;0041;PMR                                                    ;00000000;00000;0043;F                                                      ;00000000;00000;0072;EXISTE                                                 ;00000000;00000;0046;Cs                                                     ;00000000;00000;0047;FE de las JONS                                         ;00000000;00000;0048;SAE                                                    ;00000000;00000;0049;J.U.E.X.                                               ;00000000;00000;0050;PH                                                     ;00000000;00000;0052;RECORTES CERO                                          ;00000000;00000;0063;EXTREMEÑOS                                             ;00000000;00000;0064;GLG                                                    ;00000000;00000;0065;PIRATAS / REBELDES                                     ;00000000;00000;0070;PREPAL                                                 ;00000000;00000;0000;                                                       ;00000000;00000;0000;                                                       ;00000000;00000;0000;                                                       ;00000000;00000;0000;                                                       ;00000000;00000;0000;                                                       ;00000000;00000;0000;                                                       ;00000000;00000;0000;                                                       ;00000000;00000;0000;                                                       ;00000000;00000;0000;                                                       ;00000000;00000;0000;                                                       ;00000000;00000;0000;                                                       ;00000000;00000;0000;                                                       ;00000000;00000;0000;                                                       ;00000000;00000;0000;                                                       ;00000000;00000;0000;                                                       ;00000000;00000;0000;                                                       ;00000000;00000;0000;                                                       ;00000000;00000;0000;                                                       ;00000000;00000;0000;                                                       ;00000000;00000;0000;                                                       ;00000000;00000;0000;                                                       ;00000000;00000;0000;                                                       ;00000000;00000;0000;                                                       ;00000000;00000;0000;                                                       ;00000000;00000;0000;                                                       ;00000000;00000;0000;                                                       ;00000000;00000;0000;                                                       ;00000000;00000;0000;                                                       ;00000000;00000;0000;                                                       ;00000000;00000;0000;                                                       ;00000000;00000;0000;                                                       ;00000000;00000;0000;                                                       ;00000000;00000;0000;                                                       ;00000000;00000;0000;                                                       ;00000000;00000;0000;                                                       ;00000000;00000;0000;                                                       ;00000000;00000;0000;                                                       ;00000000;00000;0000;                                                       ;00000000;00000;0000;                                                       ;00000000;00000;0000;                                                       ;00000000;00000;0000;                                                       ;00000000;00000;0000;                                                       ;00000000;00000;0000;                                                       ;00000000;00000;0000;                                                       ;00000000;00000;0000;                                                       ;00000000;00000;0000;                                                       ;00000000;00000;
2406100033;08;09;9;216;99;Merindad de Valdeporres                           ;99;99;00001;00000373;00000373;10000;00000202;05415;00000171;04584;00000002;00101;00000005;00247;0022;PP                                                     ;00000078;03959;0017;PSOE                                                   ;00000063;03197;0021;VOX                                                    ;00000028;01421;0032;SUMAR                                                  ;00000008;00406;0042;AGRUPACIÓN DE ELECTORES "SE ACABÓ LA FIESTA"           ;00000005;00253;0010;AHORA REPÚBLICAS (ERC-EH BILDU-BNG-ARA MÉS)            ;00000004;00203;0025;PODEMOS                                                ;00000004;00203;0039;PACMA                                                  ;00000002;00101;0027;PCTE                                                   ;00000001;00050;0029;PCPE/PCPC                                              ;00000001;00050;0046;Cs                                                     ;00000001;00050;0001;IZQESP                                                 ;00000000;00000;0002;CEUS                                                   ;00000000;00000;0009;FO                                                     ;00000000;00000;0060;JUNTS UE                                               ;00000000;00000;0019;ANDALUCISTAS                                           ;00000000;00000;0020;IE                                                     ;00000000;00000;0023;ESCAÑOS EN BLANCO                                      ;00000000;00000;0024;CRT                                                    ;00000000;00000;0026;PFAC                                                   ;00000000;00000;0040;CREE EN EUROPA                                         ;00000000;00000;0041;PMR                                                    ;00000000;00000;0043;F                                                      ;00000000;00000;0072;EXISTE                                                 ;00000000;00000;0047;FE de las JONS                                         ;00000000;00000;0048;SAE                                                    ;00000000;00000;0049;J.U.E.X.                                               ;00000000;00000;0050;PH                                                     ;00000000;00000;0051;VOLT                                                   ;00000000;00000;0052;RECORTES CERO                                          ;00000000;00000;0063;EXTREMEÑOS                                             ;00000000;00000;0064;GLG                                                    ;00000000;00000;0065;PIRATAS / REBELDES                                     ;00000000;00000;0070;PREPAL                                                 ;00000000;00000;0000;                                                       ;00000000;00000;0000;                                                       ;00000000;00000;0000;                                                       ;00000000;00000;0000;                                                       ;00000000;00000;0000;                                                       ;00000000;00000;0000;                                                       ;00000000;00000;0000;                                                       ;00000000;00000;0000;                                                       ;00000000;00000;0000;                                                       ;00000000;00000;0000;                                                       ;00000000;00000;0000;                                                       ;00000000;00000;0000;                                                       ;00000000;00000;0000;                                                       ;00000000;00000;0000;                                                       ;00000000;00000;0000;                                                       ;00000000;00000;0000;                                                       ;00000000;00000;0000;                                                       ;00000000;00000;0000;                                                       ;00000000;00000;0000;                                                       ;00000000;00000;0000;                                                       ;00000000;00000;0000;                                                       ;00000000;00000;0000;                                                       ;00000000;00000;0000;                                                       ;00000000;00000;0000;                                                       ;00000000;00000;0000;                                                       ;00000000;00000;0000;                                                       ;00000000;00000;0000;                                                       ;00000000;00000;0000;                                                       ;00000000;00000;0000;                                                       ;00000000;00000;0000;                                                       ;00000000;00000;0000;                                                       ;00000000;00000;0000;                                                       ;00000000;00000;0000;                                                       ;00000000;00000;0000;                                                       ;00000000;00000;0000;                                                       ;00000000;00000;0000;                                                       ;00000000;00000;0000;                                                       ;00000000;00000;0000;                                                       ;00000000;00000;0000;                                                       ;00000000;00000;0000;                                                       ;00000000;00000;0000;                                                       ;00000000;00000;0000;                                                       ;00000000;00000;0000;                                                       ;00000000;00000;0000;                                                       ;00000000;00000;0000;                                                       ;00000000;00000;0000;                                                       ;00000000;00000;
2406100033;08;09;9;217;99;Merindad de Valdivielso                           ;99;99;00001;00000366;00000366;10000;00000213;05819;00000153;04180;00000002;00094;00000001;00046;0022;PP                                                     ;00000084;03962;0017;PSOE                                                   ;00000069;03254;0021;VOX                                                    ;00000018;00849;0025;PODEMOS                                                ;00000018;00849;0010;AHORA REPÚBLICAS (ERC-EH BILDU-BNG-ARA MÉS)            ;00000006;00283;0042;AGRUPACIÓN DE ELECTORES "SE ACABÓ LA FIESTA"           ;00000006;00283;0032;SUMAR                                                  ;00000004;00188;0046;Cs                                                     ;00000003;00141;0001;IZQESP                                                 ;00000001;00047;0039;PACMA                                                  ;00000001;00047;0002;CEUS                                                   ;00000000;00000;0009;FO                                                     ;00000000;00000;0060;JUNTS UE                                               ;00000000;00000;0019;ANDALUCISTAS                                           ;00000000;00000;0020;IE                                                     ;00000000;00000;0023;ESCAÑOS EN BLANCO                                      ;00000000;00000;0024;CRT                                                    ;00000000;00000;0026;PFAC                                                   ;00000000;00000;0027;PCTE                                                   ;00000000;00000;0029;PCPE/PCPC                                              ;00000000;00000;0040;CREE EN EUROPA                                         ;00000000;00000;0041;PMR                                                    ;00000000;00000;0043;F                                                      ;00000000;00000;0072;EXISTE                                                 ;00000000;00000;0047;FE de las JONS                                         ;00000000;00000;0048;SAE                                                    ;00000000;00000;0049;J.U.E.X.                                               ;00000000;00000;0050;PH                                                     ;00000000;00000;0051;VOLT                                                   ;00000000;00000;0052;RECORTES CERO                                          ;00000000;00000;0063;EXTREMEÑOS                                             ;00000000;00000;0064;GLG                                                    ;00000000;00000;0065;PIRATAS / REBELDES                                     ;00000000;00000;0070;PREPAL                                                 ;00000000;00000;0000;                                                       ;00000000;00000;0000;                                                       ;00000000;00000;0000;                                                       ;00000000;00000;0000;                                                       ;00000000;00000;0000;                                                       ;00000000;00000;0000;                                                       ;00000000;00000;0000;                                                       ;00000000;00000;0000;                                                       ;00000000;00000;0000;                                                       ;00000000;00000;0000;                                                       ;00000000;00000;0000;                                                       ;00000000;00000;0000;                                                       ;00000000;00000;0000;                                                       ;00000000;00000;0000;                                                       ;00000000;00000;0000;                                                       ;00000000;00000;0000;                                                       ;00000000;00000;0000;                                                       ;00000000;00000;0000;                                                       ;00000000;00000;0000;                                                       ;00000000;00000;0000;                                                       ;00000000;00000;0000;                                                       ;00000000;00000;0000;                                                       ;00000000;00000;0000;                                                       ;00000000;00000;0000;                                                       ;00000000;00000;0000;                                                       ;00000000;00000;0000;                                                       ;00000000;00000;0000;                                                       ;00000000;00000;0000;                                                       ;00000000;00000;0000;                                                       ;00000000;00000;0000;                                                       ;00000000;00000;0000;                                                       ;00000000;00000;0000;                                                       ;00000000;00000;0000;                                                       ;00000000;00000;0000;                                                       ;00000000;00000;0000;                                                       ;00000000;00000;0000;                                                       ;00000000;00000;0000;                                                       ;00000000;00000;0000;                                                       ;00000000;00000;0000;                                                       ;00000000;00000;0000;                                                       ;00000000;00000;0000;                                                       ;00000000;00000;0000;                                                       ;00000000;00000;0000;                                                       ;00000000;00000;0000;                                                       ;00000000;00000;0000;                                                       ;00000000;00000;0000;                                                       ;00000000;00000;
2406100033;08;09;9;218;99;Milagros                                          ;99;99;00001;00000338;00000338;10000;00000187;05532;00000151;04467;00000002;00108;00000003;00160;0022;PP                                                     ;00000076;04130;0017;PSOE                                                   ;00000064;03478;0021;VOX                                                    ;00000014;00760;0032;SUMAR                                                  ;00000010;00543;0042;AGRUPACIÓN DE ELECTORES "SE ACABÓ LA FIESTA"           ;00000009;00489;0039;PACMA                                                  ;00000002;00108;0046;Cs                                                     ;00000002;00108;0020;IE                                                     ;00000001;00054;0023;ESCAÑOS EN BLANCO                                      ;00000001;00054;0024;CRT                                                    ;00000001;00054;0040;CREE EN EUROPA                                         ;00000001;00054;0072;EXISTE                                                 ;00000001;00054;0001;IZQESP                                                 ;00000000;00000;0002;CEUS                                                   ;00000000;00000;0009;FO                                                     ;00000000;00000;0010;AHORA REPÚBLICAS (ERC-EH BILDU-BNG-ARA MÉS)            ;00000000;00000;0060;JUNTS UE                                               ;00000000;00000;0019;ANDALUCISTAS                                           ;00000000;00000;0025;PODEMOS                                                ;00000000;00000;0026;PFAC                                                   ;00000000;00000;0027;PCTE                                                   ;00000000;00000;0029;PCPE/PCPC                                              ;00000000;00000;0041;PMR                                                    ;00000000;00000;0043;F                                                      ;00000000;00000;0047;FE de las JONS                                         ;00000000;00000;0048;SAE                                                    ;00000000;00000;0049;J.U.E.X.                                               ;00000000;00000;0050;PH                                                     ;00000000;00000;0051;VOLT                                                   ;00000000;00000;0052;RECORTES CERO                                          ;00000000;00000;0063;EXTREMEÑOS                                             ;00000000;00000;0064;GLG                                                    ;00000000;00000;0065;PIRATAS / REBELDES                                     ;00000000;00000;0070;PREPAL                                                 ;00000000;00000;0000;                                                       ;00000000;00000;0000;                                                       ;00000000;00000;0000;                                                       ;00000000;00000;0000;                                                       ;00000000;00000;0000;                                                       ;00000000;00000;0000;                                                       ;00000000;00000;0000;                                                       ;00000000;00000;0000;                                                       ;00000000;00000;0000;                                                       ;00000000;00000;0000;                                                       ;00000000;00000;0000;                                                       ;00000000;00000;0000;                                                       ;00000000;00000;0000;                                                       ;00000000;00000;0000;                                                       ;00000000;00000;0000;                                                       ;00000000;00000;0000;                                                       ;00000000;00000;0000;                                                       ;00000000;00000;0000;                                                       ;00000000;00000;0000;                                                       ;00000000;00000;0000;                                                       ;00000000;00000;0000;                                                       ;00000000;00000;0000;                                                       ;00000000;00000;0000;                                                       ;00000000;00000;0000;                                                       ;00000000;00000;0000;                                                       ;00000000;00000;0000;                                                       ;00000000;00000;0000;                                                       ;00000000;00000;0000;                                                       ;00000000;00000;0000;                                                       ;00000000;00000;0000;                                                       ;00000000;00000;0000;                                                       ;00000000;00000;0000;                                                       ;00000000;00000;0000;                                                       ;00000000;00000;0000;                                                       ;00000000;00000;0000;                                                       ;00000000;00000;0000;                                                       ;00000000;00000;0000;                                                       ;00000000;00000;0000;                                                       ;00000000;00000;0000;                                                       ;00000000;00000;0000;                                                       ;00000000;00000;0000;                                                       ;00000000;00000;0000;                                                       ;00000000;00000;0000;                                                       ;00000000;00000;0000;                                                       ;00000000;00000;0000;                                                       ;00000000;00000;0000;                                                       ;00000000;00000;
2406100033;08;09;9;219;99;Miranda de Ebro                                   ;99;99;00048;00026902;00026902;10000;00012999;04831;00013903;05168;00000118;00091;00000141;00108;0017;PSOE                                                   ;00005294;04117;0022;PP                                                     ;00004096;03185;0021;VOX                                                    ;00001051;00817;0032;SUMAR                                                  ;00000701;00545;0025;PODEMOS                                                ;00000473;00367;0042;AGRUPACIÓN DE ELECTORES "SE ACABÓ LA FIESTA"           ;00000432;00335;0010;AHORA REPÚBLICAS (ERC-EH BILDU-BNG-ARA MÉS)            ;00000143;00111;0046;Cs                                                     ;00000100;00077;0039;PACMA                                                  ;00000095;00073;0009;FO                                                     ;00000079;00061;0001;IZQESP                                                 ;00000044;00034;0072;EXISTE                                                 ;00000029;00022;0023;ESCAÑOS EN BLANCO                                      ;00000025;00019;0026;PFAC                                                   ;00000021;00016;0051;VOLT                                                   ;00000021;00016;0027;PCTE                                                   ;00000019;00014;0020;IE                                                     ;00000017;00013;0065;PIRATAS / REBELDES                                     ;00000013;00010;0070;PREPAL                                                 ;00000012;00009;0002;CEUS                                                   ;00000010;00007;0048;SAE                                                    ;00000009;00006;0040;CREE EN EUROPA                                         ;00000007;00005;0047;FE de las JONS                                         ;00000007;00005;0041;PMR                                                    ;00000006;00004;0052;RECORTES CERO                                          ;00000006;00004;0024;CRT                                                    ;00000005;00003;0043;F                                                      ;00000005;00003;0049;J.U.E.X.                                               ;00000005;00003;0060;JUNTS UE                                               ;00000003;00002;0029;PCPE/PCPC                                              ;00000003;00002;0050;PH                                                     ;00000003;00002;0063;EXTREMEÑOS                                             ;00000003;00002;0064;GLG                                                    ;00000002;00001;0019;ANDALUCISTAS                                           ;00000001;00001;0000;                                                       ;00000000;00000;0000;                                                       ;00000000;00000;0000;                                                       ;00000000;00000;0000;                                                       ;00000000;00000;0000;                                                       ;00000000;00000;0000;                                                       ;00000000;00000;0000;                                                       ;00000000;00000;0000;                                                       ;00000000;00000;0000;                                                       ;00000000;00000;0000;                                                       ;00000000;00000;0000;                                                       ;00000000;00000;0000;                                                       ;00000000;00000;0000;                                                       ;00000000;00000;0000;                                                       ;00000000;00000;0000;                                                       ;00000000;00000;0000;                                                       ;00000000;00000;0000;                                                       ;00000000;00000;0000;                                                       ;00000000;00000;0000;                                                       ;00000000;00000;0000;                                                       ;00000000;00000;0000;                                                       ;00000000;00000;0000;                                                       ;00000000;00000;0000;                                                       ;00000000;00000;0000;                                                       ;00000000;00000;0000;                                                       ;00000000;00000;0000;                                                       ;00000000;00000;0000;                                                       ;00000000;00000;0000;                                                       ;00000000;00000;0000;                                                       ;00000000;00000;0000;                                                       ;00000000;00000;0000;                                                       ;00000000;00000;0000;                                                       ;00000000;00000;0000;                                                       ;00000000;00000;0000;                                                       ;00000000;00000;0000;                                                       ;00000000;00000;0000;                                                       ;00000000;00000;0000;                                                       ;00000000;00000;0000;                                                       ;00000000;00000;0000;                                                       ;00000000;00000;0000;                                                       ;00000000;00000;0000;                                                       ;00000000;00000;0000;                                                       ;00000000;00000;0000;                                                       ;00000000;00000;0000;                                                       ;00000000;00000;0000;                                                       ;00000000;00000;0000;                                                       ;00000000;00000;
2406100033;08;09;9;220;99;Miraveche                                         ;99;99;00001;00000087;00000087;10000;00000057;06551;00000030;03448;00000002;00363;00000002;00350;0022;PP                                                     ;00000026;04727;0017;PSOE                                                   ;00000021;03818;0025;PODEMOS                                                ;00000003;00545;0021;VOX                                                    ;00000001;00181;0042;AGRUPACIÓN DE ELECTORES "SE ACABÓ LA FIESTA"           ;00000001;00181;0072;EXISTE                                                 ;00000001;00181;0001;IZQESP                                                 ;00000000;00000;0002;CEUS                                                   ;00000000;00000;0009;FO                                                     ;00000000;00000;0010;AHORA REPÚBLICAS (ERC-EH BILDU-BNG-ARA MÉS)            ;00000000;00000;0060;JUNTS UE                                               ;00000000;00000;0019;ANDALUCISTAS                                           ;00000000;00000;0020;IE                                                     ;00000000;00000;0023;ESCAÑOS EN BLANCO                                      ;00000000;00000;0024;CRT                                                    ;00000000;00000;0026;PFAC                                                   ;00000000;00000;0027;PCTE                                                   ;00000000;00000;0029;PCPE/PCPC                                              ;00000000;00000;0032;SUMAR                                                  ;00000000;00000;0039;PACMA                                                  ;00000000;00000;0040;CREE EN EUROPA                                         ;00000000;00000;0041;PMR                                                    ;00000000;00000;0043;F                                                      ;00000000;00000;0046;Cs                                                     ;00000000;00000;0047;FE de las JONS                                         ;00000000;00000;0048;SAE                                                    ;00000000;00000;0049;J.U.E.X.                                               ;00000000;00000;0050;PH                                                     ;00000000;00000;0051;VOLT                                                   ;00000000;00000;0052;RECORTES CERO                                          ;00000000;00000;0063;EXTREMEÑOS                                             ;00000000;00000;0064;GLG                                                    ;00000000;00000;0065;PIRATAS / REBELDES                                     ;00000000;00000;0070;PREPAL                                                 ;00000000;00000;0000;                                                       ;00000000;00000;0000;                                                       ;00000000;00000;0000;                                                       ;00000000;00000;0000;                                                       ;00000000;00000;0000;                                                       ;00000000;00000;0000;                                                       ;00000000;00000;0000;                                                       ;00000000;00000;0000;                                                       ;00000000;00000;0000;                                                       ;00000000;00000;0000;                                                       ;00000000;00000;0000;                                                       ;00000000;00000;0000;                                                       ;00000000;00000;0000;                                                       ;00000000;00000;0000;                                                       ;00000000;00000;0000;                                                       ;00000000;00000;0000;                                                       ;00000000;00000;0000;                                                       ;00000000;00000;0000;                                                       ;00000000;00000;0000;                                                       ;00000000;00000;0000;                                                       ;00000000;00000;0000;                                                       ;00000000;00000;0000;                                                       ;00000000;00000;0000;                                                       ;00000000;00000;0000;                                                       ;00000000;00000;0000;                                                       ;00000000;00000;0000;                                                       ;00000000;00000;0000;                                                       ;00000000;00000;0000;                                                       ;00000000;00000;0000;                                                       ;00000000;00000;0000;                                                       ;00000000;00000;0000;                                                       ;00000000;00000;0000;                                                       ;00000000;00000;0000;                                                       ;00000000;00000;0000;                                                       ;00000000;00000;0000;                                                       ;00000000;00000;0000;                                                       ;00000000;00000;0000;                                                       ;00000000;00000;0000;                                                       ;00000000;00000;0000;                                                       ;00000000;00000;0000;                                                       ;00000000;00000;0000;                                                       ;00000000;00000;0000;                                                       ;00000000;00000;0000;                                                       ;00000000;00000;0000;                                                       ;00000000;00000;0000;                                                       ;00000000;00000;0000;                                                       ;00000000;00000;
2406100033;08;09;9;221;99;Modúbar de la Emparedada                          ;99;99;00001;00000565;00000565;10000;00000306;05415;00000259;04584;00000001;00032;00000001;00032;0017;PSOE                                                   ;00000103;03377;0022;PP                                                     ;00000095;03114;0021;VOX                                                    ;00000033;01081;0032;SUMAR                                                  ;00000017;00557;0042;AGRUPACIÓN DE ELECTORES "SE ACABÓ LA FIESTA"           ;00000017;00557;0025;PODEMOS                                                ;00000015;00491;0039;PACMA                                                  ;00000006;00196;0009;FO                                                     ;00000004;00131;0046;Cs                                                     ;00000004;00131;0047;FE de las JONS                                         ;00000002;00065;0001;IZQESP                                                 ;00000001;00032;0060;JUNTS UE                                               ;00000001;00032;0023;ESCAÑOS EN BLANCO                                      ;00000001;00032;0026;PFAC                                                   ;00000001;00032;0027;PCTE                                                   ;00000001;00032;0043;F                                                      ;00000001;00032;0072;EXISTE                                                 ;00000001;00032;0048;SAE                                                    ;00000001;00032;0002;CEUS                                                   ;00000000;00000;0010;AHORA REPÚBLICAS (ERC-EH BILDU-BNG-ARA MÉS)            ;00000000;00000;0019;ANDALUCISTAS                                           ;00000000;00000;0020;IE                                                     ;00000000;00000;0024;CRT                                                    ;00000000;00000;0029;PCPE/PCPC                                              ;00000000;00000;0040;CREE EN EUROPA                                         ;00000000;00000;0041;PMR                                                    ;00000000;00000;0049;J.U.E.X.                                               ;00000000;00000;0050;PH                                                     ;00000000;00000;0051;VOLT                                                   ;00000000;00000;0052;RECORTES CERO                                          ;00000000;00000;0063;EXTREMEÑOS                                             ;00000000;00000;0064;GLG                                                    ;00000000;00000;0065;PIRATAS / REBELDES                                     ;00000000;00000;0070;PREPAL                                                 ;00000000;00000;0000;                                                       ;00000000;00000;0000;                                                       ;00000000;00000;0000;                                                       ;00000000;00000;0000;                                                       ;00000000;00000;0000;                                                       ;00000000;00000;0000;                                                       ;00000000;00000;0000;                                                       ;00000000;00000;0000;                                                       ;00000000;00000;0000;                                                       ;00000000;00000;0000;                                                       ;00000000;00000;0000;                                                       ;00000000;00000;0000;                                                       ;00000000;00000;0000;                                                       ;00000000;00000;0000;                                                       ;00000000;00000;0000;                                                       ;00000000;00000;0000;                                                       ;00000000;00000;0000;                                                       ;00000000;00000;0000;                                                       ;00000000;00000;0000;                                                       ;00000000;00000;0000;                                                       ;00000000;00000;0000;                                                       ;00000000;00000;0000;                                                       ;00000000;00000;0000;                                                       ;00000000;00000;0000;                                                       ;00000000;00000;0000;                                                       ;00000000;00000;0000;                                                       ;00000000;00000;0000;                                                       ;00000000;00000;0000;                                                       ;00000000;00000;0000;                                                       ;00000000;00000;0000;                                                       ;00000000;00000;0000;                                                       ;00000000;00000;0000;                                                       ;00000000;00000;0000;                                                       ;00000000;00000;0000;                                                       ;00000000;00000;0000;                                                       ;00000000;00000;0000;                                                       ;00000000;00000;0000;                                                       ;00000000;00000;0000;                                                       ;00000000;00000;0000;                                                       ;00000000;00000;0000;                                                       ;00000000;00000;0000;                                                       ;00000000;00000;0000;                                                       ;00000000;00000;0000;                                                       ;00000000;00000;0000;                                                       ;00000000;00000;0000;                                                       ;00000000;00000;0000;                                                       ;00000000;00000;
2406100033;08;09;9;223;99;Monasterio de la Sierra                           ;99;99;00001;00000040;00000040;10000;00000032;08000;00000008;02000;00000000;00000;00000000;00000;0022;PP                                                     ;00000013;04062;0017;PSOE                                                   ;00000009;02812;0021;VOX                                                    ;00000003;00937;0048;SAE                                                    ;00000003;00937;0046;Cs                                                     ;00000002;00625;0060;JUNTS UE                                               ;00000001;00312;0032;SUMAR                                                  ;00000001;00312;0001;IZQESP                                                 ;00000000;00000;0002;CEUS                                                   ;00000000;00000;0009;FO                                                     ;00000000;00000;0010;AHORA REPÚBLICAS (ERC-EH BILDU-BNG-ARA MÉS)            ;00000000;00000;0019;ANDALUCISTAS                                           ;00000000;00000;0020;IE                                                     ;00000000;00000;0023;ESCAÑOS EN BLANCO                                      ;00000000;00000;0024;CRT                                                    ;00000000;00000;0025;PODEMOS                                                ;00000000;00000;0026;PFAC                                                   ;00000000;00000;0027;PCTE                                                   ;00000000;00000;0029;PCPE/PCPC                                              ;00000000;00000;0039;PACMA                                                  ;00000000;00000;0040;CREE EN EUROPA                                         ;00000000;00000;0041;PMR                                                    ;00000000;00000;0042;AGRUPACIÓN DE ELECTORES "SE ACABÓ LA FIESTA"           ;00000000;00000;0043;F                                                      ;00000000;00000;0072;EXISTE                                                 ;00000000;00000;0047;FE de las JONS                                         ;00000000;00000;0049;J.U.E.X.                                               ;00000000;00000;0050;PH                                                     ;00000000;00000;0051;VOLT                                                   ;00000000;00000;0052;RECORTES CERO                                          ;00000000;00000;0063;EXTREMEÑOS                                             ;00000000;00000;0064;GLG                                                    ;00000000;00000;0065;PIRATAS / REBELDES                                     ;00000000;00000;0070;PREPAL                                                 ;00000000;00000;0000;                                                       ;00000000;00000;0000;                                                       ;00000000;00000;0000;                                                       ;00000000;00000;0000;                                                       ;00000000;00000;0000;                                                       ;00000000;00000;0000;                                                       ;00000000;00000;0000;                                                       ;00000000;00000;0000;                                                       ;00000000;00000;0000;                                                       ;00000000;00000;0000;                                                       ;00000000;00000;0000;                                                       ;00000000;00000;0000;                                                       ;00000000;00000;0000;                                                       ;00000000;00000;0000;                                                       ;00000000;00000;0000;                                                       ;00000000;00000;0000;                                                       ;00000000;00000;0000;                                                       ;00000000;00000;0000;                                                       ;00000000;00000;0000;                                                       ;00000000;00000;0000;                                                       ;00000000;00000;0000;                                                       ;00000000;00000;0000;                                                       ;00000000;00000;0000;                                                       ;00000000;00000;0000;                                                       ;00000000;00000;0000;                                                       ;00000000;00000;0000;                                                       ;00000000;00000;0000;                                                       ;00000000;00000;0000;                                                       ;00000000;00000;0000;                                                       ;00000000;00000;0000;                                                       ;00000000;00000;0000;                                                       ;00000000;00000;0000;                                                       ;00000000;00000;0000;                                                       ;00000000;00000;0000;                                                       ;00000000;00000;0000;                                                       ;00000000;00000;0000;                                                       ;00000000;00000;0000;                                                       ;00000000;00000;0000;                                                       ;00000000;00000;0000;                                                       ;00000000;00000;0000;                                                       ;00000000;00000;0000;                                                       ;00000000;00000;0000;                                                       ;00000000;00000;0000;                                                       ;00000000;00000;0000;                                                       ;00000000;00000;0000;                                                       ;00000000;00000;0000;                                                       ;00000000;00000;
2406100033;08;09;9;224;99;Monasterio de Rodilla                             ;99;99;00001;00000147;00000147;10000;00000105;07142;00000042;02857;00000000;00000;00000000;00000;0022;PP                                                     ;00000068;06476;0021;VOX                                                    ;00000016;01523;0017;PSOE                                                   ;00000014;01333;0042;AGRUPACIÓN DE ELECTORES "SE ACABÓ LA FIESTA"           ;00000005;00476;0032;SUMAR                                                  ;00000001;00095;0072;EXISTE                                                 ;00000001;00095;0001;IZQESP                                                 ;00000000;00000;0002;CEUS                                                   ;00000000;00000;0009;FO                                                     ;00000000;00000;0010;AHORA REPÚBLICAS (ERC-EH BILDU-BNG-ARA MÉS)            ;00000000;00000;0060;JUNTS UE                                               ;00000000;00000;0019;ANDALUCISTAS                                           ;00000000;00000;0020;IE                                                     ;00000000;00000;0023;ESCAÑOS EN BLANCO                                      ;00000000;00000;0024;CRT                                                    ;00000000;00000;0025;PODEMOS                                                ;00000000;00000;0026;PFAC                                                   ;00000000;00000;0027;PCTE                                                   ;00000000;00000;0029;PCPE/PCPC                                              ;00000000;00000;0039;PACMA                                                  ;00000000;00000;0040;CREE EN EUROPA                                         ;00000000;00000;0041;PMR                                                    ;00000000;00000;0043;F                                                      ;00000000;00000;0046;Cs                                                     ;00000000;00000;0047;FE de las JONS                                         ;00000000;00000;0048;SAE                                                    ;00000000;00000;0049;J.U.E.X.                                               ;00000000;00000;0050;PH                                                     ;00000000;00000;0051;VOLT                                                   ;00000000;00000;0052;RECORTES CERO                                          ;00000000;00000;0063;EXTREMEÑOS                                             ;00000000;00000;0064;GLG                                                    ;00000000;00000;0065;PIRATAS / REBELDES                                     ;00000000;00000;0070;PREPAL                                                 ;00000000;00000;0000;                                                       ;00000000;00000;0000;                                                       ;00000000;00000;0000;                                                       ;00000000;00000;0000;                                                       ;00000000;00000;0000;                                                       ;00000000;00000;0000;                                                       ;00000000;00000;0000;                                                       ;00000000;00000;0000;                                                       ;00000000;00000;0000;                                                       ;00000000;00000;0000;                                                       ;00000000;00000;0000;                                                       ;00000000;00000;0000;                                                       ;00000000;00000;0000;                                                       ;00000000;00000;0000;                                                       ;00000000;00000;0000;                                                       ;00000000;00000;0000;                                                       ;00000000;00000;0000;                                                       ;00000000;00000;0000;                                                       ;00000000;00000;0000;                                                       ;00000000;00000;0000;                                                       ;00000000;00000;0000;                                                       ;00000000;00000;0000;                                                       ;00000000;00000;0000;                                                       ;00000000;00000;0000;                                                       ;00000000;00000;0000;                                                       ;00000000;00000;0000;                                                       ;00000000;00000;0000;                                                       ;00000000;00000;0000;                                                       ;00000000;00000;0000;                                                       ;00000000;00000;0000;                                                       ;00000000;00000;0000;                                                       ;00000000;00000;0000;                                                       ;00000000;00000;0000;                                                       ;00000000;00000;0000;                                                       ;00000000;00000;0000;                                                       ;00000000;00000;0000;                                                       ;00000000;00000;0000;                                                       ;00000000;00000;0000;                                                       ;00000000;00000;0000;                                                       ;00000000;00000;0000;                                                       ;00000000;00000;0000;                                                       ;00000000;00000;0000;                                                       ;00000000;00000;0000;                                                       ;00000000;00000;0000;                                                       ;00000000;00000;0000;                                                       ;00000000;00000;0000;                                                       ;00000000;00000;
2406100033;08;09;9;225;99;Moncalvillo                                       ;99;99;00001;00000074;00000074;10000;00000046;06216;00000028;03783;00000001;00217;00000000;00000;0022;PP                                                     ;00000023;05000;0017;PSOE                                                   ;00000016;03478;0021;VOX                                                    ;00000006;01304;0001;IZQESP                                                 ;00000000;00000;0002;CEUS                                                   ;00000000;00000;0009;FO                                                     ;00000000;00000;0010;AHORA REPÚBLICAS (ERC-EH BILDU-BNG-ARA MÉS)            ;00000000;00000;0060;JUNTS UE                                               ;00000000;00000;0019;ANDALUCISTAS                                           ;00000000;00000;0020;IE                                                     ;00000000;00000;0023;ESCAÑOS EN BLANCO                                      ;00000000;00000;0024;CRT                                                    ;00000000;00000;0025;PODEMOS                                                ;00000000;00000;0026;PFAC                                                   ;00000000;00000;0027;PCTE                                                   ;00000000;00000;0029;PCPE/PCPC                                              ;00000000;00000;0032;SUMAR                                                  ;00000000;00000;0039;PACMA                                                  ;00000000;00000;0040;CREE EN EUROPA                                         ;00000000;00000;0041;PMR                                                    ;00000000;00000;0042;AGRUPACIÓN DE ELECTORES "SE ACABÓ LA FIESTA"           ;00000000;00000;0043;F                                                      ;00000000;00000;0072;EXISTE                                                 ;00000000;00000;0046;Cs                                                     ;00000000;00000;0047;FE de las JONS                                         ;00000000;00000;0048;SAE                                                    ;00000000;00000;0049;J.U.E.X.                                               ;00000000;00000;0050;PH                                                     ;00000000;00000;0051;VOLT                                                   ;00000000;00000;0052;RECORTES CERO                                          ;00000000;00000;0063;EXTREMEÑOS                                             ;00000000;00000;0064;GLG                                                    ;00000000;00000;0065;PIRATAS / REBELDES                                     ;00000000;00000;0070;PREPAL                                                 ;00000000;00000;0000;                                                       ;00000000;00000;0000;                                                       ;00000000;00000;0000;                                                       ;00000000;00000;0000;                                                       ;00000000;00000;0000;                                                       ;00000000;00000;0000;                                                       ;00000000;00000;0000;                                                       ;00000000;00000;0000;                                                       ;00000000;00000;0000;                                                       ;00000000;00000;0000;                                                       ;00000000;00000;0000;                                                       ;00000000;00000;0000;                                                       ;00000000;00000;0000;                                                       ;00000000;00000;0000;                                                       ;00000000;00000;0000;                                                       ;00000000;00000;0000;                                                       ;00000000;00000;0000;                                                       ;00000000;00000;0000;                                                       ;00000000;00000;0000;                                                       ;00000000;00000;0000;                                                       ;00000000;00000;0000;                                                       ;00000000;00000;0000;                                                       ;00000000;00000;0000;                                                       ;00000000;00000;0000;                                                       ;00000000;00000;0000;                                                       ;00000000;00000;0000;                                                       ;00000000;00000;0000;                                                       ;00000000;00000;0000;                                                       ;00000000;00000;0000;                                                       ;00000000;00000;0000;                                                       ;00000000;00000;0000;                                                       ;00000000;00000;0000;                                                       ;00000000;00000;0000;                                                       ;00000000;00000;0000;                                                       ;00000000;00000;0000;                                                       ;00000000;00000;0000;                                                       ;00000000;00000;0000;                                                       ;00000000;00000;0000;                                                       ;00000000;00000;0000;                                                       ;00000000;00000;0000;                                                       ;00000000;00000;0000;                                                       ;00000000;00000;0000;                                                       ;00000000;00000;0000;                                                       ;00000000;00000;0000;                                                       ;00000000;00000;0000;                                                       ;00000000;00000;0000;                                                       ;00000000;00000;
2406100033;08;09;9;226;99;Monterrubio de la Demanda                         ;99;99;00001;00000053;00000053;10000;00000034;06415;00000019;03584;00000000;00000;00000000;00000;0022;PP                                                     ;00000019;05588;0017;PSOE                                                   ;00000012;03529;0021;VOX                                                    ;00000001;00294;0032;SUMAR                                                  ;00000001;00294;0042;AGRUPACIÓN DE ELECTORES "SE ACABÓ LA FIESTA"           ;00000001;00294;0001;IZQESP                                                 ;00000000;00000;0002;CEUS                                                   ;00000000;00000;0009;FO                                                     ;00000000;00000;0010;AHORA REPÚBLICAS (ERC-EH BILDU-BNG-ARA MÉS)            ;00000000;00000;0060;JUNTS UE                                               ;00000000;00000;0019;ANDALUCISTAS                                           ;00000000;00000;0020;IE                                                     ;00000000;00000;0023;ESCAÑOS EN BLANCO                                      ;00000000;00000;0024;CRT                                                    ;00000000;00000;0025;PODEMOS                                                ;00000000;00000;0026;PFAC                                                   ;00000000;00000;0027;PCTE                                                   ;00000000;00000;0029;PCPE/PCPC                                              ;00000000;00000;0039;PACMA                                                  ;00000000;00000;0040;CREE EN EUROPA                                         ;00000000;00000;0041;PMR                                                    ;00000000;00000;0043;F                                                      ;00000000;00000;0072;EXISTE                                                 ;00000000;00000;0046;Cs                                                     ;00000000;00000;0047;FE de las JONS                                         ;00000000;00000;0048;SAE                                                    ;00000000;00000;0049;J.U.E.X.                                               ;00000000;00000;0050;PH                                                     ;00000000;00000;0051;VOLT                                                   ;00000000;00000;0052;RECORTES CERO                                          ;00000000;00000;0063;EXTREMEÑOS                                             ;00000000;00000;0064;GLG                                                    ;00000000;00000;0065;PIRATAS / REBELDES                                     ;00000000;00000;0070;PREPAL                                                 ;00000000;00000;0000;                                                       ;00000000;00000;0000;                                                       ;00000000;00000;0000;                                                       ;00000000;00000;0000;                                                       ;00000000;00000;0000;                                                       ;00000000;00000;0000;                                                       ;00000000;00000;0000;                                                       ;00000000;00000;0000;                                                       ;00000000;00000;0000;                                                       ;00000000;00000;0000;                                                       ;00000000;00000;0000;                                                       ;00000000;00000;0000;                                                       ;00000000;00000;0000;                                                       ;00000000;00000;0000;                                                       ;00000000;00000;0000;                                                       ;00000000;00000;0000;                                                       ;00000000;00000;0000;                                                       ;00000000;00000;0000;                                                       ;00000000;00000;0000;                                                       ;00000000;00000;0000;                                                       ;00000000;00000;0000;                                                       ;00000000;00000;0000;                                                       ;00000000;00000;0000;                                                       ;00000000;00000;0000;                                                       ;00000000;00000;0000;                                                       ;00000000;00000;0000;                                                       ;00000000;00000;0000;                                                       ;00000000;00000;0000;                                                       ;00000000;00000;0000;                                                       ;00000000;00000;0000;                                                       ;00000000;00000;0000;                                                       ;00000000;00000;0000;                                                       ;00000000;00000;0000;                                                       ;00000000;00000;0000;                                                       ;00000000;00000;0000;                                                       ;00000000;00000;0000;                                                       ;00000000;00000;0000;                                                       ;00000000;00000;0000;                                                       ;00000000;00000;0000;                                                       ;00000000;00000;0000;                                                       ;00000000;00000;0000;                                                       ;00000000;00000;0000;                                                       ;00000000;00000;0000;                                                       ;00000000;00000;0000;                                                       ;00000000;00000;0000;                                                       ;00000000;00000;0000;                                                       ;00000000;00000;
2406100033;08;09;9;227;99;Montorio                                          ;99;99;00001;00000121;00000121;10000;00000083;06859;00000038;03140;00000000;00000;00000001;00120;0017;PSOE                                                   ;00000041;05000;0022;PP                                                     ;00000031;03780;0021;VOX                                                    ;00000003;00365;0032;SUMAR                                                  ;00000002;00243;0009;FO                                                     ;00000001;00121;0023;ESCAÑOS EN BLANCO                                      ;00000001;00121;0025;PODEMOS                                                ;00000001;00121;0041;PMR                                                    ;00000001;00121;0042;AGRUPACIÓN DE ELECTORES "SE ACABÓ LA FIESTA"           ;00000001;00121;0001;IZQESP                                                 ;00000000;00000;0002;CEUS                                                   ;00000000;00000;0010;AHORA REPÚBLICAS (ERC-EH BILDU-BNG-ARA MÉS)            ;00000000;00000;0060;JUNTS UE                                               ;00000000;00000;0019;ANDALUCISTAS                                           ;00000000;00000;0020;IE                                                     ;00000000;00000;0024;CRT                                                    ;00000000;00000;0026;PFAC                                                   ;00000000;00000;0027;PCTE                                                   ;00000000;00000;0029;PCPE/PCPC                                              ;00000000;00000;0039;PACMA                                                  ;00000000;00000;0040;CREE EN EUROPA                                         ;00000000;00000;0043;F                                                      ;00000000;00000;0072;EXISTE                                                 ;00000000;00000;0046;Cs                                                     ;00000000;00000;0047;FE de las JONS                                         ;00000000;00000;0048;SAE                                                    ;00000000;00000;0049;J.U.E.X.                                               ;00000000;00000;0050;PH                                                     ;00000000;00000;0051;VOLT                                                   ;00000000;00000;0052;RECORTES CERO                                          ;00000000;00000;0063;EXTREMEÑOS                                             ;00000000;00000;0064;GLG                                                    ;00000000;00000;0065;PIRATAS / REBELDES                                     ;00000000;00000;0070;PREPAL                                                 ;00000000;00000;0000;                                                       ;00000000;00000;0000;                                                       ;00000000;00000;0000;                                                       ;00000000;00000;0000;                                                       ;00000000;00000;0000;                                                       ;00000000;00000;0000;                                                       ;00000000;00000;0000;                                                       ;00000000;00000;0000;                                                       ;00000000;00000;0000;                                                       ;00000000;00000;0000;                                                       ;00000000;00000;0000;                                                       ;00000000;00000;0000;                                                       ;00000000;00000;0000;                                                       ;00000000;00000;0000;                                                       ;00000000;00000;0000;                                                       ;00000000;00000;0000;                                                       ;00000000;00000;0000;                                                       ;00000000;00000;0000;                                                       ;00000000;00000;0000;                                                       ;00000000;00000;0000;                                                       ;00000000;00000;0000;                                                       ;00000000;00000;0000;                                                       ;00000000;00000;0000;                                                       ;00000000;00000;0000;                                                       ;00000000;00000;0000;                                                       ;00000000;00000;0000;                                                       ;00000000;00000;0000;                                                       ;00000000;00000;0000;                                                       ;00000000;00000;0000;                                                       ;00000000;00000;0000;                                                       ;00000000;00000;0000;                                                       ;00000000;00000;0000;                                                       ;00000000;00000;0000;                                                       ;00000000;00000;0000;                                                       ;00000000;00000;0000;                                                       ;00000000;00000;0000;                                                       ;00000000;00000;0000;                                                       ;00000000;00000;0000;                                                       ;00000000;00000;0000;                                                       ;00000000;00000;0000;                                                       ;00000000;00000;0000;                                                       ;00000000;00000;0000;                                                       ;00000000;00000;0000;                                                       ;00000000;00000;0000;                                                       ;00000000;00000;0000;                                                       ;00000000;00000;0000;                                                       ;00000000;00000;
2406100033;08;09;9;228;99;Moradillo de Roa                                  ;99;99;00001;00000149;00000149;10000;00000109;07315;00000040;02684;00000000;00000;00000000;00000;0022;PP                                                     ;00000066;06055;0017;PSOE                                                   ;00000028;02568;0021;VOX                                                    ;00000008;00733;0032;SUMAR                                                  ;00000002;00183;0042;AGRUPACIÓN DE ELECTORES "SE ACABÓ LA FIESTA"           ;00000002;00183;0027;PCTE                                                   ;00000001;00091;0072;EXISTE                                                 ;00000001;00091;0046;Cs                                                     ;00000001;00091;0001;IZQESP                                                 ;00000000;00000;0002;CEUS                                                   ;00000000;00000;0009;FO                                                     ;00000000;00000;0010;AHORA REPÚBLICAS (ERC-EH BILDU-BNG-ARA MÉS)            ;00000000;00000;0060;JUNTS UE                                               ;00000000;00000;0019;ANDALUCISTAS                                           ;00000000;00000;0020;IE                                                     ;00000000;00000;0023;ESCAÑOS EN BLANCO                                      ;00000000;00000;0024;CRT                                                    ;00000000;00000;0025;PODEMOS                                                ;00000000;00000;0026;PFAC                                                   ;00000000;00000;0029;PCPE/PCPC                                              ;00000000;00000;0039;PACMA                                                  ;00000000;00000;0040;CREE EN EUROPA                                         ;00000000;00000;0041;PMR                                                    ;00000000;00000;0043;F                                                      ;00000000;00000;0047;FE de las JONS                                         ;00000000;00000;0048;SAE                                                    ;00000000;00000;0049;J.U.E.X.                                               ;00000000;00000;0050;PH                                                     ;00000000;00000;0051;VOLT                                                   ;00000000;00000;0052;RECORTES CERO                                          ;00000000;00000;0063;EXTREMEÑOS                                             ;00000000;00000;0064;GLG                                                    ;00000000;00000;0065;PIRATAS / REBELDES                                     ;00000000;00000;0070;PREPAL                                                 ;00000000;00000;0000;                                                       ;00000000;00000;0000;                                                       ;00000000;00000;0000;                                                       ;00000000;00000;0000;                                                       ;00000000;00000;0000;                                                       ;00000000;00000;0000;                                                       ;00000000;00000;0000;                                                       ;00000000;00000;0000;                                                       ;00000000;00000;0000;                                                       ;00000000;00000;0000;                                                       ;00000000;00000;0000;                                                       ;00000000;00000;0000;                                                       ;00000000;00000;0000;                                                       ;00000000;00000;0000;                                                       ;00000000;00000;0000;                                                       ;00000000;00000;0000;                                                       ;00000000;00000;0000;                                                       ;00000000;00000;0000;                                                       ;00000000;00000;0000;                                                       ;00000000;00000;0000;                                                       ;00000000;00000;0000;                                                       ;00000000;00000;0000;                                                       ;00000000;00000;0000;                                                       ;00000000;00000;0000;                                                       ;00000000;00000;0000;                                                       ;00000000;00000;0000;                                                       ;00000000;00000;0000;                                                       ;00000000;00000;0000;                                                       ;00000000;00000;0000;                                                       ;00000000;00000;0000;                                                       ;00000000;00000;0000;                                                       ;00000000;00000;0000;                                                       ;00000000;00000;0000;                                                       ;00000000;00000;0000;                                                       ;00000000;00000;0000;                                                       ;00000000;00000;0000;                                                       ;00000000;00000;0000;                                                       ;00000000;00000;0000;                                                       ;00000000;00000;0000;                                                       ;00000000;00000;0000;                                                       ;00000000;00000;0000;                                                       ;00000000;00000;0000;                                                       ;00000000;00000;0000;                                                       ;00000000;00000;0000;                                                       ;00000000;00000;0000;                                                       ;00000000;00000;0000;                                                       ;00000000;00000;
2406100033;08;09;9;229;99;Nava de Roa                                       ;99;99;00001;00000155;00000155;10000;00000098;06322;00000057;03677;00000000;00000;00000002;00204;0022;PP                                                     ;00000044;04583;0017;PSOE                                                   ;00000029;03020;0021;VOX                                                    ;00000016;01666;0025;PODEMOS                                                ;00000002;00208;0032;SUMAR                                                  ;00000002;00208;0046;Cs                                                     ;00000002;00208;0010;AHORA REPÚBLICAS (ERC-EH BILDU-BNG-ARA MÉS)            ;00000001;00104;0001;IZQESP                                                 ;00000000;00000;0002;CEUS                                                   ;00000000;00000;0009;FO                                                     ;00000000;00000;0060;JUNTS UE                                               ;00000000;00000;0019;ANDALUCISTAS                                           ;00000000;00000;0020;IE                                                     ;00000000;00000;0023;ESCAÑOS EN BLANCO                                      ;00000000;00000;0024;CRT                                                    ;00000000;00000;0026;PFAC                                                   ;00000000;00000;0027;PCTE                                                   ;00000000;00000;0029;PCPE/PCPC                                              ;00000000;00000;0039;PACMA                                                  ;00000000;00000;0040;CREE EN EUROPA                                         ;00000000;00000;0041;PMR                                                    ;00000000;00000;0042;AGRUPACIÓN DE ELECTORES "SE ACABÓ LA FIESTA"           ;00000000;00000;0043;F                                                      ;00000000;00000;0072;EXISTE                                                 ;00000000;00000;0047;FE de las JONS                                         ;00000000;00000;0048;SAE                                                    ;00000000;00000;0049;J.U.E.X.                                               ;00000000;00000;0050;PH                                                     ;00000000;00000;0051;VOLT                                                   ;00000000;00000;0052;RECORTES CERO                                          ;00000000;00000;0063;EXTREMEÑOS                                             ;00000000;00000;0064;GLG                                                    ;00000000;00000;0065;PIRATAS / REBELDES                                     ;00000000;00000;0070;PREPAL                                                 ;00000000;00000;0000;                                                       ;00000000;00000;0000;                                                       ;00000000;00000;0000;                                                       ;00000000;00000;0000;                                                       ;00000000;00000;0000;                                                       ;00000000;00000;0000;                                                       ;00000000;00000;0000;                                                       ;00000000;00000;0000;                                                       ;00000000;00000;0000;                                                       ;00000000;00000;0000;                                                       ;00000000;00000;0000;                                                       ;00000000;00000;0000;                                                       ;00000000;00000;0000;                                                       ;00000000;00000;0000;                                                       ;00000000;00000;0000;                                                       ;00000000;00000;0000;                                                       ;00000000;00000;0000;                                                       ;00000000;00000;0000;                                                       ;00000000;00000;0000;                                                       ;00000000;00000;0000;                                                       ;00000000;00000;0000;                                                       ;00000000;00000;0000;                                                       ;00000000;00000;0000;                                                       ;00000000;00000;0000;                                                       ;00000000;00000;0000;                                                       ;00000000;00000;0000;                                                       ;00000000;00000;0000;                                                       ;00000000;00000;0000;                                                       ;00000000;00000;0000;                                                       ;00000000;00000;0000;                                                       ;00000000;00000;0000;                                                       ;00000000;00000;0000;                                                       ;00000000;00000;0000;                                                       ;00000000;00000;0000;                                                       ;00000000;00000;0000;                                                       ;00000000;00000;0000;                                                       ;00000000;00000;0000;                                                       ;00000000;00000;0000;                                                       ;00000000;00000;0000;                                                       ;00000000;00000;0000;                                                       ;00000000;00000;0000;                                                       ;00000000;00000;0000;                                                       ;00000000;00000;0000;                                                       ;00000000;00000;0000;                                                       ;00000000;00000;0000;                                                       ;00000000;00000;0000;                                                       ;00000000;00000;
2406100033;08;09;9;230;99;Navas de Bureba                                   ;99;99;00001;00000024;00000024;10000;00000017;07083;00000007;02916;00000000;00000;00000000;00000;0022;PP                                                     ;00000015;08823;0017;PSOE                                                   ;00000001;00588;0021;VOX                                                    ;00000001;00588;0001;IZQESP                                                 ;00000000;00000;0002;CEUS                                                   ;00000000;00000;0009;FO                                                     ;00000000;00000;0010;AHORA REPÚBLICAS (ERC-EH BILDU-BNG-ARA MÉS)            ;00000000;00000;0060;JUNTS UE                                               ;00000000;00000;0019;ANDALUCISTAS                                           ;00000000;00000;0020;IE                                                     ;00000000;00000;0023;ESCAÑOS EN BLANCO                                      ;00000000;00000;0024;CRT                                                    ;00000000;00000;0025;PODEMOS                                                ;00000000;00000;0026;PFAC                                                   ;00000000;00000;0027;PCTE                                                   ;00000000;00000;0029;PCPE/PCPC                                              ;00000000;00000;0032;SUMAR                                                  ;00000000;00000;0039;PACMA                                                  ;00000000;00000;0040;CREE EN EUROPA                                         ;00000000;00000;0041;PMR                                                    ;00000000;00000;0042;AGRUPACIÓN DE ELECTORES "SE ACABÓ LA FIESTA"           ;00000000;00000;0043;F                                                      ;00000000;00000;0072;EXISTE                                                 ;00000000;00000;0046;Cs                                                     ;00000000;00000;0047;FE de las JONS                                         ;00000000;00000;0048;SAE                                                    ;00000000;00000;0049;J.U.E.X.                                               ;00000000;00000;0050;PH                                                     ;00000000;00000;0051;VOLT                                                   ;00000000;00000;0052;RECORTES CERO                                          ;00000000;00000;0063;EXTREMEÑOS                                             ;00000000;00000;0064;GLG                                                    ;00000000;00000;0065;PIRATAS / REBELDES                                     ;00000000;00000;0070;PREPAL                                                 ;00000000;00000;0000;                                                       ;00000000;00000;0000;                                                       ;00000000;00000;0000;                                                       ;00000000;00000;0000;                                                       ;00000000;00000;0000;                                                       ;00000000;00000;0000;                                                       ;00000000;00000;0000;                                                       ;00000000;00000;0000;                                                       ;00000000;00000;0000;                                                       ;00000000;00000;0000;                                                       ;00000000;00000;0000;                                                       ;00000000;00000;0000;                                                       ;00000000;00000;0000;                                                       ;00000000;00000;0000;                                                       ;00000000;00000;0000;                                                       ;00000000;00000;0000;                                                       ;00000000;00000;0000;                                                       ;00000000;00000;0000;                                                       ;00000000;00000;0000;                                                       ;00000000;00000;0000;                                                       ;00000000;00000;0000;                                                       ;00000000;00000;0000;                                                       ;00000000;00000;0000;                                                       ;00000000;00000;0000;                                                       ;00000000;00000;0000;                                                       ;00000000;00000;0000;                                                       ;00000000;00000;0000;                                                       ;00000000;00000;0000;                                                       ;00000000;00000;0000;                                                       ;00000000;00000;0000;                                                       ;00000000;00000;0000;                                                       ;00000000;00000;0000;                                                       ;00000000;00000;0000;                                                       ;00000000;00000;0000;                                                       ;00000000;00000;0000;                                                       ;00000000;00000;0000;                                                       ;00000000;00000;0000;                                                       ;00000000;00000;0000;                                                       ;00000000;00000;0000;                                                       ;00000000;00000;0000;                                                       ;00000000;00000;0000;                                                       ;00000000;00000;0000;                                                       ;00000000;00000;0000;                                                       ;00000000;00000;0000;                                                       ;00000000;00000;0000;                                                       ;00000000;00000;0000;                                                       ;00000000;00000;
2406100033;08;09;9;231;99;Nebreda                                           ;99;99;00001;00000052;00000052;10000;00000031;05961;00000021;04038;00000001;00322;00000000;00000;0022;PP                                                     ;00000017;05483;0017;PSOE                                                   ;00000008;02580;0021;VOX                                                    ;00000002;00645;0026;PFAC                                                   ;00000001;00322;0032;SUMAR                                                  ;00000001;00322;0046;Cs                                                     ;00000001;00322;0001;IZQESP                                                 ;00000000;00000;0002;CEUS                                                   ;00000000;00000;0009;FO                                                     ;00000000;00000;0010;AHORA REPÚBLICAS (ERC-EH BILDU-BNG-ARA MÉS)            ;00000000;00000;0060;JUNTS UE                                               ;00000000;00000;0019;ANDALUCISTAS                                           ;00000000;00000;0020;IE                                                     ;00000000;00000;0023;ESCAÑOS EN BLANCO                                      ;00000000;00000;0024;CRT                                                    ;00000000;00000;0025;PODEMOS                                                ;00000000;00000;0027;PCTE                                                   ;00000000;00000;0029;PCPE/PCPC                                              ;00000000;00000;0039;PACMA                                                  ;00000000;00000;0040;CREE EN EUROPA                                         ;00000000;00000;0041;PMR                                                    ;00000000;00000;0042;AGRUPACIÓN DE ELECTORES "SE ACABÓ LA FIESTA"           ;00000000;00000;0043;F                                                      ;00000000;00000;0072;EXISTE                                                 ;00000000;00000;0047;FE de las JONS                                         ;00000000;00000;0048;SAE                                                    ;00000000;00000;0049;J.U.E.X.                                               ;00000000;00000;0050;PH                                                     ;00000000;00000;0051;VOLT                                                   ;00000000;00000;0052;RECORTES CERO                                          ;00000000;00000;0063;EXTREMEÑOS                                             ;00000000;00000;0064;GLG                                                    ;00000000;00000;0065;PIRATAS / REBELDES                                     ;00000000;00000;0070;PREPAL                                                 ;00000000;00000;0000;                                                       ;00000000;00000;0000;                                                       ;00000000;00000;0000;                                                       ;00000000;00000;0000;                                                       ;00000000;00000;0000;                                                       ;00000000;00000;0000;                                                       ;00000000;00000;0000;                                                       ;00000000;00000;0000;                                                       ;00000000;00000;0000;                                                       ;00000000;00000;0000;                                                       ;00000000;00000;0000;                                                       ;00000000;00000;0000;                                                       ;00000000;00000;0000;                                                       ;00000000;00000;0000;                                                       ;00000000;00000;0000;                                                       ;00000000;00000;0000;                                                       ;00000000;00000;0000;                                                       ;00000000;00000;0000;                                                       ;00000000;00000;0000;                                                       ;00000000;00000;0000;                                                       ;00000000;00000;0000;                                                       ;00000000;00000;0000;                                                       ;00000000;00000;0000;                                                       ;00000000;00000;0000;                                                       ;00000000;00000;0000;                                                       ;00000000;00000;0000;                                                       ;00000000;00000;0000;                                                       ;00000000;00000;0000;                                                       ;00000000;00000;0000;                                                       ;00000000;00000;0000;                                                       ;00000000;00000;0000;                                                       ;00000000;00000;0000;                                                       ;00000000;00000;0000;                                                       ;00000000;00000;0000;                                                       ;00000000;00000;0000;                                                       ;00000000;00000;0000;                                                       ;00000000;00000;0000;                                                       ;00000000;00000;0000;                                                       ;00000000;00000;0000;                                                       ;00000000;00000;0000;                                                       ;00000000;00000;0000;                                                       ;00000000;00000;0000;                                                       ;00000000;00000;0000;                                                       ;00000000;00000;0000;                                                       ;00000000;00000;0000;                                                       ;00000000;00000;0000;                                                       ;00000000;00000;
2406100033;08;09;9;232;99;Neila                                             ;99;99;00001;00000109;00000109;10000;00000075;06880;00000034;03119;00000001;00135;00000001;00133;0022;PP                                                     ;00000034;04594;0017;PSOE                                                   ;00000024;03243;0021;VOX                                                    ;00000009;01216;0025;PODEMOS                                                ;00000003;00405;0032;SUMAR                                                  ;00000002;00270;0010;AHORA REPÚBLICAS (ERC-EH BILDU-BNG-ARA MÉS)            ;00000001;00135;0001;IZQESP                                                 ;00000000;00000;0002;CEUS                                                   ;00000000;00000;0009;FO                                                     ;00000000;00000;0060;JUNTS UE                                               ;00000000;00000;0019;ANDALUCISTAS                                           ;00000000;00000;0020;IE                                                     ;00000000;00000;0023;ESCAÑOS EN BLANCO                                      ;00000000;00000;0024;CRT                                                    ;00000000;00000;0026;PFAC                                                   ;00000000;00000;0027;PCTE                                                   ;00000000;00000;0029;PCPE/PCPC                                              ;00000000;00000;0039;PACMA                                                  ;00000000;00000;0040;CREE EN EUROPA                                         ;00000000;00000;0041;PMR                                                    ;00000000;00000;0042;AGRUPACIÓN DE ELECTORES "SE ACABÓ LA FIESTA"           ;00000000;00000;0043;F                                                      ;00000000;00000;0072;EXISTE                                                 ;00000000;00000;0046;Cs                                                     ;00000000;00000;0047;FE de las JONS                                         ;00000000;00000;0048;SAE                                                    ;00000000;00000;0049;J.U.E.X.                                               ;00000000;00000;0050;PH                                                     ;00000000;00000;0051;VOLT                                                   ;00000000;00000;0052;RECORTES CERO                                          ;00000000;00000;0063;EXTREMEÑOS                                             ;00000000;00000;0064;GLG                                                    ;00000000;00000;0065;PIRATAS / REBELDES                                     ;00000000;00000;0070;PREPAL                                                 ;00000000;00000;0000;                                                       ;00000000;00000;0000;                                                       ;00000000;00000;0000;                                                       ;00000000;00000;0000;                                                       ;00000000;00000;0000;                                                       ;00000000;00000;0000;                                                       ;00000000;00000;0000;                                                       ;00000000;00000;0000;                                                       ;00000000;00000;0000;                                                       ;00000000;00000;0000;                                                       ;00000000;00000;0000;                                                       ;00000000;00000;0000;                                                       ;00000000;00000;0000;                                                       ;00000000;00000;0000;                                                       ;00000000;00000;0000;                                                       ;00000000;00000;0000;                                                       ;00000000;00000;0000;                                                       ;00000000;00000;0000;                                                       ;00000000;00000;0000;                                                       ;00000000;00000;0000;                                                       ;00000000;00000;0000;                                                       ;00000000;00000;0000;                                                       ;00000000;00000;0000;                                                       ;00000000;00000;0000;                                                       ;00000000;00000;0000;                                                       ;00000000;00000;0000;                                                       ;00000000;00000;0000;                                                       ;00000000;00000;0000;                                                       ;00000000;00000;0000;                                                       ;00000000;00000;0000;                                                       ;00000000;00000;0000;                                                       ;00000000;00000;0000;                                                       ;00000000;00000;0000;                                                       ;00000000;00000;0000;                                                       ;00000000;00000;0000;                                                       ;00000000;00000;0000;                                                       ;00000000;00000;0000;                                                       ;00000000;00000;0000;                                                       ;00000000;00000;0000;                                                       ;00000000;00000;0000;                                                       ;00000000;00000;0000;                                                       ;00000000;00000;0000;                                                       ;00000000;00000;0000;                                                       ;00000000;00000;0000;                                                       ;00000000;00000;0000;                                                       ;00000000;00000;0000;                                                       ;00000000;00000;
2406100033;08;09;9;235;99;Olmedillo de Roa                                  ;99;99;00001;00000129;00000129;10000;00000090;06976;00000039;03023;00000000;00000;00000001;00111;0017;PSOE                                                   ;00000046;05168;0022;PP                                                     ;00000034;03820;0025;PODEMOS                                                ;00000003;00337;0021;VOX                                                    ;00000002;00224;0020;IE                                                     ;00000001;00112;0032;SUMAR                                                  ;00000001;00112;0046;Cs                                                     ;00000001;00112;0048;SAE                                                    ;00000001;00112;0001;IZQESP                                                 ;00000000;00000;0002;CEUS                                                   ;00000000;00000;0009;FO                                                     ;00000000;00000;0010;AHORA REPÚBLICAS (ERC-EH BILDU-BNG-ARA MÉS)            ;00000000;00000;0060;JUNTS UE                                               ;00000000;00000;0019;ANDALUCISTAS                                           ;00000000;00000;0023;ESCAÑOS EN BLANCO                                      ;00000000;00000;0024;CRT                                                    ;00000000;00000;0026;PFAC                                                   ;00000000;00000;0027;PCTE                                                   ;00000000;00000;0029;PCPE/PCPC                                              ;00000000;00000;0039;PACMA                                                  ;00000000;00000;0040;CREE EN EUROPA                                         ;00000000;00000;0041;PMR                                                    ;00000000;00000;0042;AGRUPACIÓN DE ELECTORES "SE ACABÓ LA FIESTA"           ;00000000;00000;0043;F                                                      ;00000000;00000;0072;EXISTE                                                 ;00000000;00000;0047;FE de las JONS                                         ;00000000;00000;0049;J.U.E.X.                                               ;00000000;00000;0050;PH                                                     ;00000000;00000;0051;VOLT                                                   ;00000000;00000;0052;RECORTES CERO                                          ;00000000;00000;0063;EXTREMEÑOS                                             ;00000000;00000;0064;GLG                                                    ;00000000;00000;0065;PIRATAS / REBELDES                                     ;00000000;00000;0070;PREPAL                                                 ;00000000;00000;0000;                                                       ;00000000;00000;0000;                                                       ;00000000;00000;0000;                                                       ;00000000;00000;0000;                                                       ;00000000;00000;0000;                                                       ;00000000;00000;0000;                                                       ;00000000;00000;0000;                                                       ;00000000;00000;0000;                                                       ;00000000;00000;0000;                                                       ;00000000;00000;0000;                                                       ;00000000;00000;0000;                                                       ;00000000;00000;0000;                                                       ;00000000;00000;0000;                                                       ;00000000;00000;0000;                                                       ;00000000;00000;0000;                                                       ;00000000;00000;0000;                                                       ;00000000;00000;0000;                                                       ;00000000;00000;0000;                                                       ;00000000;00000;0000;                                                       ;00000000;00000;0000;                                                       ;00000000;00000;0000;                                                       ;00000000;00000;0000;                                                       ;00000000;00000;0000;                                                       ;00000000;00000;0000;                                                       ;00000000;00000;0000;                                                       ;00000000;00000;0000;                                                       ;00000000;00000;0000;                                                       ;00000000;00000;0000;                                                       ;00000000;00000;0000;                                                       ;00000000;00000;0000;                                                       ;00000000;00000;0000;                                                       ;00000000;00000;0000;                                                       ;00000000;00000;0000;                                                       ;00000000;00000;0000;                                                       ;00000000;00000;0000;                                                       ;00000000;00000;0000;                                                       ;00000000;00000;0000;                                                       ;00000000;00000;0000;                                                       ;00000000;00000;0000;                                                       ;00000000;00000;0000;                                                       ;00000000;00000;0000;                                                       ;00000000;00000;0000;                                                       ;00000000;00000;0000;                                                       ;00000000;00000;0000;                                                       ;00000000;00000;0000;                                                       ;00000000;00000;0000;                                                       ;00000000;00000;
2406100033;08;09;9;236;99;Olmillos de Muñó                                  ;99;99;00001;00000039;00000039;10000;00000023;05897;00000016;04102;00000001;00454;00000001;00434;0022;PP                                                     ;00000015;06818;0021;VOX                                                    ;00000003;01363;0042;AGRUPACIÓN DE ELECTORES "SE ACABÓ LA FIESTA"           ;00000002;00909;0032;SUMAR                                                  ;00000001;00454;0001;IZQESP                                                 ;00000000;00000;0002;CEUS                                                   ;00000000;00000;0009;FO                                                     ;00000000;00000;0010;AHORA REPÚBLICAS (ERC-EH BILDU-BNG-ARA MÉS)            ;00000000;00000;0060;JUNTS UE                                               ;00000000;00000;0017;PSOE                                                   ;00000000;00000;0019;ANDALUCISTAS                                           ;00000000;00000;0020;IE                                                     ;00000000;00000;0023;ESCAÑOS EN BLANCO                                      ;00000000;00000;0024;CRT                                                    ;00000000;00000;0025;PODEMOS                                                ;00000000;00000;0026;PFAC                                                   ;00000000;00000;0027;PCTE                                                   ;00000000;00000;0029;PCPE/PCPC                                              ;00000000;00000;0039;PACMA                                                  ;00000000;00000;0040;CREE EN EUROPA                                         ;00000000;00000;0041;PMR                                                    ;00000000;00000;0043;F                                                      ;00000000;00000;0072;EXISTE                                                 ;00000000;00000;0046;Cs                                                     ;00000000;00000;0047;FE de las JONS                                         ;00000000;00000;0048;SAE                                                    ;00000000;00000;0049;J.U.E.X.                                               ;00000000;00000;0050;PH                                                     ;00000000;00000;0051;VOLT                                                   ;00000000;00000;0052;RECORTES CERO                                          ;00000000;00000;0063;EXTREMEÑOS                                             ;00000000;00000;0064;GLG                                                    ;00000000;00000;0065;PIRATAS / REBELDES                                     ;00000000;00000;0070;PREPAL                                                 ;00000000;00000;0000;                                                       ;00000000;00000;0000;                                                       ;00000000;00000;0000;                                                       ;00000000;00000;0000;                                                       ;00000000;00000;0000;                                                       ;00000000;00000;0000;                                                       ;00000000;00000;0000;                                                       ;00000000;00000;0000;                                                       ;00000000;00000;0000;                                                       ;00000000;00000;0000;                                                       ;00000000;00000;0000;                                                       ;00000000;00000;0000;                                                       ;00000000;00000;0000;                                                       ;00000000;00000;0000;                                                       ;00000000;00000;0000;                                                       ;00000000;00000;0000;                                                       ;00000000;00000;0000;                                                       ;00000000;00000;0000;                                                       ;00000000;00000;0000;                                                       ;00000000;00000;0000;                                                       ;00000000;00000;0000;                                                       ;00000000;00000;0000;                                                       ;00000000;00000;0000;                                                       ;00000000;00000;0000;                                                       ;00000000;00000;0000;                                                       ;00000000;00000;0000;                                                       ;00000000;00000;0000;                                                       ;00000000;00000;0000;                                                       ;00000000;00000;0000;                                                       ;00000000;00000;0000;                                                       ;00000000;00000;0000;                                                       ;00000000;00000;0000;                                                       ;00000000;00000;0000;                                                       ;00000000;00000;0000;                                                       ;00000000;00000;0000;                                                       ;00000000;00000;0000;                                                       ;00000000;00000;0000;                                                       ;00000000;00000;0000;                                                       ;00000000;00000;0000;                                                       ;00000000;00000;0000;                                                       ;00000000;00000;0000;                                                       ;00000000;00000;0000;                                                       ;00000000;00000;0000;                                                       ;00000000;00000;0000;                                                       ;00000000;00000;0000;                                                       ;00000000;00000;0000;                                                       ;00000000;00000;
2406100033;08;09;9;238;99;Oña                                               ;99;99;00002;00000873;00000873;10000;00000379;04341;00000494;05658;00000001;00026;00000005;00131;0022;PP                                                     ;00000163;04358;0017;PSOE                                                   ;00000131;03502;0021;VOX                                                    ;00000035;00935;0032;SUMAR                                                  ;00000012;00320;0025;PODEMOS                                                ;00000008;00213;0042;AGRUPACIÓN DE ELECTORES "SE ACABÓ LA FIESTA"           ;00000006;00160;0039;PACMA                                                  ;00000004;00106;0001;IZQESP                                                 ;00000003;00080;0046;Cs                                                     ;00000003;00080;0002;CEUS                                                   ;00000002;00053;0023;ESCAÑOS EN BLANCO                                      ;00000002;00053;0010;AHORA REPÚBLICAS (ERC-EH BILDU-BNG-ARA MÉS)            ;00000001;00026;0020;IE                                                     ;00000001;00026;0048;SAE                                                    ;00000001;00026;0065;PIRATAS / REBELDES                                     ;00000001;00026;0009;FO                                                     ;00000000;00000;0060;JUNTS UE                                               ;00000000;00000;0019;ANDALUCISTAS                                           ;00000000;00000;0024;CRT                                                    ;00000000;00000;0026;PFAC                                                   ;00000000;00000;0027;PCTE                                                   ;00000000;00000;0029;PCPE/PCPC                                              ;00000000;00000;0040;CREE EN EUROPA                                         ;00000000;00000;0041;PMR                                                    ;00000000;00000;0043;F                                                      ;00000000;00000;0072;EXISTE                                                 ;00000000;00000;0047;FE de las JONS                                         ;00000000;00000;0049;J.U.E.X.                                               ;00000000;00000;0050;PH                                                     ;00000000;00000;0051;VOLT                                                   ;00000000;00000;0052;RECORTES CERO                                          ;00000000;00000;0063;EXTREMEÑOS                                             ;00000000;00000;0064;GLG                                                    ;00000000;00000;0070;PREPAL                                                 ;00000000;00000;0000;                                                       ;00000000;00000;0000;                                                       ;00000000;00000;0000;                                                       ;00000000;00000;0000;                                                       ;00000000;00000;0000;                                                       ;00000000;00000;0000;                                                       ;00000000;00000;0000;                                                       ;00000000;00000;0000;                                                       ;00000000;00000;0000;                                                       ;00000000;00000;0000;                                                       ;00000000;00000;0000;                                                       ;00000000;00000;0000;                                                       ;00000000;00000;0000;                                                       ;00000000;00000;0000;                                                       ;00000000;00000;0000;                                                       ;00000000;00000;0000;                                                       ;00000000;00000;0000;                                                       ;00000000;00000;0000;                                                       ;00000000;00000;0000;                                                       ;00000000;00000;0000;                                                       ;00000000;00000;0000;                                                       ;00000000;00000;0000;                                                       ;00000000;00000;0000;                                                       ;00000000;00000;0000;                                                       ;00000000;00000;0000;                                                       ;00000000;00000;0000;                                                       ;00000000;00000;0000;                                                       ;00000000;00000;0000;                                                       ;00000000;00000;0000;                                                       ;00000000;00000;0000;                                                       ;00000000;00000;0000;                                                       ;00000000;00000;0000;                                                       ;00000000;00000;0000;                                                       ;00000000;00000;0000;                                                       ;00000000;00000;0000;                                                       ;00000000;00000;0000;                                                       ;00000000;00000;0000;                                                       ;00000000;00000;0000;                                                       ;00000000;00000;0000;                                                       ;00000000;00000;0000;                                                       ;00000000;00000;0000;                                                       ;00000000;00000;0000;                                                       ;00000000;00000;0000;                                                       ;00000000;00000;0000;                                                       ;00000000;00000;0000;                                                       ;00000000;00000;0000;                                                       ;00000000;00000;
2406100033;08;09;9;239;99;Oquillas                                          ;99;99;00001;00000044;00000044;10000;00000025;05681;00000019;04318;00000000;00000;00000001;00400;0022;PP                                                     ;00000014;05833;0017;PSOE                                                   ;00000005;02083;0021;VOX                                                    ;00000002;00833;0042;AGRUPACIÓN DE ELECTORES "SE ACABÓ LA FIESTA"           ;00000002;00833;0047;FE de las JONS                                         ;00000001;00416;0001;IZQESP                                                 ;00000000;00000;0002;CEUS                                                   ;00000000;00000;0009;FO                                                     ;00000000;00000;0010;AHORA REPÚBLICAS (ERC-EH BILDU-BNG-ARA MÉS)            ;00000000;00000;0060;JUNTS UE                                               ;00000000;00000;0019;ANDALUCISTAS                                           ;00000000;00000;0020;IE                                                     ;00000000;00000;0023;ESCAÑOS EN BLANCO                                      ;00000000;00000;0024;CRT                                                    ;00000000;00000;0025;PODEMOS                                                ;00000000;00000;0026;PFAC                                                   ;00000000;00000;0027;PCTE                                                   ;00000000;00000;0029;PCPE/PCPC                                              ;00000000;00000;0032;SUMAR                                                  ;00000000;00000;0039;PACMA                                                  ;00000000;00000;0040;CREE EN EUROPA                                         ;00000000;00000;0041;PMR                                                    ;00000000;00000;0043;F                                                      ;00000000;00000;0072;EXISTE                                                 ;00000000;00000;0046;Cs                                                     ;00000000;00000;0048;SAE                                                    ;00000000;00000;0049;J.U.E.X.                                               ;00000000;00000;0050;PH                                                     ;00000000;00000;0051;VOLT                                                   ;00000000;00000;0052;RECORTES CERO                                          ;00000000;00000;0063;EXTREMEÑOS                                             ;00000000;00000;0064;GLG                                                    ;00000000;00000;0065;PIRATAS / REBELDES                                     ;00000000;00000;0070;PREPAL                                                 ;00000000;00000;0000;                                                       ;00000000;00000;0000;                                                       ;00000000;00000;0000;                                                       ;00000000;00000;0000;                                                       ;00000000;00000;0000;                                                       ;00000000;00000;0000;                                                       ;00000000;00000;0000;                                                       ;00000000;00000;0000;                                                       ;00000000;00000;0000;                                                       ;00000000;00000;0000;                                                       ;00000000;00000;0000;                                                       ;00000000;00000;0000;                                                       ;00000000;00000;0000;                                                       ;00000000;00000;0000;                                                       ;00000000;00000;0000;                                                       ;00000000;00000;0000;                                                       ;00000000;00000;0000;                                                       ;00000000;00000;0000;                                                       ;00000000;00000;0000;                                                       ;00000000;00000;0000;                                                       ;00000000;00000;0000;                                                       ;00000000;00000;0000;                                                       ;00000000;00000;0000;                                                       ;00000000;00000;0000;                                                       ;00000000;00000;0000;                                                       ;00000000;00000;0000;                                                       ;00000000;00000;0000;                                                       ;00000000;00000;0000;                                                       ;00000000;00000;0000;                                                       ;00000000;00000;0000;                                                       ;00000000;00000;0000;                                                       ;00000000;00000;0000;                                                       ;00000000;00000;0000;                                                       ;00000000;00000;0000;                                                       ;00000000;00000;0000;                                                       ;00000000;00000;0000;                                                       ;00000000;00000;0000;                                                       ;00000000;00000;0000;                                                       ;00000000;00000;0000;                                                       ;00000000;00000;0000;                                                       ;00000000;00000;0000;                                                       ;00000000;00000;0000;                                                       ;00000000;00000;0000;                                                       ;00000000;00000;0000;                                                       ;00000000;00000;0000;                                                       ;00000000;00000;0000;                                                       ;00000000;00000;
2406100033;08;09;9;241;99;Orbaneja Riopico                                  ;99;99;00001;00000253;00000253;10000;00000138;05454;00000115;04545;00000002;00145;00000001;00072;0022;PP                                                     ;00000046;03357;0017;PSOE                                                   ;00000034;02481;0021;VOX                                                    ;00000026;01897;0042;AGRUPACIÓN DE ELECTORES "SE ACABÓ LA FIESTA"           ;00000007;00510;0032;SUMAR                                                  ;00000006;00437;0046;Cs                                                     ;00000003;00218;0009;FO                                                     ;00000002;00145;0027;PCTE                                                   ;00000002;00145;0010;AHORA REPÚBLICAS (ERC-EH BILDU-BNG-ARA MÉS)            ;00000001;00072;0025;PODEMOS                                                ;00000001;00072;0039;PACMA                                                  ;00000001;00072;0043;F                                                      ;00000001;00072;0047;FE de las JONS                                         ;00000001;00072;0051;VOLT                                                   ;00000001;00072;0052;RECORTES CERO                                          ;00000001;00072;0064;GLG                                                    ;00000001;00072;0065;PIRATAS / REBELDES                                     ;00000001;00072;0001;IZQESP                                                 ;00000000;00000;0002;CEUS                                                   ;00000000;00000;0060;JUNTS UE                                               ;00000000;00000;0019;ANDALUCISTAS                                           ;00000000;00000;0020;IE                                                     ;00000000;00000;0023;ESCAÑOS EN BLANCO                                      ;00000000;00000;0024;CRT                                                    ;00000000;00000;0026;PFAC                                                   ;00000000;00000;0029;PCPE/PCPC                                              ;00000000;00000;0040;CREE EN EUROPA                                         ;00000000;00000;0041;PMR                                                    ;00000000;00000;0072;EXISTE                                                 ;00000000;00000;0048;SAE                                                    ;00000000;00000;0049;J.U.E.X.                                               ;00000000;00000;0050;PH                                                     ;00000000;00000;0063;EXTREMEÑOS                                             ;00000000;00000;0070;PREPAL                                                 ;00000000;00000;0000;                                                       ;00000000;00000;0000;                                                       ;00000000;00000;0000;                                                       ;00000000;00000;0000;                                                       ;00000000;00000;0000;                                                       ;00000000;00000;0000;                                                       ;00000000;00000;0000;                                                       ;00000000;00000;0000;                                                       ;00000000;00000;0000;                                                       ;00000000;00000;0000;                                                       ;00000000;00000;0000;                                                       ;00000000;00000;0000;                                                       ;00000000;00000;0000;                                                       ;00000000;00000;0000;                                                       ;00000000;00000;0000;                                                       ;00000000;00000;0000;                                                       ;00000000;00000;0000;                                                       ;00000000;00000;0000;                                                       ;00000000;00000;0000;                                                       ;00000000;00000;0000;                                                       ;00000000;00000;0000;                                                       ;00000000;00000;0000;                                                       ;00000000;00000;0000;                                                       ;00000000;00000;0000;                                                       ;00000000;00000;0000;                                                       ;00000000;00000;0000;                                                       ;00000000;00000;0000;                                                       ;00000000;00000;0000;                                                       ;00000000;00000;0000;                                                       ;00000000;00000;0000;                                                       ;00000000;00000;0000;                                                       ;00000000;00000;0000;                                                       ;00000000;00000;0000;                                                       ;00000000;00000;0000;                                                       ;00000000;00000;0000;                                                       ;00000000;00000;0000;                                                       ;00000000;00000;0000;                                                       ;00000000;00000;0000;                                                       ;00000000;00000;0000;                                                       ;00000000;00000;0000;                                                       ;00000000;00000;0000;                                                       ;00000000;00000;0000;                                                       ;00000000;00000;0000;                                                       ;00000000;00000;0000;                                                       ;00000000;00000;0000;                                                       ;00000000;00000;0000;                                                       ;00000000;00000;
2406100033;08;09;9;242;99;Padilla de Abajo                                  ;99;99;00001;00000066;00000066;10000;00000048;07272;00000018;02727;00000001;00208;00000000;00000;0022;PP                                                     ;00000024;05000;0017;PSOE                                                   ;00000017;03541;0021;VOX                                                    ;00000002;00416;0042;AGRUPACIÓN DE ELECTORES "SE ACABÓ LA FIESTA"           ;00000002;00416;0025;PODEMOS                                                ;00000001;00208;0032;SUMAR                                                  ;00000001;00208;0001;IZQESP                                                 ;00000000;00000;0002;CEUS                                                   ;00000000;00000;0009;FO                                                     ;00000000;00000;0010;AHORA REPÚBLICAS (ERC-EH BILDU-BNG-ARA MÉS)            ;00000000;00000;0060;JUNTS UE                                               ;00000000;00000;0019;ANDALUCISTAS                                           ;00000000;00000;0020;IE                                                     ;00000000;00000;0023;ESCAÑOS EN BLANCO                                      ;00000000;00000;0024;CRT                                                    ;00000000;00000;0026;PFAC                                                   ;00000000;00000;0027;PCTE                                                   ;00000000;00000;0029;PCPE/PCPC                                              ;00000000;00000;0039;PACMA                                                  ;00000000;00000;0040;CREE EN EUROPA                                         ;00000000;00000;0041;PMR                                                    ;00000000;00000;0043;F                                                      ;00000000;00000;0072;EXISTE                                                 ;00000000;00000;0046;Cs                                                     ;00000000;00000;0047;FE de las JONS                                         ;00000000;00000;0048;SAE                                                    ;00000000;00000;0049;J.U.E.X.                                               ;00000000;00000;0050;PH                                                     ;00000000;00000;0051;VOLT                                                   ;00000000;00000;0052;RECORTES CERO                                          ;00000000;00000;0063;EXTREMEÑOS                                             ;00000000;00000;0064;GLG                                                    ;00000000;00000;0065;PIRATAS / REBELDES                                     ;00000000;00000;0070;PREPAL                                                 ;00000000;00000;0000;                                                       ;00000000;00000;0000;                                                       ;00000000;00000;0000;                                                       ;00000000;00000;0000;                                                       ;00000000;00000;0000;                                                       ;00000000;00000;0000;                                                       ;00000000;00000;0000;                                                       ;00000000;00000;0000;                                                       ;00000000;00000;0000;                                                       ;00000000;00000;0000;                                                       ;00000000;00000;0000;                                                       ;00000000;00000;0000;                                                       ;00000000;00000;0000;                                                       ;00000000;00000;0000;                                                       ;00000000;00000;0000;                                                       ;00000000;00000;0000;                                                       ;00000000;00000;0000;                                                       ;00000000;00000;0000;                                                       ;00000000;00000;0000;                                                       ;00000000;00000;0000;                                                       ;00000000;00000;0000;                                                       ;00000000;00000;0000;                                                       ;00000000;00000;0000;                                                       ;00000000;00000;0000;                                                       ;00000000;00000;0000;                                                       ;00000000;00000;0000;                                                       ;00000000;00000;0000;                                                       ;00000000;00000;0000;                                                       ;00000000;00000;0000;                                                       ;00000000;00000;0000;                                                       ;00000000;00000;0000;                                                       ;00000000;00000;0000;                                                       ;00000000;00000;0000;                                                       ;00000000;00000;0000;                                                       ;00000000;00000;0000;                                                       ;00000000;00000;0000;                                                       ;00000000;00000;0000;                                                       ;00000000;00000;0000;                                                       ;00000000;00000;0000;                                                       ;00000000;00000;0000;                                                       ;00000000;00000;0000;                                                       ;00000000;00000;0000;                                                       ;00000000;00000;0000;                                                       ;00000000;00000;0000;                                                       ;00000000;00000;0000;                                                       ;00000000;00000;0000;                                                       ;00000000;00000;
2406100033;08;09;9;243;99;Padilla de Arriba                                 ;99;99;00001;00000079;00000079;10000;00000053;06708;00000026;03291;00000000;00000;00000002;00377;0022;PP                                                     ;00000021;04117;0017;PSOE                                                   ;00000014;02745;0021;VOX                                                    ;00000006;01176;0042;AGRUPACIÓN DE ELECTORES "SE ACABÓ LA FIESTA"           ;00000003;00588;0025;PODEMOS                                                ;00000002;00392;0020;IE                                                     ;00000001;00196;0026;PFAC                                                   ;00000001;00196;0032;SUMAR                                                  ;00000001;00196;0043;F                                                      ;00000001;00196;0046;Cs                                                     ;00000001;00196;0001;IZQESP                                                 ;00000000;00000;0002;CEUS                                                   ;00000000;00000;0009;FO                                                     ;00000000;00000;0010;AHORA REPÚBLICAS (ERC-EH BILDU-BNG-ARA MÉS)            ;00000000;00000;0060;JUNTS UE                                               ;00000000;00000;0019;ANDALUCISTAS                                           ;00000000;00000;0023;ESCAÑOS EN BLANCO                                      ;00000000;00000;0024;CRT                                                    ;00000000;00000;0027;PCTE                                                   ;00000000;00000;0029;PCPE/PCPC                                              ;00000000;00000;0039;PACMA                                                  ;00000000;00000;0040;CREE EN EUROPA                                         ;00000000;00000;0041;PMR                                                    ;00000000;00000;0072;EXISTE                                                 ;00000000;00000;0047;FE de las JONS                                         ;00000000;00000;0048;SAE                                                    ;00000000;00000;0049;J.U.E.X.                                               ;00000000;00000;0050;PH                                                     ;00000000;00000;0051;VOLT                                                   ;00000000;00000;0052;RECORTES CERO                                          ;00000000;00000;0063;EXTREMEÑOS                                             ;00000000;00000;0064;GLG                                                    ;00000000;00000;0065;PIRATAS / REBELDES                                     ;00000000;00000;0070;PREPAL                                                 ;00000000;00000;0000;                                                       ;00000000;00000;0000;                                                       ;00000000;00000;0000;                                                       ;00000000;00000;0000;                                                       ;00000000;00000;0000;                                                       ;00000000;00000;0000;                                                       ;00000000;00000;0000;                                                       ;00000000;00000;0000;                                                       ;00000000;00000;0000;                                                       ;00000000;00000;0000;                                                       ;00000000;00000;0000;                                                       ;00000000;00000;0000;                                                       ;00000000;00000;0000;                                                       ;00000000;00000;0000;                                                       ;00000000;00000;0000;                                                       ;00000000;00000;0000;                                                       ;00000000;00000;0000;                                                       ;00000000;00000;0000;                                                       ;00000000;00000;0000;                                                       ;00000000;00000;0000;                                                       ;00000000;00000;0000;                                                       ;00000000;00000;0000;                                                       ;00000000;00000;0000;                                                       ;00000000;00000;0000;                                                       ;00000000;00000;0000;                                                       ;00000000;00000;0000;                                                       ;00000000;00000;0000;                                                       ;00000000;00000;0000;                                                       ;00000000;00000;0000;                                                       ;00000000;00000;0000;                                                       ;00000000;00000;0000;                                                       ;00000000;00000;0000;                                                       ;00000000;00000;0000;                                                       ;00000000;00000;0000;                                                       ;00000000;00000;0000;                                                       ;00000000;00000;0000;                                                       ;00000000;00000;0000;                                                       ;00000000;00000;0000;                                                       ;00000000;00000;0000;                                                       ;00000000;00000;0000;                                                       ;00000000;00000;0000;                                                       ;00000000;00000;0000;                                                       ;00000000;00000;0000;                                                       ;00000000;00000;0000;                                                       ;00000000;00000;0000;                                                       ;00000000;00000;0000;                                                       ;00000000;00000;
2406100033;08;09;9;244;99;Padrones de Bureba                                ;99;99;00001;00000044;00000044;10000;00000027;06136;00000017;03863;00000000;00000;00000000;00000;0022;PP                                                     ;00000012;04444;0017;PSOE                                                   ;00000007;02592;0021;VOX                                                    ;00000003;01111;0032;SUMAR                                                  ;00000002;00740;0042;AGRUPACIÓN DE ELECTORES "SE ACABÓ LA FIESTA"           ;00000002;00740;0039;PACMA                                                  ;00000001;00370;0001;IZQESP                                                 ;00000000;00000;0002;CEUS                                                   ;00000000;00000;0009;FO                                                     ;00000000;00000;0010;AHORA REPÚBLICAS (ERC-EH BILDU-BNG-ARA MÉS)            ;00000000;00000;0060;JUNTS UE                                               ;00000000;00000;0019;ANDALUCISTAS                                           ;00000000;00000;0020;IE                                                     ;00000000;00000;0023;ESCAÑOS EN BLANCO                                      ;00000000;00000;0024;CRT                                                    ;00000000;00000;0025;PODEMOS                                                ;00000000;00000;0026;PFAC                                                   ;00000000;00000;0027;PCTE                                                   ;00000000;00000;0029;PCPE/PCPC                                              ;00000000;00000;0040;CREE EN EUROPA                                         ;00000000;00000;0041;PMR                                                    ;00000000;00000;0043;F                                                      ;00000000;00000;0072;EXISTE                                                 ;00000000;00000;0046;Cs                                                     ;00000000;00000;0047;FE de las JONS                                         ;00000000;00000;0048;SAE                                                    ;00000000;00000;0049;J.U.E.X.                                               ;00000000;00000;0050;PH                                                     ;00000000;00000;0051;VOLT                                                   ;00000000;00000;0052;RECORTES CERO                                          ;00000000;00000;0063;EXTREMEÑOS                                             ;00000000;00000;0064;GLG                                                    ;00000000;00000;0065;PIRATAS / REBELDES                                     ;00000000;00000;0070;PREPAL                                                 ;00000000;00000;0000;                                                       ;00000000;00000;0000;                                                       ;00000000;00000;0000;                                                       ;00000000;00000;0000;                                                       ;00000000;00000;0000;                                                       ;00000000;00000;0000;                                                       ;00000000;00000;0000;                                                       ;00000000;00000;0000;                                                       ;00000000;00000;0000;                                                       ;00000000;00000;0000;                                                       ;00000000;00000;0000;                                                       ;00000000;00000;0000;                                                       ;00000000;00000;0000;                                                       ;00000000;00000;0000;                                                       ;00000000;00000;0000;                                                       ;00000000;00000;0000;                                                       ;00000000;00000;0000;                                                       ;00000000;00000;0000;                                                       ;00000000;00000;0000;                                                       ;00000000;00000;0000;                                                       ;00000000;00000;0000;                                                       ;00000000;00000;0000;                                                       ;00000000;00000;0000;                                                       ;00000000;00000;0000;                                                       ;00000000;00000;0000;                                                       ;00000000;00000;0000;                                                       ;00000000;00000;0000;                                                       ;00000000;00000;0000;                                                       ;00000000;00000;0000;                                                       ;00000000;00000;0000;                                                       ;00000000;00000;0000;                                                       ;00000000;00000;0000;                                                       ;00000000;00000;0000;                                                       ;00000000;00000;0000;                                                       ;00000000;00000;0000;                                                       ;00000000;00000;0000;                                                       ;00000000;00000;0000;                                                       ;00000000;00000;0000;                                                       ;00000000;00000;0000;                                                       ;00000000;00000;0000;                                                       ;00000000;00000;0000;                                                       ;00000000;00000;0000;                                                       ;00000000;00000;0000;                                                       ;00000000;00000;0000;                                                       ;00000000;00000;0000;                                                       ;00000000;00000;0000;                                                       ;00000000;00000;
2406100033;08;09;9;246;99;Palacios de la Sierra                             ;99;99;00001;00000567;00000567;10000;00000312;05502;00000255;04497;00000001;00032;00000002;00064;0022;PP                                                     ;00000150;04838;0017;PSOE                                                   ;00000074;02387;0021;VOX                                                    ;00000028;00903;0042;AGRUPACIÓN DE ELECTORES "SE ACABÓ LA FIESTA"           ;00000015;00483;0025;PODEMOS                                                ;00000013;00419;0072;EXISTE                                                 ;00000010;00322;0032;SUMAR                                                  ;00000005;00161;0010;AHORA REPÚBLICAS (ERC-EH BILDU-BNG-ARA MÉS)            ;00000003;00096;0009;FO                                                     ;00000002;00064;0039;PACMA                                                  ;00000002;00064;0046;Cs                                                     ;00000002;00064;0051;VOLT                                                   ;00000002;00064;0026;PFAC                                                   ;00000001;00032;0040;CREE EN EUROPA                                         ;00000001;00032;0047;FE de las JONS                                         ;00000001;00032;0001;IZQESP                                                 ;00000000;00000;0002;CEUS                                                   ;00000000;00000;0060;JUNTS UE                                               ;00000000;00000;0019;ANDALUCISTAS                                           ;00000000;00000;0020;IE                                                     ;00000000;00000;0023;ESCAÑOS EN BLANCO                                      ;00000000;00000;0024;CRT                                                    ;00000000;00000;0027;PCTE                                                   ;00000000;00000;0029;PCPE/PCPC                                              ;00000000;00000;0041;PMR                                                    ;00000000;00000;0043;F                                                      ;00000000;00000;0048;SAE                                                    ;00000000;00000;0049;J.U.E.X.                                               ;00000000;00000;0050;PH                                                     ;00000000;00000;0052;RECORTES CERO                                          ;00000000;00000;0063;EXTREMEÑOS                                             ;00000000;00000;0064;GLG                                                    ;00000000;00000;0065;PIRATAS / REBELDES                                     ;00000000;00000;0070;PREPAL                                                 ;00000000;00000;0000;                                                       ;00000000;00000;0000;                                                       ;00000000;00000;0000;                                                       ;00000000;00000;0000;                                                       ;00000000;00000;0000;                                                       ;00000000;00000;0000;                                                       ;00000000;00000;0000;                                                       ;00000000;00000;0000;                                                       ;00000000;00000;0000;                                                       ;00000000;00000;0000;                                                       ;00000000;00000;0000;                                                       ;00000000;00000;0000;                                                       ;00000000;00000;0000;                                                       ;00000000;00000;0000;                                                       ;00000000;00000;0000;                                                       ;00000000;00000;0000;                                                       ;00000000;00000;0000;                                                       ;00000000;00000;0000;                                                       ;00000000;00000;0000;                                                       ;00000000;00000;0000;                                                       ;00000000;00000;0000;                                                       ;00000000;00000;0000;                                                       ;00000000;00000;0000;                                                       ;00000000;00000;0000;                                                       ;00000000;00000;0000;                                                       ;00000000;00000;0000;                                                       ;00000000;00000;0000;                                                       ;00000000;00000;0000;                                                       ;00000000;00000;0000;                                                       ;00000000;00000;0000;                                                       ;00000000;00000;0000;                                                       ;00000000;00000;0000;                                                       ;00000000;00000;0000;                                                       ;00000000;00000;0000;                                                       ;00000000;00000;0000;                                                       ;00000000;00000;0000;                                                       ;00000000;00000;0000;                                                       ;00000000;00000;0000;                                                       ;00000000;00000;0000;                                                       ;00000000;00000;0000;                                                       ;00000000;00000;0000;                                                       ;00000000;00000;0000;                                                       ;00000000;00000;0000;                                                       ;00000000;00000;0000;                                                       ;00000000;00000;0000;                                                       ;00000000;00000;0000;                                                       ;00000000;00000;
2406100033;08;09;9;247;99;Palacios de Riopisuerga                           ;99;99;00001;00000014;00000014;10000;00000014;10000;00000000;00000;00000001;00714;00000000;00000;0022;PP                                                     ;00000007;05000;0017;PSOE                                                   ;00000005;03571;0021;VOX                                                    ;00000001;00714;0001;IZQESP                                                 ;00000000;00000;0002;CEUS                                                   ;00000000;00000;0009;FO                                                     ;00000000;00000;0010;AHORA REPÚBLICAS (ERC-EH BILDU-BNG-ARA MÉS)            ;00000000;00000;0060;JUNTS UE                                               ;00000000;00000;0019;ANDALUCISTAS                                           ;00000000;00000;0020;IE                                                     ;00000000;00000;0023;ESCAÑOS EN BLANCO                                      ;00000000;00000;0024;CRT                                                    ;00000000;00000;0025;PODEMOS                                                ;00000000;00000;0026;PFAC                                                   ;00000000;00000;0027;PCTE                                                   ;00000000;00000;0029;PCPE/PCPC                                              ;00000000;00000;0032;SUMAR                                                  ;00000000;00000;0039;PACMA                                                  ;00000000;00000;0040;CREE EN EUROPA                                         ;00000000;00000;0041;PMR                                                    ;00000000;00000;0042;AGRUPACIÓN DE ELECTORES "SE ACABÓ LA FIESTA"           ;00000000;00000;0043;F                                                      ;00000000;00000;0072;EXISTE                                                 ;00000000;00000;0046;Cs                                                     ;00000000;00000;0047;FE de las JONS                                         ;00000000;00000;0048;SAE                                                    ;00000000;00000;0049;J.U.E.X.                                               ;00000000;00000;0050;PH                                                     ;00000000;00000;0051;VOLT                                                   ;00000000;00000;0052;RECORTES CERO                                          ;00000000;00000;0063;EXTREMEÑOS                                             ;00000000;00000;0064;GLG                                                    ;00000000;00000;0065;PIRATAS / REBELDES                                     ;00000000;00000;0070;PREPAL                                                 ;00000000;00000;0000;                                                       ;00000000;00000;0000;                                                       ;00000000;00000;0000;                                                       ;00000000;00000;0000;                                                       ;00000000;00000;0000;                                                       ;00000000;00000;0000;                                                       ;00000000;00000;0000;                                                       ;00000000;00000;0000;                                                       ;00000000;00000;0000;                                                       ;00000000;00000;0000;                                                       ;00000000;00000;0000;                                                       ;00000000;00000;0000;                                                       ;00000000;00000;0000;                                                       ;00000000;00000;0000;                                                       ;00000000;00000;0000;                                                       ;00000000;00000;0000;                                                       ;00000000;00000;0000;                                                       ;00000000;00000;0000;                                                       ;00000000;00000;0000;                                                       ;00000000;00000;0000;                                                       ;00000000;00000;0000;                                                       ;00000000;00000;0000;                                                       ;00000000;00000;0000;                                                       ;00000000;00000;0000;                                                       ;00000000;00000;0000;                                                       ;00000000;00000;0000;                                                       ;00000000;00000;0000;                                                       ;00000000;00000;0000;                                                       ;00000000;00000;0000;                                                       ;00000000;00000;0000;                                                       ;00000000;00000;0000;                                                       ;00000000;00000;0000;                                                       ;00000000;00000;0000;                                                       ;00000000;00000;0000;                                                       ;00000000;00000;0000;                                                       ;00000000;00000;0000;                                                       ;00000000;00000;0000;                                                       ;00000000;00000;0000;                                                       ;00000000;00000;0000;                                                       ;00000000;00000;0000;                                                       ;00000000;00000;0000;                                                       ;00000000;00000;0000;                                                       ;00000000;00000;0000;                                                       ;00000000;00000;0000;                                                       ;00000000;00000;0000;                                                       ;00000000;00000;0000;                                                       ;00000000;00000;
2406100033;08;09;9;248;99;Palazuelos de la Sierra                           ;99;99;00001;00000088;00000088;10000;00000061;06931;00000027;03068;00000001;00163;00000000;00000;0022;PP                                                     ;00000039;06393;0017;PSOE                                                   ;00000010;01639;0021;VOX                                                    ;00000004;00655;0042;AGRUPACIÓN DE ELECTORES "SE ACABÓ LA FIESTA"           ;00000004;00655;0032;SUMAR                                                  ;00000002;00327;0046;Cs                                                     ;00000001;00163;0001;IZQESP                                                 ;00000000;00000;0002;CEUS                                                   ;00000000;00000;0009;FO                                                     ;00000000;00000;0010;AHORA REPÚBLICAS (ERC-EH BILDU-BNG-ARA MÉS)            ;00000000;00000;0060;JUNTS UE                                               ;00000000;00000;0019;ANDALUCISTAS                                           ;00000000;00000;0020;IE                                                     ;00000000;00000;0023;ESCAÑOS EN BLANCO                                      ;00000000;00000;0024;CRT                                                    ;00000000;00000;0025;PODEMOS                                                ;00000000;00000;0026;PFAC                                                   ;00000000;00000;0027;PCTE                                                   ;00000000;00000;0029;PCPE/PCPC                                              ;00000000;00000;0039;PACMA                                                  ;00000000;00000;0040;CREE EN EUROPA                                         ;00000000;00000;0041;PMR                                                    ;00000000;00000;0043;F                                                      ;00000000;00000;0072;EXISTE                                                 ;00000000;00000;0047;FE de las JONS                                         ;00000000;00000;0048;SAE                                                    ;00000000;00000;0049;J.U.E.X.                                               ;00000000;00000;0050;PH                                                     ;00000000;00000;0051;VOLT                                                   ;00000000;00000;0052;RECORTES CERO                                          ;00000000;00000;0063;EXTREMEÑOS                                             ;00000000;00000;0064;GLG                                                    ;00000000;00000;0065;PIRATAS / REBELDES                                     ;00000000;00000;0070;PREPAL                                                 ;00000000;00000;0000;                                                       ;00000000;00000;0000;                                                       ;00000000;00000;0000;                                                       ;00000000;00000;0000;                                                       ;00000000;00000;0000;                                                       ;00000000;00000;0000;                                                       ;00000000;00000;0000;                                                       ;00000000;00000;0000;                                                       ;00000000;00000;0000;                                                       ;00000000;00000;0000;                                                       ;00000000;00000;0000;                                                       ;00000000;00000;0000;                                                       ;00000000;00000;0000;                                                       ;00000000;00000;0000;                                                       ;00000000;00000;0000;                                                       ;00000000;00000;0000;                                                       ;00000000;00000;0000;                                                       ;00000000;00000;0000;                                                       ;00000000;00000;0000;                                                       ;00000000;00000;0000;                                                       ;00000000;00000;0000;                                                       ;00000000;00000;0000;                                                       ;00000000;00000;0000;                                                       ;00000000;00000;0000;                                                       ;00000000;00000;0000;                                                       ;00000000;00000;0000;                                                       ;00000000;00000;0000;                                                       ;00000000;00000;0000;                                                       ;00000000;00000;0000;                                                       ;00000000;00000;0000;                                                       ;00000000;00000;0000;                                                       ;00000000;00000;0000;                                                       ;00000000;00000;0000;                                                       ;00000000;00000;0000;                                                       ;00000000;00000;0000;                                                       ;00000000;00000;0000;                                                       ;00000000;00000;0000;                                                       ;00000000;00000;0000;                                                       ;00000000;00000;0000;                                                       ;00000000;00000;0000;                                                       ;00000000;00000;0000;                                                       ;00000000;00000;0000;                                                       ;00000000;00000;0000;                                                       ;00000000;00000;0000;                                                       ;00000000;00000;0000;                                                       ;00000000;00000;0000;                                                       ;00000000;00000;
2406100033;08;09;9;249;99;Palazuelos de Muñó                                ;99;99;00001;00000052;00000052;10000;00000034;06538;00000018;03461;00000000;00000;00000000;00000;0022;PP                                                     ;00000019;05588;0017;PSOE                                                   ;00000005;01470;0021;VOX                                                    ;00000004;01176;0032;SUMAR                                                  ;00000002;00588;0039;PACMA                                                  ;00000002;00588;0042;AGRUPACIÓN DE ELECTORES "SE ACABÓ LA FIESTA"           ;00000002;00588;0001;IZQESP                                                 ;00000000;00000;0002;CEUS                                                   ;00000000;00000;0009;FO                                                     ;00000000;00000;0010;AHORA REPÚBLICAS (ERC-EH BILDU-BNG-ARA MÉS)            ;00000000;00000;0060;JUNTS UE                                               ;00000000;00000;0019;ANDALUCISTAS                                           ;00000000;00000;0020;IE                                                     ;00000000;00000;0023;ESCAÑOS EN BLANCO                                      ;00000000;00000;0024;CRT                                                    ;00000000;00000;0025;PODEMOS                                                ;00000000;00000;0026;PFAC                                                   ;00000000;00000;0027;PCTE                                                   ;00000000;00000;0029;PCPE/PCPC                                              ;00000000;00000;0040;CREE EN EUROPA                                         ;00000000;00000;0041;PMR                                                    ;00000000;00000;0043;F                                                      ;00000000;00000;0072;EXISTE                                                 ;00000000;00000;0046;Cs                                                     ;00000000;00000;0047;FE de las JONS                                         ;00000000;00000;0048;SAE                                                    ;00000000;00000;0049;J.U.E.X.                                               ;00000000;00000;0050;PH                                                     ;00000000;00000;0051;VOLT                                                   ;00000000;00000;0052;RECORTES CERO                                          ;00000000;00000;0063;EXTREMEÑOS                                             ;00000000;00000;0064;GLG                                                    ;00000000;00000;0065;PIRATAS / REBELDES                                     ;00000000;00000;0070;PREPAL                                                 ;00000000;00000;0000;                                                       ;00000000;00000;0000;                                                       ;00000000;00000;0000;                                                       ;00000000;00000;0000;                                                       ;00000000;00000;0000;                                                       ;00000000;00000;0000;                                                       ;00000000;00000;0000;                                                       ;00000000;00000;0000;                                                       ;00000000;00000;0000;                                                       ;00000000;00000;0000;                                                       ;00000000;00000;0000;                                                       ;00000000;00000;0000;                                                       ;00000000;00000;0000;                                                       ;00000000;00000;0000;                                                       ;00000000;00000;0000;                                                       ;00000000;00000;0000;                                                       ;00000000;00000;0000;                                                       ;00000000;00000;0000;                                                       ;00000000;00000;0000;                                                       ;00000000;00000;0000;                                                       ;00000000;00000;0000;                                                       ;00000000;00000;0000;                                                       ;00000000;00000;0000;                                                       ;00000000;00000;0000;                                                       ;00000000;00000;0000;                                                       ;00000000;00000;0000;                                                       ;00000000;00000;0000;                                                       ;00000000;00000;0000;                                                       ;00000000;00000;0000;                                                       ;00000000;00000;0000;                                                       ;00000000;00000;0000;                                                       ;00000000;00000;0000;                                                       ;00000000;00000;0000;                                                       ;00000000;00000;0000;                                                       ;00000000;00000;0000;                                                       ;00000000;00000;0000;                                                       ;00000000;00000;0000;                                                       ;00000000;00000;0000;                                                       ;00000000;00000;0000;                                                       ;00000000;00000;0000;                                                       ;00000000;00000;0000;                                                       ;00000000;00000;0000;                                                       ;00000000;00000;0000;                                                       ;00000000;00000;0000;                                                       ;00000000;00000;0000;                                                       ;00000000;00000;0000;                                                       ;00000000;00000;
2406100033;08;09;9;250;99;Pampliega                                         ;99;99;00001;00000257;00000257;10000;00000169;06575;00000088;03424;00000000;00000;00000003;00177;0022;PP                                                     ;00000075;04518;0017;PSOE                                                   ;00000060;03614;0021;VOX                                                    ;00000016;00963;0042;AGRUPACIÓN DE ELECTORES "SE ACABÓ LA FIESTA"           ;00000005;00301;0025;PODEMOS                                                ;00000003;00180;0032;SUMAR                                                  ;00000003;00180;0026;PFAC                                                   ;00000001;00060;0039;PACMA                                                  ;00000001;00060;0072;EXISTE                                                 ;00000001;00060;0048;SAE                                                    ;00000001;00060;0001;IZQESP                                                 ;00000000;00000;0002;CEUS                                                   ;00000000;00000;0009;FO                                                     ;00000000;00000;0010;AHORA REPÚBLICAS (ERC-EH BILDU-BNG-ARA MÉS)            ;00000000;00000;0060;JUNTS UE                                               ;00000000;00000;0019;ANDALUCISTAS                                           ;00000000;00000;0020;IE                                                     ;00000000;00000;0023;ESCAÑOS EN BLANCO                                      ;00000000;00000;0024;CRT                                                    ;00000000;00000;0027;PCTE                                                   ;00000000;00000;0029;PCPE/PCPC                                              ;00000000;00000;0040;CREE EN EUROPA                                         ;00000000;00000;0041;PMR                                                    ;00000000;00000;0043;F                                                      ;00000000;00000;0046;Cs                                                     ;00000000;00000;0047;FE de las JONS                                         ;00000000;00000;0049;J.U.E.X.                                               ;00000000;00000;0050;PH                                                     ;00000000;00000;0051;VOLT                                                   ;00000000;00000;0052;RECORTES CERO                                          ;00000000;00000;0063;EXTREMEÑOS                                             ;00000000;00000;0064;GLG                                                    ;00000000;00000;0065;PIRATAS / REBELDES                                     ;00000000;00000;0070;PREPAL                                                 ;00000000;00000;0000;                                                       ;00000000;00000;0000;                                                       ;00000000;00000;0000;                                                       ;00000000;00000;0000;                                                       ;00000000;00000;0000;                                                       ;00000000;00000;0000;                                                       ;00000000;00000;0000;                                                       ;00000000;00000;0000;                                                       ;00000000;00000;0000;                                                       ;00000000;00000;0000;                                                       ;00000000;00000;0000;                                                       ;00000000;00000;0000;                                                       ;00000000;00000;0000;                                                       ;00000000;00000;0000;                                                       ;00000000;00000;0000;                                                       ;00000000;00000;0000;                                                       ;00000000;00000;0000;                                                       ;00000000;00000;0000;                                                       ;00000000;00000;0000;                                                       ;00000000;00000;0000;                                                       ;00000000;00000;0000;                                                       ;00000000;00000;0000;                                                       ;00000000;00000;0000;                                                       ;00000000;00000;0000;                                                       ;00000000;00000;0000;                                                       ;00000000;00000;0000;                                                       ;00000000;00000;0000;                                                       ;00000000;00000;0000;                                                       ;00000000;00000;0000;                                                       ;00000000;00000;0000;                                                       ;00000000;00000;0000;                                                       ;00000000;00000;0000;                                                       ;00000000;00000;0000;                                                       ;00000000;00000;0000;                                                       ;00000000;00000;0000;                                                       ;00000000;00000;0000;                                                       ;00000000;00000;0000;                                                       ;00000000;00000;0000;                                                       ;00000000;00000;0000;                                                       ;00000000;00000;0000;                                                       ;00000000;00000;0000;                                                       ;00000000;00000;0000;                                                       ;00000000;00000;0000;                                                       ;00000000;00000;0000;                                                       ;00000000;00000;0000;                                                       ;00000000;00000;0000;                                                       ;00000000;00000;
2406100033;08;09;9;251;99;Pancorbo                                          ;99;99;00001;00000356;00000356;10000;00000181;05084;00000175;04915;00000001;00055;00000000;00000;0022;PP                                                     ;00000056;03093;0017;PSOE                                                   ;00000048;02651;0021;VOX                                                    ;00000036;01988;0042;AGRUPACIÓN DE ELECTORES "SE ACABÓ LA FIESTA"           ;00000011;00607;0032;SUMAR                                                  ;00000009;00497;0025;PODEMOS                                                ;00000008;00441;0046;Cs                                                     ;00000007;00386;0009;FO                                                     ;00000001;00055;0010;AHORA REPÚBLICAS (ERC-EH BILDU-BNG-ARA MÉS)            ;00000001;00055;0072;EXISTE                                                 ;00000001;00055;0064;GLG                                                    ;00000001;00055;0065;PIRATAS / REBELDES                                     ;00000001;00055;0001;IZQESP                                                 ;00000000;00000;0002;CEUS                                                   ;00000000;00000;0060;JUNTS UE                                               ;00000000;00000;0019;ANDALUCISTAS                                           ;00000000;00000;0020;IE                                                     ;00000000;00000;0023;ESCAÑOS EN BLANCO                                      ;00000000;00000;0024;CRT                                                    ;00000000;00000;0026;PFAC                                                   ;00000000;00000;0027;PCTE                                                   ;00000000;00000;0029;PCPE/PCPC                                              ;00000000;00000;0039;PACMA                                                  ;00000000;00000;0040;CREE EN EUROPA                                         ;00000000;00000;0041;PMR                                                    ;00000000;00000;0043;F                                                      ;00000000;00000;0047;FE de las JONS                                         ;00000000;00000;0048;SAE                                                    ;00000000;00000;0049;J.U.E.X.                                               ;00000000;00000;0050;PH                                                     ;00000000;00000;0051;VOLT                                                   ;00000000;00000;0052;RECORTES CERO                                          ;00000000;00000;0063;EXTREMEÑOS                                             ;00000000;00000;0070;PREPAL                                                 ;00000000;00000;0000;                                                       ;00000000;00000;0000;                                                       ;00000000;00000;0000;                                                       ;00000000;00000;0000;                                                       ;00000000;00000;0000;                                                       ;00000000;00000;0000;                                                       ;00000000;00000;0000;                                                       ;00000000;00000;0000;                                                       ;00000000;00000;0000;                                                       ;00000000;00000;0000;                                                       ;00000000;00000;0000;                                                       ;00000000;00000;0000;                                                       ;00000000;00000;0000;                                                       ;00000000;00000;0000;                                                       ;00000000;00000;0000;                                                       ;00000000;00000;0000;                                                       ;00000000;00000;0000;                                                       ;00000000;00000;0000;                                                       ;00000000;00000;0000;                                                       ;00000000;00000;0000;                                                       ;00000000;00000;0000;                                                       ;00000000;00000;0000;                                                       ;00000000;00000;0000;                                                       ;00000000;00000;0000;                                                       ;00000000;00000;0000;                                                       ;00000000;00000;0000;                                                       ;00000000;00000;0000;                                                       ;00000000;00000;0000;                                                       ;00000000;00000;0000;                                                       ;00000000;00000;0000;                                                       ;00000000;00000;0000;                                                       ;00000000;00000;0000;                                                       ;00000000;00000;0000;                                                       ;00000000;00000;0000;                                                       ;00000000;00000;0000;                                                       ;00000000;00000;0000;                                                       ;00000000;00000;0000;                                                       ;00000000;00000;0000;                                                       ;00000000;00000;0000;                                                       ;00000000;00000;0000;                                                       ;00000000;00000;0000;                                                       ;00000000;00000;0000;                                                       ;00000000;00000;0000;                                                       ;00000000;00000;0000;                                                       ;00000000;00000;0000;                                                       ;00000000;00000;0000;                                                       ;00000000;00000;
2406100033;08;09;9;253;99;Pardilla                                          ;99;99;00001;00000094;00000094;10000;00000058;06170;00000036;03829;00000000;00000;00000001;00172;0022;PP                                                     ;00000025;04385;0017;PSOE                                                   ;00000014;02456;0021;VOX                                                    ;00000010;01754;0032;SUMAR                                                  ;00000003;00526;0023;ESCAÑOS EN BLANCO                                      ;00000001;00175;0025;PODEMOS                                                ;00000001;00175;0042;AGRUPACIÓN DE ELECTORES "SE ACABÓ LA FIESTA"           ;00000001;00175;0072;EXISTE                                                 ;00000001;00175;0046;Cs                                                     ;00000001;00175;0001;IZQESP                                                 ;00000000;00000;0002;CEUS                                                   ;00000000;00000;0009;FO                                                     ;00000000;00000;0010;AHORA REPÚBLICAS (ERC-EH BILDU-BNG-ARA MÉS)            ;00000000;00000;0060;JUNTS UE                                               ;00000000;00000;0019;ANDALUCISTAS                                           ;00000000;00000;0020;IE                                                     ;00000000;00000;0024;CRT                                                    ;00000000;00000;0026;PFAC                                                   ;00000000;00000;0027;PCTE                                                   ;00000000;00000;0029;PCPE/PCPC                                              ;00000000;00000;0039;PACMA                                                  ;00000000;00000;0040;CREE EN EUROPA                                         ;00000000;00000;0041;PMR                                                    ;00000000;00000;0043;F                                                      ;00000000;00000;0047;FE de las JONS                                         ;00000000;00000;0048;SAE                                                    ;00000000;00000;0049;J.U.E.X.                                               ;00000000;00000;0050;PH                                                     ;00000000;00000;0051;VOLT                                                   ;00000000;00000;0052;RECORTES CERO                                          ;00000000;00000;0063;EXTREMEÑOS                                             ;00000000;00000;0064;GLG                                                    ;00000000;00000;0065;PIRATAS / REBELDES                                     ;00000000;00000;0070;PREPAL                                                 ;00000000;00000;0000;                                                       ;00000000;00000;0000;                                                       ;00000000;00000;0000;                                                       ;00000000;00000;0000;                                                       ;00000000;00000;0000;                                                       ;00000000;00000;0000;                                                       ;00000000;00000;0000;                                                       ;00000000;00000;0000;                                                       ;00000000;00000;0000;                                                       ;00000000;00000;0000;                                                       ;00000000;00000;0000;                                                       ;00000000;00000;0000;                                                       ;00000000;00000;0000;                                                       ;00000000;00000;0000;                                                       ;00000000;00000;0000;                                                       ;00000000;00000;0000;                                                       ;00000000;00000;0000;                                                       ;00000000;00000;0000;                                                       ;00000000;00000;0000;                                                       ;00000000;00000;0000;                                                       ;00000000;00000;0000;                                                       ;00000000;00000;0000;                                                       ;00000000;00000;0000;                                                       ;00000000;00000;0000;                                                       ;00000000;00000;0000;                                                       ;00000000;00000;0000;                                                       ;00000000;00000;0000;                                                       ;00000000;00000;0000;                                                       ;00000000;00000;0000;                                                       ;00000000;00000;0000;                                                       ;00000000;00000;0000;                                                       ;00000000;00000;0000;                                                       ;00000000;00000;0000;                                                       ;00000000;00000;0000;                                                       ;00000000;00000;0000;                                                       ;00000000;00000;0000;                                                       ;00000000;00000;0000;                                                       ;00000000;00000;0000;                                                       ;00000000;00000;0000;                                                       ;00000000;00000;0000;                                                       ;00000000;00000;0000;                                                       ;00000000;00000;0000;                                                       ;00000000;00000;0000;                                                       ;00000000;00000;0000;                                                       ;00000000;00000;0000;                                                       ;00000000;00000;0000;                                                       ;00000000;00000;
2406100033;08;09;9;255;99;Partido de la Sierra en Tobalina                  ;99;99;00001;00000080;00000080;10000;00000056;07000;00000024;03000;00000000;00000;00000000;00000;0022;PP                                                     ;00000032;05714;0017;PSOE                                                   ;00000015;02678;0042;AGRUPACIÓN DE ELECTORES "SE ACABÓ LA FIESTA"           ;00000002;00357;0046;Cs                                                     ;00000002;00357;0002;CEUS                                                   ;00000001;00178;0021;VOX                                                    ;00000001;00178;0048;SAE                                                    ;00000001;00178;0051;VOLT                                                   ;00000001;00178;0064;GLG                                                    ;00000001;00178;0001;IZQESP                                                 ;00000000;00000;0009;FO                                                     ;00000000;00000;0010;AHORA REPÚBLICAS (ERC-EH BILDU-BNG-ARA MÉS)            ;00000000;00000;0060;JUNTS UE                                               ;00000000;00000;0019;ANDALUCISTAS                                           ;00000000;00000;0020;IE                                                     ;00000000;00000;0023;ESCAÑOS EN BLANCO                                      ;00000000;00000;0024;CRT                                                    ;00000000;00000;0025;PODEMOS                                                ;00000000;00000;0026;PFAC                                                   ;00000000;00000;0027;PCTE                                                   ;00000000;00000;0029;PCPE/PCPC                                              ;00000000;00000;0032;SUMAR                                                  ;00000000;00000;0039;PACMA                                                  ;00000000;00000;0040;CREE EN EUROPA                                         ;00000000;00000;0041;PMR                                                    ;00000000;00000;0043;F                                                      ;00000000;00000;0072;EXISTE                                                 ;00000000;00000;0047;FE de las JONS                                         ;00000000;00000;0049;J.U.E.X.                                               ;00000000;00000;0050;PH                                                     ;00000000;00000;0052;RECORTES CERO                                          ;00000000;00000;0063;EXTREMEÑOS                                             ;00000000;00000;0065;PIRATAS / REBELDES                                     ;00000000;00000;0070;PREPAL                                                 ;00000000;00000;0000;                                                       ;00000000;00000;0000;                                                       ;00000000;00000;0000;                                                       ;00000000;00000;0000;                                                       ;00000000;00000;0000;                                                       ;00000000;00000;0000;                                                       ;00000000;00000;0000;                                                       ;00000000;00000;0000;                                                       ;00000000;00000;0000;                                                       ;00000000;00000;0000;                                                       ;00000000;00000;0000;                                                       ;00000000;00000;0000;                                                       ;00000000;00000;0000;                                                       ;00000000;00000;0000;                                                       ;00000000;00000;0000;                                                       ;00000000;00000;0000;                                                       ;00000000;00000;0000;                                                       ;00000000;00000;0000;                                                       ;00000000;00000;0000;                                                       ;00000000;00000;0000;                                                       ;00000000;00000;0000;                                                       ;00000000;00000;0000;                                                       ;00000000;00000;0000;                                                       ;00000000;00000;0000;                                                       ;00000000;00000;0000;                                                       ;00000000;00000;0000;                                                       ;00000000;00000;0000;                                                       ;00000000;00000;0000;                                                       ;00000000;00000;0000;                                                       ;00000000;00000;0000;                                                       ;00000000;00000;0000;                                                       ;00000000;00000;0000;                                                       ;00000000;00000;0000;                                                       ;00000000;00000;0000;                                                       ;00000000;00000;0000;                                                       ;00000000;00000;0000;                                                       ;00000000;00000;0000;                                                       ;00000000;00000;0000;                                                       ;00000000;00000;0000;                                                       ;00000000;00000;0000;                                                       ;00000000;00000;0000;                                                       ;00000000;00000;0000;                                                       ;00000000;00000;0000;                                                       ;00000000;00000;0000;                                                       ;00000000;00000;0000;                                                       ;00000000;00000;0000;                                                       ;00000000;00000;
2406100033;08;09;9;256;99;Pedrosa de Duero                                  ;99;99;00001;00000300;00000300;10000;00000188;06266;00000112;03733;00000002;00106;00000001;00053;0022;PP                                                     ;00000091;04866;0017;PSOE                                                   ;00000042;02245;0021;VOX                                                    ;00000021;01122;0032;SUMAR                                                  ;00000008;00427;0025;PODEMOS                                                ;00000005;00267;0042;AGRUPACIÓN DE ELECTORES "SE ACABÓ LA FIESTA"           ;00000004;00213;0009;FO                                                     ;00000003;00160;0072;EXISTE                                                 ;00000003;00160;0002;CEUS                                                   ;00000002;00106;0020;IE                                                     ;00000001;00053;0027;PCTE                                                   ;00000001;00053;0029;PCPE/PCPC                                              ;00000001;00053;0039;PACMA                                                  ;00000001;00053;0046;Cs                                                     ;00000001;00053;0048;SAE                                                    ;00000001;00053;0001;IZQESP                                                 ;00000000;00000;0010;AHORA REPÚBLICAS (ERC-EH BILDU-BNG-ARA MÉS)            ;00000000;00000;0060;JUNTS UE                                               ;00000000;00000;0019;ANDALUCISTAS                                           ;00000000;00000;0023;ESCAÑOS EN BLANCO                                      ;00000000;00000;0024;CRT                                                    ;00000000;00000;0026;PFAC                                                   ;00000000;00000;0040;CREE EN EUROPA                                         ;00000000;00000;0041;PMR                                                    ;00000000;00000;0043;F                                                      ;00000000;00000;0047;FE de las JONS                                         ;00000000;00000;0049;J.U.E.X.                                               ;00000000;00000;0050;PH                                                     ;00000000;00000;0051;VOLT                                                   ;00000000;00000;0052;RECORTES CERO                                          ;00000000;00000;0063;EXTREMEÑOS                                             ;00000000;00000;0064;GLG                                                    ;00000000;00000;0065;PIRATAS / REBELDES                                     ;00000000;00000;0070;PREPAL                                                 ;00000000;00000;0000;                                                       ;00000000;00000;0000;                                                       ;00000000;00000;0000;                                                       ;00000000;00000;0000;                                                       ;00000000;00000;0000;                                                       ;00000000;00000;0000;                                                       ;00000000;00000;0000;                                                       ;00000000;00000;0000;                                                       ;00000000;00000;0000;                                                       ;00000000;00000;0000;                                                       ;00000000;00000;0000;                                                       ;00000000;00000;0000;                                                       ;00000000;00000;0000;                                                       ;00000000;00000;0000;                                                       ;00000000;00000;0000;                                                       ;00000000;00000;0000;                                                       ;00000000;00000;0000;                                                       ;00000000;00000;0000;                                                       ;00000000;00000;0000;                                                       ;00000000;00000;0000;                                                       ;00000000;00000;0000;                                                       ;00000000;00000;0000;                                                       ;00000000;00000;0000;                                                       ;00000000;00000;0000;                                                       ;00000000;00000;0000;                                                       ;00000000;00000;0000;                                                       ;00000000;00000;0000;                                                       ;00000000;00000;0000;                                                       ;00000000;00000;0000;                                                       ;00000000;00000;0000;                                                       ;00000000;00000;0000;                                                       ;00000000;00000;0000;                                                       ;00000000;00000;0000;                                                       ;00000000;00000;0000;                                                       ;00000000;00000;0000;                                                       ;00000000;00000;0000;                                                       ;00000000;00000;0000;                                                       ;00000000;00000;0000;                                                       ;00000000;00000;0000;                                                       ;00000000;00000;0000;                                                       ;00000000;00000;0000;                                                       ;00000000;00000;0000;                                                       ;00000000;00000;0000;                                                       ;00000000;00000;0000;                                                       ;00000000;00000;0000;                                                       ;00000000;00000;0000;                                                       ;00000000;00000;
2406100033;08;09;9;257;99;Pedrosa del Páramo                                ;99;99;00001;00000085;00000085;10000;00000062;07294;00000023;02705;00000000;00000;00000000;00000;0022;PP                                                     ;00000032;05161;0021;VOX                                                    ;00000014;02258;0017;PSOE                                                   ;00000007;01129;0042;AGRUPACIÓN DE ELECTORES "SE ACABÓ LA FIESTA"           ;00000003;00483;0048;SAE                                                    ;00000002;00322;0025;PODEMOS                                                ;00000001;00161;0032;SUMAR                                                  ;00000001;00161;0040;CREE EN EUROPA                                         ;00000001;00161;0051;VOLT                                                   ;00000001;00161;0001;IZQESP                                                 ;00000000;00000;0002;CEUS                                                   ;00000000;00000;0009;FO                                                     ;00000000;00000;0010;AHORA REPÚBLICAS (ERC-EH BILDU-BNG-ARA MÉS)            ;00000000;00000;0060;JUNTS UE                                               ;00000000;00000;0019;ANDALUCISTAS                                           ;00000000;00000;0020;IE                                                     ;00000000;00000;0023;ESCAÑOS EN BLANCO                                      ;00000000;00000;0024;CRT                                                    ;00000000;00000;0026;PFAC                                                   ;00000000;00000;0027;PCTE                                                   ;00000000;00000;0029;PCPE/PCPC                                              ;00000000;00000;0039;PACMA                                                  ;00000000;00000;0041;PMR                                                    ;00000000;00000;0043;F                                                      ;00000000;00000;0072;EXISTE                                                 ;00000000;00000;0046;Cs                                                     ;00000000;00000;0047;FE de las JONS                                         ;00000000;00000;0049;J.U.E.X.                                               ;00000000;00000;0050;PH                                                     ;00000000;00000;0052;RECORTES CERO                                          ;00000000;00000;0063;EXTREMEÑOS                                             ;00000000;00000;0064;GLG                                                    ;00000000;00000;0065;PIRATAS / REBELDES                                     ;00000000;00000;0070;PREPAL                                                 ;00000000;00000;0000;                                                       ;00000000;00000;0000;                                                       ;00000000;00000;0000;                                                       ;00000000;00000;0000;                                                       ;00000000;00000;0000;                                                       ;00000000;00000;0000;                                                       ;00000000;00000;0000;                                                       ;00000000;00000;0000;                                                       ;00000000;00000;0000;                                                       ;00000000;00000;0000;                                                       ;00000000;00000;0000;                                                       ;00000000;00000;0000;                                                       ;00000000;00000;0000;                                                       ;00000000;00000;0000;                                                       ;00000000;00000;0000;                                                       ;00000000;00000;0000;                                                       ;00000000;00000;0000;                                                       ;00000000;00000;0000;                                                       ;00000000;00000;0000;                                                       ;00000000;00000;0000;                                                       ;00000000;00000;0000;                                                       ;00000000;00000;0000;                                                       ;00000000;00000;0000;                                                       ;00000000;00000;0000;                                                       ;00000000;00000;0000;                                                       ;00000000;00000;0000;                                                       ;00000000;00000;0000;                                                       ;00000000;00000;0000;                                                       ;00000000;00000;0000;                                                       ;00000000;00000;0000;                                                       ;00000000;00000;0000;                                                       ;00000000;00000;0000;                                                       ;00000000;00000;0000;                                                       ;00000000;00000;0000;                                                       ;00000000;00000;0000;                                                       ;00000000;00000;0000;                                                       ;00000000;00000;0000;                                                       ;00000000;00000;0000;                                                       ;00000000;00000;0000;                                                       ;00000000;00000;0000;                                                       ;00000000;00000;0000;                                                       ;00000000;00000;0000;                                                       ;00000000;00000;0000;                                                       ;00000000;00000;0000;                                                       ;00000000;00000;0000;                                                       ;00000000;00000;0000;                                                       ;00000000;00000;
2406100033;08;09;9;258;99;Pedrosa del Príncipe                              ;99;99;00001;00000150;00000150;10000;00000121;08066;00000029;01933;00000000;00000;00000000;00000;0022;PP                                                     ;00000074;06115;0017;PSOE                                                   ;00000032;02644;0021;VOX                                                    ;00000009;00743;0046;Cs                                                     ;00000002;00165;0024;CRT                                                    ;00000001;00082;0032;SUMAR                                                  ;00000001;00082;0042;AGRUPACIÓN DE ELECTORES "SE ACABÓ LA FIESTA"           ;00000001;00082;0072;EXISTE                                                 ;00000001;00082;0001;IZQESP                                                 ;00000000;00000;0002;CEUS                                                   ;00000000;00000;0009;FO                                                     ;00000000;00000;0010;AHORA REPÚBLICAS (ERC-EH BILDU-BNG-ARA MÉS)            ;00000000;00000;0060;JUNTS UE                                               ;00000000;00000;0019;ANDALUCISTAS                                           ;00000000;00000;0020;IE                                                     ;00000000;00000;0023;ESCAÑOS EN BLANCO                                      ;00000000;00000;0025;PODEMOS                                                ;00000000;00000;0026;PFAC                                                   ;00000000;00000;0027;PCTE                                                   ;00000000;00000;0029;PCPE/PCPC                                              ;00000000;00000;0039;PACMA                                                  ;00000000;00000;0040;CREE EN EUROPA                                         ;00000000;00000;0041;PMR                                                    ;00000000;00000;0043;F                                                      ;00000000;00000;0047;FE de las JONS                                         ;00000000;00000;0048;SAE                                                    ;00000000;00000;0049;J.U.E.X.                                               ;00000000;00000;0050;PH                                                     ;00000000;00000;0051;VOLT                                                   ;00000000;00000;0052;RECORTES CERO                                          ;00000000;00000;0063;EXTREMEÑOS                                             ;00000000;00000;0064;GLG                                                    ;00000000;00000;0065;PIRATAS / REBELDES                                     ;00000000;00000;0070;PREPAL                                                 ;00000000;00000;0000;                                                       ;00000000;00000;0000;                                                       ;00000000;00000;0000;                                                       ;00000000;00000;0000;                                                       ;00000000;00000;0000;                                                       ;00000000;00000;0000;                                                       ;00000000;00000;0000;                                                       ;00000000;00000;0000;                                                       ;00000000;00000;0000;                                                       ;00000000;00000;0000;                                                       ;00000000;00000;0000;                                                       ;00000000;00000;0000;                                                       ;00000000;00000;0000;                                                       ;00000000;00000;0000;                                                       ;00000000;00000;0000;                                                       ;00000000;00000;0000;                                                       ;00000000;00000;0000;                                                       ;00000000;00000;0000;                                                       ;00000000;00000;0000;                                                       ;00000000;00000;0000;                                                       ;00000000;00000;0000;                                                       ;00000000;00000;0000;                                                       ;00000000;00000;0000;                                                       ;00000000;00000;0000;                                                       ;00000000;00000;0000;                                                       ;00000000;00000;0000;                                                       ;00000000;00000;0000;                                                       ;00000000;00000;0000;                                                       ;00000000;00000;0000;                                                       ;00000000;00000;0000;                                                       ;00000000;00000;0000;                                                       ;00000000;00000;0000;                                                       ;00000000;00000;0000;                                                       ;00000000;00000;0000;                                                       ;00000000;00000;0000;                                                       ;00000000;00000;0000;                                                       ;00000000;00000;0000;                                                       ;00000000;00000;0000;                                                       ;00000000;00000;0000;                                                       ;00000000;00000;0000;                                                       ;00000000;00000;0000;                                                       ;00000000;00000;0000;                                                       ;00000000;00000;0000;                                                       ;00000000;00000;0000;                                                       ;00000000;00000;0000;                                                       ;00000000;00000;0000;                                                       ;00000000;00000;
2406100033;08;09;9;259;99;Pedrosa de Río Úrbel                              ;99;99;00001;00000227;00000227;10000;00000155;06828;00000072;03171;00000002;00132;00000004;00258;0022;PP                                                     ;00000076;05033;0017;PSOE                                                   ;00000042;02781;0021;VOX                                                    ;00000017;01125;0042;AGRUPACIÓN DE ELECTORES "SE ACABÓ LA FIESTA"           ;00000007;00463;0072;EXISTE                                                 ;00000002;00132;0046;Cs                                                     ;00000002;00132;0020;IE                                                     ;00000001;00066;0025;PODEMOS                                                ;00000001;00066;0039;PACMA                                                  ;00000001;00066;0001;IZQESP                                                 ;00000000;00000;0002;CEUS                                                   ;00000000;00000;0009;FO                                                     ;00000000;00000;0010;AHORA REPÚBLICAS (ERC-EH BILDU-BNG-ARA MÉS)            ;00000000;00000;0060;JUNTS UE                                               ;00000000;00000;0019;ANDALUCISTAS                                           ;00000000;00000;0023;ESCAÑOS EN BLANCO                                      ;00000000;00000;0024;CRT                                                    ;00000000;00000;0026;PFAC                                                   ;00000000;00000;0027;PCTE                                                   ;00000000;00000;0029;PCPE/PCPC                                              ;00000000;00000;0032;SUMAR                                                  ;00000000;00000;0040;CREE EN EUROPA                                         ;00000000;00000;0041;PMR                                                    ;00000000;00000;0043;F                                                      ;00000000;00000;0047;FE de las JONS                                         ;00000000;00000;0048;SAE                                                    ;00000000;00000;0049;J.U.E.X.                                               ;00000000;00000;0050;PH                                                     ;00000000;00000;0051;VOLT                                                   ;00000000;00000;0052;RECORTES CERO                                          ;00000000;00000;0063;EXTREMEÑOS                                             ;00000000;00000;0064;GLG                                                    ;00000000;00000;0065;PIRATAS / REBELDES                                     ;00000000;00000;0070;PREPAL                                                 ;00000000;00000;0000;                                                       ;00000000;00000;0000;                                                       ;00000000;00000;0000;                                                       ;00000000;00000;0000;                                                       ;00000000;00000;0000;                                                       ;00000000;00000;0000;                                                       ;00000000;00000;0000;                                                       ;00000000;00000;0000;                                                       ;00000000;00000;0000;                                                       ;00000000;00000;0000;                                                       ;00000000;00000;0000;                                                       ;00000000;00000;0000;                                                       ;00000000;00000;0000;                                                       ;00000000;00000;0000;                                                       ;00000000;00000;0000;                                                       ;00000000;00000;0000;                                                       ;00000000;00000;0000;                                                       ;00000000;00000;0000;                                                       ;00000000;00000;0000;                                                       ;00000000;00000;0000;                                                       ;00000000;00000;0000;                                                       ;00000000;00000;0000;                                                       ;00000000;00000;0000;                                                       ;00000000;00000;0000;                                                       ;00000000;00000;0000;                                                       ;00000000;00000;0000;                                                       ;00000000;00000;0000;                                                       ;00000000;00000;0000;                                                       ;00000000;00000;0000;                                                       ;00000000;00000;0000;                                                       ;00000000;00000;0000;                                                       ;00000000;00000;0000;                                                       ;00000000;00000;0000;                                                       ;00000000;00000;0000;                                                       ;00000000;00000;0000;                                                       ;00000000;00000;0000;                                                       ;00000000;00000;0000;                                                       ;00000000;00000;0000;                                                       ;00000000;00000;0000;                                                       ;00000000;00000;0000;                                                       ;00000000;00000;0000;                                                       ;00000000;00000;0000;                                                       ;00000000;00000;0000;                                                       ;00000000;00000;0000;                                                       ;00000000;00000;0000;                                                       ;00000000;00000;0000;                                                       ;00000000;00000;
2406100033;08;09;9;261;99;Peñaranda de Duero                                ;99;99;00001;00000410;00000410;10000;00000231;05634;00000179;04365;00000001;00043;00000002;00086;0022;PP                                                     ;00000104;04541;0017;PSOE                                                   ;00000066;02882;0021;VOX                                                    ;00000026;01135;0025;PODEMOS                                                ;00000009;00393;0032;SUMAR                                                  ;00000008;00349;0009;FO                                                     ;00000004;00174;0042;AGRUPACIÓN DE ELECTORES "SE ACABÓ LA FIESTA"           ;00000003;00131;0072;EXISTE                                                 ;00000002;00087;0047;FE de las JONS                                         ;00000002;00087;0051;VOLT                                                   ;00000002;00087;0070;PREPAL                                                 ;00000002;00087;0001;IZQESP                                                 ;00000000;00000;0002;CEUS                                                   ;00000000;00000;0010;AHORA REPÚBLICAS (ERC-EH BILDU-BNG-ARA MÉS)            ;00000000;00000;0060;JUNTS UE                                               ;00000000;00000;0019;ANDALUCISTAS                                           ;00000000;00000;0020;IE                                                     ;00000000;00000;0023;ESCAÑOS EN BLANCO                                      ;00000000;00000;0024;CRT                                                    ;00000000;00000;0026;PFAC                                                   ;00000000;00000;0027;PCTE                                                   ;00000000;00000;0029;PCPE/PCPC                                              ;00000000;00000;0039;PACMA                                                  ;00000000;00000;0040;CREE EN EUROPA                                         ;00000000;00000;0041;PMR                                                    ;00000000;00000;0043;F                                                      ;00000000;00000;0046;Cs                                                     ;00000000;00000;0048;SAE                                                    ;00000000;00000;0049;J.U.E.X.                                               ;00000000;00000;0050;PH                                                     ;00000000;00000;0052;RECORTES CERO                                          ;00000000;00000;0063;EXTREMEÑOS                                             ;00000000;00000;0064;GLG                                                    ;00000000;00000;0065;PIRATAS / REBELDES                                     ;00000000;00000;0000;                                                       ;00000000;00000;0000;                                                       ;00000000;00000;0000;                                                       ;00000000;00000;0000;                                                       ;00000000;00000;0000;                                                       ;00000000;00000;0000;                                                       ;00000000;00000;0000;                                                       ;00000000;00000;0000;                                                       ;00000000;00000;0000;                                                       ;00000000;00000;0000;                                                       ;00000000;00000;0000;                                                       ;00000000;00000;0000;                                                       ;00000000;00000;0000;                                                       ;00000000;00000;0000;                                                       ;00000000;00000;0000;                                                       ;00000000;00000;0000;                                                       ;00000000;00000;0000;                                                       ;00000000;00000;0000;                                                       ;00000000;00000;0000;                                                       ;00000000;00000;0000;                                                       ;00000000;00000;0000;                                                       ;00000000;00000;0000;                                                       ;00000000;00000;0000;                                                       ;00000000;00000;0000;                                                       ;00000000;00000;0000;                                                       ;00000000;00000;0000;                                                       ;00000000;00000;0000;                                                       ;00000000;00000;0000;                                                       ;00000000;00000;0000;                                                       ;00000000;00000;0000;                                                       ;00000000;00000;0000;                                                       ;00000000;00000;0000;                                                       ;00000000;00000;0000;                                                       ;00000000;00000;0000;                                                       ;00000000;00000;0000;                                                       ;00000000;00000;0000;                                                       ;00000000;00000;0000;                                                       ;00000000;00000;0000;                                                       ;00000000;00000;0000;                                                       ;00000000;00000;0000;                                                       ;00000000;00000;0000;                                                       ;00000000;00000;0000;                                                       ;00000000;00000;0000;                                                       ;00000000;00000;0000;                                                       ;00000000;00000;0000;                                                       ;00000000;00000;0000;                                                       ;00000000;00000;
2406100033;08;09;9;262;99;Peral de Arlanza                                  ;99;99;00001;00000156;00000156;10000;00000099;06346;00000057;03653;00000003;00303;00000000;00000;0022;PP                                                     ;00000055;05555;0017;PSOE                                                   ;00000020;02020;0021;VOX                                                    ;00000018;01818;0024;CRT                                                    ;00000001;00101;0032;SUMAR                                                  ;00000001;00101;0042;AGRUPACIÓN DE ELECTORES "SE ACABÓ LA FIESTA"           ;00000001;00101;0001;IZQESP                                                 ;00000000;00000;0002;CEUS                                                   ;00000000;00000;0009;FO                                                     ;00000000;00000;0010;AHORA REPÚBLICAS (ERC-EH BILDU-BNG-ARA MÉS)            ;00000000;00000;0060;JUNTS UE                                               ;00000000;00000;0019;ANDALUCISTAS                                           ;00000000;00000;0020;IE                                                     ;00000000;00000;0023;ESCAÑOS EN BLANCO                                      ;00000000;00000;0025;PODEMOS                                                ;00000000;00000;0026;PFAC                                                   ;00000000;00000;0027;PCTE                                                   ;00000000;00000;0029;PCPE/PCPC                                              ;00000000;00000;0039;PACMA                                                  ;00000000;00000;0040;CREE EN EUROPA                                         ;00000000;00000;0041;PMR                                                    ;00000000;00000;0043;F                                                      ;00000000;00000;0072;EXISTE                                                 ;00000000;00000;0046;Cs                                                     ;00000000;00000;0047;FE de las JONS                                         ;00000000;00000;0048;SAE                                                    ;00000000;00000;0049;J.U.E.X.                                               ;00000000;00000;0050;PH                                                     ;00000000;00000;0051;VOLT                                                   ;00000000;00000;0052;RECORTES CERO                                          ;00000000;00000;0063;EXTREMEÑOS                                             ;00000000;00000;0064;GLG                                                    ;00000000;00000;0065;PIRATAS / REBELDES                                     ;00000000;00000;0070;PREPAL                                                 ;00000000;00000;0000;                                                       ;00000000;00000;0000;                                                       ;00000000;00000;0000;                                                       ;00000000;00000;0000;                                                       ;00000000;00000;0000;                                                       ;00000000;00000;0000;                                                       ;00000000;00000;0000;                                                       ;00000000;00000;0000;                                                       ;00000000;00000;0000;                                                       ;00000000;00000;0000;                                                       ;00000000;00000;0000;                                                       ;00000000;00000;0000;                                                       ;00000000;00000;0000;                                                       ;00000000;00000;0000;                                                       ;00000000;00000;0000;                                                       ;00000000;00000;0000;                                                       ;00000000;00000;0000;                                                       ;00000000;00000;0000;                                                       ;00000000;00000;0000;                                                       ;00000000;00000;0000;                                                       ;00000000;00000;0000;                                                       ;00000000;00000;0000;                                                       ;00000000;00000;0000;                                                       ;00000000;00000;0000;                                                       ;00000000;00000;0000;                                                       ;00000000;00000;0000;                                                       ;00000000;00000;0000;                                                       ;00000000;00000;0000;                                                       ;00000000;00000;0000;                                                       ;00000000;00000;0000;                                                       ;00000000;00000;0000;                                                       ;00000000;00000;0000;                                                       ;00000000;00000;0000;                                                       ;00000000;00000;0000;                                                       ;00000000;00000;0000;                                                       ;00000000;00000;0000;                                                       ;00000000;00000;0000;                                                       ;00000000;00000;0000;                                                       ;00000000;00000;0000;                                                       ;00000000;00000;0000;                                                       ;00000000;00000;0000;                                                       ;00000000;00000;0000;                                                       ;00000000;00000;0000;                                                       ;00000000;00000;0000;                                                       ;00000000;00000;0000;                                                       ;00000000;00000;0000;                                                       ;00000000;00000;
2406100033;08;09;9;265;99;Piérnigas                                         ;99;99;00001;00000038;00000038;10000;00000028;07368;00000010;02631;00000000;00000;00000000;00000;0022;PP                                                     ;00000017;06071;0021;VOX                                                    ;00000003;01071;0039;PACMA                                                  ;00000003;01071;0017;PSOE                                                   ;00000002;00714;0032;SUMAR                                                  ;00000002;00714;0046;Cs                                                     ;00000001;00357;0001;IZQESP                                                 ;00000000;00000;0002;CEUS                                                   ;00000000;00000;0009;FO                                                     ;00000000;00000;0010;AHORA REPÚBLICAS (ERC-EH BILDU-BNG-ARA MÉS)            ;00000000;00000;0060;JUNTS UE                                               ;00000000;00000;0019;ANDALUCISTAS                                           ;00000000;00000;0020;IE                                                     ;00000000;00000;0023;ESCAÑOS EN BLANCO                                      ;00000000;00000;0024;CRT                                                    ;00000000;00000;0025;PODEMOS                                                ;00000000;00000;0026;PFAC                                                   ;00000000;00000;0027;PCTE                                                   ;00000000;00000;0029;PCPE/PCPC                                              ;00000000;00000;0040;CREE EN EUROPA                                         ;00000000;00000;0041;PMR                                                    ;00000000;00000;0042;AGRUPACIÓN DE ELECTORES "SE ACABÓ LA FIESTA"           ;00000000;00000;0043;F                                                      ;00000000;00000;0072;EXISTE                                                 ;00000000;00000;0047;FE de las JONS                                         ;00000000;00000;0048;SAE                                                    ;00000000;00000;0049;J.U.E.X.                                               ;00000000;00000;0050;PH                                                     ;00000000;00000;0051;VOLT                                                   ;00000000;00000;0052;RECORTES CERO                                          ;00000000;00000;0063;EXTREMEÑOS                                             ;00000000;00000;0064;GLG                                                    ;00000000;00000;0065;PIRATAS / REBELDES                                     ;00000000;00000;0070;PREPAL                                                 ;00000000;00000;0000;                                                       ;00000000;00000;0000;                                                       ;00000000;00000;0000;                                                       ;00000000;00000;0000;                                                       ;00000000;00000;0000;                                                       ;00000000;00000;0000;                                                       ;00000000;00000;0000;                                                       ;00000000;00000;0000;                                                       ;00000000;00000;0000;                                                       ;00000000;00000;0000;                                                       ;00000000;00000;0000;                                                       ;00000000;00000;0000;                                                       ;00000000;00000;0000;                                                       ;00000000;00000;0000;                                                       ;00000000;00000;0000;                                                       ;00000000;00000;0000;                                                       ;00000000;00000;0000;                                                       ;00000000;00000;0000;                                                       ;00000000;00000;0000;                                                       ;00000000;00000;0000;                                                       ;00000000;00000;0000;                                                       ;00000000;00000;0000;                                                       ;00000000;00000;0000;                                                       ;00000000;00000;0000;                                                       ;00000000;00000;0000;                                                       ;00000000;00000;0000;                                                       ;00000000;00000;0000;                                                       ;00000000;00000;0000;                                                       ;00000000;00000;0000;                                                       ;00000000;00000;0000;                                                       ;00000000;00000;0000;                                                       ;00000000;00000;0000;                                                       ;00000000;00000;0000;                                                       ;00000000;00000;0000;                                                       ;00000000;00000;0000;                                                       ;00000000;00000;0000;                                                       ;00000000;00000;0000;                                                       ;00000000;00000;0000;                                                       ;00000000;00000;0000;                                                       ;00000000;00000;0000;                                                       ;00000000;00000;0000;                                                       ;00000000;00000;0000;                                                       ;00000000;00000;0000;                                                       ;00000000;00000;0000;                                                       ;00000000;00000;0000;                                                       ;00000000;00000;0000;                                                       ;00000000;00000;
2406100033;08;09;9;266;99;Pineda de la Sierra                               ;99;99;00001;00000092;00000092;10000;00000055;05978;00000037;04021;00000000;00000;00000000;00000;0022;PP                                                     ;00000020;03636;0017;PSOE                                                   ;00000015;02727;0021;VOX                                                    ;00000008;01454;0042;AGRUPACIÓN DE ELECTORES "SE ACABÓ LA FIESTA"           ;00000006;01090;0025;PODEMOS                                                ;00000003;00545;0032;SUMAR                                                  ;00000001;00181;0046;Cs                                                     ;00000001;00181;0047;FE de las JONS                                         ;00000001;00181;0001;IZQESP                                                 ;00000000;00000;0002;CEUS                                                   ;00000000;00000;0009;FO                                                     ;00000000;00000;0010;AHORA REPÚBLICAS (ERC-EH BILDU-BNG-ARA MÉS)            ;00000000;00000;0060;JUNTS UE                                               ;00000000;00000;0019;ANDALUCISTAS                                           ;00000000;00000;0020;IE                                                     ;00000000;00000;0023;ESCAÑOS EN BLANCO                                      ;00000000;00000;0024;CRT                                                    ;00000000;00000;0026;PFAC                                                   ;00000000;00000;0027;PCTE                                                   ;00000000;00000;0029;PCPE/PCPC                                              ;00000000;00000;0039;PACMA                                                  ;00000000;00000;0040;CREE EN EUROPA                                         ;00000000;00000;0041;PMR                                                    ;00000000;00000;0043;F                                                      ;00000000;00000;0072;EXISTE                                                 ;00000000;00000;0048;SAE                                                    ;00000000;00000;0049;J.U.E.X.                                               ;00000000;00000;0050;PH                                                     ;00000000;00000;0051;VOLT                                                   ;00000000;00000;0052;RECORTES CERO                                          ;00000000;00000;0063;EXTREMEÑOS                                             ;00000000;00000;0064;GLG                                                    ;00000000;00000;0065;PIRATAS / REBELDES                                     ;00000000;00000;0070;PREPAL                                                 ;00000000;00000;0000;                                                       ;00000000;00000;0000;                                                       ;00000000;00000;0000;                                                       ;00000000;00000;0000;                                                       ;00000000;00000;0000;                                                       ;00000000;00000;0000;                                                       ;00000000;00000;0000;                                                       ;00000000;00000;0000;                                                       ;00000000;00000;0000;                                                       ;00000000;00000;0000;                                                       ;00000000;00000;0000;                                                       ;00000000;00000;0000;                                                       ;00000000;00000;0000;                                                       ;00000000;00000;0000;                                                       ;00000000;00000;0000;                                                       ;00000000;00000;0000;                                                       ;00000000;00000;0000;                                                       ;00000000;00000;0000;                                                       ;00000000;00000;0000;                                                       ;00000000;00000;0000;                                                       ;00000000;00000;0000;                                                       ;00000000;00000;0000;                                                       ;00000000;00000;0000;                                                       ;00000000;00000;0000;                                                       ;00000000;00000;0000;                                                       ;00000000;00000;0000;                                                       ;00000000;00000;0000;                                                       ;00000000;00000;0000;                                                       ;00000000;00000;0000;                                                       ;00000000;00000;0000;                                                       ;00000000;00000;0000;                                                       ;00000000;00000;0000;                                                       ;00000000;00000;0000;                                                       ;00000000;00000;0000;                                                       ;00000000;00000;0000;                                                       ;00000000;00000;0000;                                                       ;00000000;00000;0000;                                                       ;00000000;00000;0000;                                                       ;00000000;00000;0000;                                                       ;00000000;00000;0000;                                                       ;00000000;00000;0000;                                                       ;00000000;00000;0000;                                                       ;00000000;00000;0000;                                                       ;00000000;00000;0000;                                                       ;00000000;00000;0000;                                                       ;00000000;00000;0000;                                                       ;00000000;00000;
2406100033;08;09;9;267;99;Pineda Trasmonte                                  ;99;99;00001;00000096;00000096;10000;00000072;07500;00000024;02500;00000003;00422;00000001;00138;0022;PP                                                     ;00000050;07042;0017;PSOE                                                   ;00000008;01126;0021;VOX                                                    ;00000004;00563;0042;AGRUPACIÓN DE ELECTORES "SE ACABÓ LA FIESTA"           ;00000004;00563;0029;PCPE/PCPC                                              ;00000001;00140;0032;SUMAR                                                  ;00000001;00140;0001;IZQESP                                                 ;00000000;00000;0002;CEUS                                                   ;00000000;00000;0009;FO                                                     ;00000000;00000;0010;AHORA REPÚBLICAS (ERC-EH BILDU-BNG-ARA MÉS)            ;00000000;00000;0060;JUNTS UE                                               ;00000000;00000;0019;ANDALUCISTAS                                           ;00000000;00000;0020;IE                                                     ;00000000;00000;0023;ESCAÑOS EN BLANCO                                      ;00000000;00000;0024;CRT                                                    ;00000000;00000;0025;PODEMOS                                                ;00000000;00000;0026;PFAC                                                   ;00000000;00000;0027;PCTE                                                   ;00000000;00000;0039;PACMA                                                  ;00000000;00000;0040;CREE EN EUROPA                                         ;00000000;00000;0041;PMR                                                    ;00000000;00000;0043;F                                                      ;00000000;00000;0072;EXISTE                                                 ;00000000;00000;0046;Cs                                                     ;00000000;00000;0047;FE de las JONS                                         ;00000000;00000;0048;SAE                                                    ;00000000;00000;0049;J.U.E.X.                                               ;00000000;00000;0050;PH                                                     ;00000000;00000;0051;VOLT                                                   ;00000000;00000;0052;RECORTES CERO                                          ;00000000;00000;0063;EXTREMEÑOS                                             ;00000000;00000;0064;GLG                                                    ;00000000;00000;0065;PIRATAS / REBELDES                                     ;00000000;00000;0070;PREPAL                                                 ;00000000;00000;0000;                                                       ;00000000;00000;0000;                                                       ;00000000;00000;0000;                                                       ;00000000;00000;0000;                                                       ;00000000;00000;0000;                                                       ;00000000;00000;0000;                                                       ;00000000;00000;0000;                                                       ;00000000;00000;0000;                                                       ;00000000;00000;0000;                                                       ;00000000;00000;0000;                                                       ;00000000;00000;0000;                                                       ;00000000;00000;0000;                                                       ;00000000;00000;0000;                                                       ;00000000;00000;0000;                                                       ;00000000;00000;0000;                                                       ;00000000;00000;0000;                                                       ;00000000;00000;0000;                                                       ;00000000;00000;0000;                                                       ;00000000;00000;0000;                                                       ;00000000;00000;0000;                                                       ;00000000;00000;0000;                                                       ;00000000;00000;0000;                                                       ;00000000;00000;0000;                                                       ;00000000;00000;0000;                                                       ;00000000;00000;0000;                                                       ;00000000;00000;0000;                                                       ;00000000;00000;0000;                                                       ;00000000;00000;0000;                                                       ;00000000;00000;0000;                                                       ;00000000;00000;0000;                                                       ;00000000;00000;0000;                                                       ;00000000;00000;0000;                                                       ;00000000;00000;0000;                                                       ;00000000;00000;0000;                                                       ;00000000;00000;0000;                                                       ;00000000;00000;0000;                                                       ;00000000;00000;0000;                                                       ;00000000;00000;0000;                                                       ;00000000;00000;0000;                                                       ;00000000;00000;0000;                                                       ;00000000;00000;0000;                                                       ;00000000;00000;0000;                                                       ;00000000;00000;0000;                                                       ;00000000;00000;0000;                                                       ;00000000;00000;0000;                                                       ;00000000;00000;0000;                                                       ;00000000;00000;
2406100033;08;09;9;268;99;Pinilla de los Barruecos                          ;99;99;00001;00000093;00000093;10000;00000062;06666;00000031;03333;00000002;00322;00000000;00000;0017;PSOE                                                   ;00000028;04516;0022;PP                                                     ;00000021;03387;0021;VOX                                                    ;00000004;00645;0042;AGRUPACIÓN DE ELECTORES "SE ACABÓ LA FIESTA"           ;00000003;00483;0025;PODEMOS                                                ;00000002;00322;0032;SUMAR                                                  ;00000001;00161;0046;Cs                                                     ;00000001;00161;0001;IZQESP                                                 ;00000000;00000;0002;CEUS                                                   ;00000000;00000;0009;FO                                                     ;00000000;00000;0010;AHORA REPÚBLICAS (ERC-EH BILDU-BNG-ARA MÉS)            ;00000000;00000;0060;JUNTS UE                                               ;00000000;00000;0019;ANDALUCISTAS                                           ;00000000;00000;0020;IE                                                     ;00000000;00000;0023;ESCAÑOS EN BLANCO                                      ;00000000;00000;0024;CRT                                                    ;00000000;00000;0026;PFAC                                                   ;00000000;00000;0027;PCTE                                                   ;00000000;00000;0029;PCPE/PCPC                                              ;00000000;00000;0039;PACMA                                                  ;00000000;00000;0040;CREE EN EUROPA                                         ;00000000;00000;0041;PMR                                                    ;00000000;00000;0043;F                                                      ;00000000;00000;0072;EXISTE                                                 ;00000000;00000;0047;FE de las JONS                                         ;00000000;00000;0048;SAE                                                    ;00000000;00000;0049;J.U.E.X.                                               ;00000000;00000;0050;PH                                                     ;00000000;00000;0051;VOLT                                                   ;00000000;00000;0052;RECORTES CERO                                          ;00000000;00000;0063;EXTREMEÑOS                                             ;00000000;00000;0064;GLG                                                    ;00000000;00000;0065;PIRATAS / REBELDES                                     ;00000000;00000;0070;PREPAL                                                 ;00000000;00000;0000;                                                       ;00000000;00000;0000;                                                       ;00000000;00000;0000;                                                       ;00000000;00000;0000;                                                       ;00000000;00000;0000;                                                       ;00000000;00000;0000;                                                       ;00000000;00000;0000;                                                       ;00000000;00000;0000;                                                       ;00000000;00000;0000;                                                       ;00000000;00000;0000;                                                       ;00000000;00000;0000;                                                       ;00000000;00000;0000;                                                       ;00000000;00000;0000;                                                       ;00000000;00000;0000;                                                       ;00000000;00000;0000;                                                       ;00000000;00000;0000;                                                       ;00000000;00000;0000;                                                       ;00000000;00000;0000;                                                       ;00000000;00000;0000;                                                       ;00000000;00000;0000;                                                       ;00000000;00000;0000;                                                       ;00000000;00000;0000;                                                       ;00000000;00000;0000;                                                       ;00000000;00000;0000;                                                       ;00000000;00000;0000;                                                       ;00000000;00000;0000;                                                       ;00000000;00000;0000;                                                       ;00000000;00000;0000;                                                       ;00000000;00000;0000;                                                       ;00000000;00000;0000;                                                       ;00000000;00000;0000;                                                       ;00000000;00000;0000;                                                       ;00000000;00000;0000;                                                       ;00000000;00000;0000;                                                       ;00000000;00000;0000;                                                       ;00000000;00000;0000;                                                       ;00000000;00000;0000;                                                       ;00000000;00000;0000;                                                       ;00000000;00000;0000;                                                       ;00000000;00000;0000;                                                       ;00000000;00000;0000;                                                       ;00000000;00000;0000;                                                       ;00000000;00000;0000;                                                       ;00000000;00000;0000;                                                       ;00000000;00000;0000;                                                       ;00000000;00000;0000;                                                       ;00000000;00000;
2406100033;08;09;9;269;99;Pinilla de los Moros                              ;99;99;00001;00000030;00000030;10000;00000021;07000;00000009;03000;00000000;00000;00000000;00000;0022;PP                                                     ;00000014;06666;0017;PSOE                                                   ;00000006;02857;0021;VOX                                                    ;00000001;00476;0001;IZQESP                                                 ;00000000;00000;0002;CEUS                                                   ;00000000;00000;0009;FO                                                     ;00000000;00000;0010;AHORA REPÚBLICAS (ERC-EH BILDU-BNG-ARA MÉS)            ;00000000;00000;0060;JUNTS UE                                               ;00000000;00000;0019;ANDALUCISTAS                                           ;00000000;00000;0020;IE                                                     ;00000000;00000;0023;ESCAÑOS EN BLANCO                                      ;00000000;00000;0024;CRT                                                    ;00000000;00000;0025;PODEMOS                                                ;00000000;00000;0026;PFAC                                                   ;00000000;00000;0027;PCTE                                                   ;00000000;00000;0029;PCPE/PCPC                                              ;00000000;00000;0032;SUMAR                                                  ;00000000;00000;0039;PACMA                                                  ;00000000;00000;0040;CREE EN EUROPA                                         ;00000000;00000;0041;PMR                                                    ;00000000;00000;0042;AGRUPACIÓN DE ELECTORES "SE ACABÓ LA FIESTA"           ;00000000;00000;0043;F                                                      ;00000000;00000;0072;EXISTE                                                 ;00000000;00000;0046;Cs                                                     ;00000000;00000;0047;FE de las JONS                                         ;00000000;00000;0048;SAE                                                    ;00000000;00000;0049;J.U.E.X.                                               ;00000000;00000;0050;PH                                                     ;00000000;00000;0051;VOLT                                                   ;00000000;00000;0052;RECORTES CERO                                          ;00000000;00000;0063;EXTREMEÑOS                                             ;00000000;00000;0064;GLG                                                    ;00000000;00000;0065;PIRATAS / REBELDES                                     ;00000000;00000;0070;PREPAL                                                 ;00000000;00000;0000;                                                       ;00000000;00000;0000;                                                       ;00000000;00000;0000;                                                       ;00000000;00000;0000;                                                       ;00000000;00000;0000;                                                       ;00000000;00000;0000;                                                       ;00000000;00000;0000;                                                       ;00000000;00000;0000;                                                       ;00000000;00000;0000;                                                       ;00000000;00000;0000;                                                       ;00000000;00000;0000;                                                       ;00000000;00000;0000;                                                       ;00000000;00000;0000;                                                       ;00000000;00000;0000;                                                       ;00000000;00000;0000;                                                       ;00000000;00000;0000;                                                       ;00000000;00000;0000;                                                       ;00000000;00000;0000;                                                       ;00000000;00000;0000;                                                       ;00000000;00000;0000;                                                       ;00000000;00000;0000;                                                       ;00000000;00000;0000;                                                       ;00000000;00000;0000;                                                       ;00000000;00000;0000;                                                       ;00000000;00000;0000;                                                       ;00000000;00000;0000;                                                       ;00000000;00000;0000;                                                       ;00000000;00000;0000;                                                       ;00000000;00000;0000;                                                       ;00000000;00000;0000;                                                       ;00000000;00000;0000;                                                       ;00000000;00000;0000;                                                       ;00000000;00000;0000;                                                       ;00000000;00000;0000;                                                       ;00000000;00000;0000;                                                       ;00000000;00000;0000;                                                       ;00000000;00000;0000;                                                       ;00000000;00000;0000;                                                       ;00000000;00000;0000;                                                       ;00000000;00000;0000;                                                       ;00000000;00000;0000;                                                       ;00000000;00000;0000;                                                       ;00000000;00000;0000;                                                       ;00000000;00000;0000;                                                       ;00000000;00000;0000;                                                       ;00000000;00000;0000;                                                       ;00000000;00000;
2406100033;08;09;9;270;99;Pinilla Trasmonte                                 ;99;99;00001;00000152;00000152;10000;00000086;05657;00000066;04342;00000001;00116;00000000;00000;0022;PP                                                     ;00000051;05930;0017;PSOE                                                   ;00000012;01395;0021;VOX                                                    ;00000009;01046;0046;Cs                                                     ;00000004;00465;0009;FO                                                     ;00000002;00232;0025;PODEMOS                                                ;00000002;00232;0042;AGRUPACIÓN DE ELECTORES "SE ACABÓ LA FIESTA"           ;00000002;00232;0032;SUMAR                                                  ;00000001;00116;0072;EXISTE                                                 ;00000001;00116;0051;VOLT                                                   ;00000001;00116;0001;IZQESP                                                 ;00000000;00000;0002;CEUS                                                   ;00000000;00000;0010;AHORA REPÚBLICAS (ERC-EH BILDU-BNG-ARA MÉS)            ;00000000;00000;0060;JUNTS UE                                               ;00000000;00000;0019;ANDALUCISTAS                                           ;00000000;00000;0020;IE                                                     ;00000000;00000;0023;ESCAÑOS EN BLANCO                                      ;00000000;00000;0024;CRT                                                    ;00000000;00000;0026;PFAC                                                   ;00000000;00000;0027;PCTE                                                   ;00000000;00000;0029;PCPE/PCPC                                              ;00000000;00000;0039;PACMA                                                  ;00000000;00000;0040;CREE EN EUROPA                                         ;00000000;00000;0041;PMR                                                    ;00000000;00000;0043;F                                                      ;00000000;00000;0047;FE de las JONS                                         ;00000000;00000;0048;SAE                                                    ;00000000;00000;0049;J.U.E.X.                                               ;00000000;00000;0050;PH                                                     ;00000000;00000;0052;RECORTES CERO                                          ;00000000;00000;0063;EXTREMEÑOS                                             ;00000000;00000;0064;GLG                                                    ;00000000;00000;0065;PIRATAS / REBELDES                                     ;00000000;00000;0070;PREPAL                                                 ;00000000;00000;0000;                                                       ;00000000;00000;0000;                                                       ;00000000;00000;0000;                                                       ;00000000;00000;0000;                                                       ;00000000;00000;0000;                                                       ;00000000;00000;0000;                                                       ;00000000;00000;0000;                                                       ;00000000;00000;0000;                                                       ;00000000;00000;0000;                                                       ;00000000;00000;0000;                                                       ;00000000;00000;0000;                                                       ;00000000;00000;0000;                                                       ;00000000;00000;0000;                                                       ;00000000;00000;0000;                                                       ;00000000;00000;0000;                                                       ;00000000;00000;0000;                                                       ;00000000;00000;0000;                                                       ;00000000;00000;0000;                                                       ;00000000;00000;0000;                                                       ;00000000;00000;0000;                                                       ;00000000;00000;0000;                                                       ;00000000;00000;0000;                                                       ;00000000;00000;0000;                                                       ;00000000;00000;0000;                                                       ;00000000;00000;0000;                                                       ;00000000;00000;0000;                                                       ;00000000;00000;0000;                                                       ;00000000;00000;0000;                                                       ;00000000;00000;0000;                                                       ;00000000;00000;0000;                                                       ;00000000;00000;0000;                                                       ;00000000;00000;0000;                                                       ;00000000;00000;0000;                                                       ;00000000;00000;0000;                                                       ;00000000;00000;0000;                                                       ;00000000;00000;0000;                                                       ;00000000;00000;0000;                                                       ;00000000;00000;0000;                                                       ;00000000;00000;0000;                                                       ;00000000;00000;0000;                                                       ;00000000;00000;0000;                                                       ;00000000;00000;0000;                                                       ;00000000;00000;0000;                                                       ;00000000;00000;0000;                                                       ;00000000;00000;0000;                                                       ;00000000;00000;0000;                                                       ;00000000;00000;
2406100033;08;09;9;272;99;Poza de la Sal                                    ;99;99;00001;00000258;00000258;10000;00000156;06046;00000102;03953;00000003;00196;00000003;00192;0022;PP                                                     ;00000082;05359;0017;PSOE                                                   ;00000038;02483;0021;VOX                                                    ;00000017;01111;0042;AGRUPACIÓN DE ELECTORES "SE ACABÓ LA FIESTA"           ;00000008;00522;0001;IZQESP                                                 ;00000001;00065;0002;CEUS                                                   ;00000001;00065;0025;PODEMOS                                                ;00000001;00065;0072;EXISTE                                                 ;00000001;00065;0046;Cs                                                     ;00000001;00065;0009;FO                                                     ;00000000;00000;0010;AHORA REPÚBLICAS (ERC-EH BILDU-BNG-ARA MÉS)            ;00000000;00000;0060;JUNTS UE                                               ;00000000;00000;0019;ANDALUCISTAS                                           ;00000000;00000;0020;IE                                                     ;00000000;00000;0023;ESCAÑOS EN BLANCO                                      ;00000000;00000;0024;CRT                                                    ;00000000;00000;0026;PFAC                                                   ;00000000;00000;0027;PCTE                                                   ;00000000;00000;0029;PCPE/PCPC                                              ;00000000;00000;0032;SUMAR                                                  ;00000000;00000;0039;PACMA                                                  ;00000000;00000;0040;CREE EN EUROPA                                         ;00000000;00000;0041;PMR                                                    ;00000000;00000;0043;F                                                      ;00000000;00000;0047;FE de las JONS                                         ;00000000;00000;0048;SAE                                                    ;00000000;00000;0049;J.U.E.X.                                               ;00000000;00000;0050;PH                                                     ;00000000;00000;0051;VOLT                                                   ;00000000;00000;0052;RECORTES CERO                                          ;00000000;00000;0063;EXTREMEÑOS                                             ;00000000;00000;0064;GLG                                                    ;00000000;00000;0065;PIRATAS / REBELDES                                     ;00000000;00000;0070;PREPAL                                                 ;00000000;00000;0000;                                                       ;00000000;00000;0000;                                                       ;00000000;00000;0000;                                                       ;00000000;00000;0000;                                                       ;00000000;00000;0000;                                                       ;00000000;00000;0000;                                                       ;00000000;00000;0000;                                                       ;00000000;00000;0000;                                                       ;00000000;00000;0000;                                                       ;00000000;00000;0000;                                                       ;00000000;00000;0000;                                                       ;00000000;00000;0000;                                                       ;00000000;00000;0000;                                                       ;00000000;00000;0000;                                                       ;00000000;00000;0000;                                                       ;00000000;00000;0000;                                                       ;00000000;00000;0000;                                                       ;00000000;00000;0000;                                                       ;00000000;00000;0000;                                                       ;00000000;00000;0000;                                                       ;00000000;00000;0000;                                                       ;00000000;00000;0000;                                                       ;00000000;00000;0000;                                                       ;00000000;00000;0000;                                                       ;00000000;00000;0000;                                                       ;00000000;00000;0000;                                                       ;00000000;00000;0000;                                                       ;00000000;00000;0000;                                                       ;00000000;00000;0000;                                                       ;00000000;00000;0000;                                                       ;00000000;00000;0000;                                                       ;00000000;00000;0000;                                                       ;00000000;00000;0000;                                                       ;00000000;00000;0000;                                                       ;00000000;00000;0000;                                                       ;00000000;00000;0000;                                                       ;00000000;00000;0000;                                                       ;00000000;00000;0000;                                                       ;00000000;00000;0000;                                                       ;00000000;00000;0000;                                                       ;00000000;00000;0000;                                                       ;00000000;00000;0000;                                                       ;00000000;00000;0000;                                                       ;00000000;00000;0000;                                                       ;00000000;00000;0000;                                                       ;00000000;00000;0000;                                                       ;00000000;00000;
2406100033;08;09;9;273;99;Prádanos de Bureba                                ;99;99;00001;00000052;00000052;10000;00000037;07115;00000015;02884;00000000;00000;00000000;00000;0022;PP                                                     ;00000017;04594;0021;VOX                                                    ;00000011;02972;0017;PSOE                                                   ;00000004;01081;0042;AGRUPACIÓN DE ELECTORES "SE ACABÓ LA FIESTA"           ;00000002;00540;0032;SUMAR                                                  ;00000001;00270;0046;Cs                                                     ;00000001;00270;0048;SAE                                                    ;00000001;00270;0001;IZQESP                                                 ;00000000;00000;0002;CEUS                                                   ;00000000;00000;0009;FO                                                     ;00000000;00000;0010;AHORA REPÚBLICAS (ERC-EH BILDU-BNG-ARA MÉS)            ;00000000;00000;0060;JUNTS UE                                               ;00000000;00000;0019;ANDALUCISTAS                                           ;00000000;00000;0020;IE                                                     ;00000000;00000;0023;ESCAÑOS EN BLANCO                                      ;00000000;00000;0024;CRT                                                    ;00000000;00000;0025;PODEMOS                                                ;00000000;00000;0026;PFAC                                                   ;00000000;00000;0027;PCTE                                                   ;00000000;00000;0029;PCPE/PCPC                                              ;00000000;00000;0039;PACMA                                                  ;00000000;00000;0040;CREE EN EUROPA                                         ;00000000;00000;0041;PMR                                                    ;00000000;00000;0043;F                                                      ;00000000;00000;0072;EXISTE                                                 ;00000000;00000;0047;FE de las JONS                                         ;00000000;00000;0049;J.U.E.X.                                               ;00000000;00000;0050;PH                                                     ;00000000;00000;0051;VOLT                                                   ;00000000;00000;0052;RECORTES CERO                                          ;00000000;00000;0063;EXTREMEÑOS                                             ;00000000;00000;0064;GLG                                                    ;00000000;00000;0065;PIRATAS / REBELDES                                     ;00000000;00000;0070;PREPAL                                                 ;00000000;00000;0000;                                                       ;00000000;00000;0000;                                                       ;00000000;00000;0000;                                                       ;00000000;00000;0000;                                                       ;00000000;00000;0000;                                                       ;00000000;00000;0000;                                                       ;00000000;00000;0000;                                                       ;00000000;00000;0000;                                                       ;00000000;00000;0000;                                                       ;00000000;00000;0000;                                                       ;00000000;00000;0000;                                                       ;00000000;00000;0000;                                                       ;00000000;00000;0000;                                                       ;00000000;00000;0000;                                                       ;00000000;00000;0000;                                                       ;00000000;00000;0000;                                                       ;00000000;00000;0000;                                                       ;00000000;00000;0000;                                                       ;00000000;00000;0000;                                                       ;00000000;00000;0000;                                                       ;00000000;00000;0000;                                                       ;00000000;00000;0000;                                                       ;00000000;00000;0000;                                                       ;00000000;00000;0000;                                                       ;00000000;00000;0000;                                                       ;00000000;00000;0000;                                                       ;00000000;00000;0000;                                                       ;00000000;00000;0000;                                                       ;00000000;00000;0000;                                                       ;00000000;00000;0000;                                                       ;00000000;00000;0000;                                                       ;00000000;00000;0000;                                                       ;00000000;00000;0000;                                                       ;00000000;00000;0000;                                                       ;00000000;00000;0000;                                                       ;00000000;00000;0000;                                                       ;00000000;00000;0000;                                                       ;00000000;00000;0000;                                                       ;00000000;00000;0000;                                                       ;00000000;00000;0000;                                                       ;00000000;00000;0000;                                                       ;00000000;00000;0000;                                                       ;00000000;00000;0000;                                                       ;00000000;00000;0000;                                                       ;00000000;00000;0000;                                                       ;00000000;00000;0000;                                                       ;00000000;00000;
2406100033;08;09;9;274;99;Pradoluengo                                       ;99;99;00002;00000948;00000948;10000;00000597;06297;00000351;03702;00000006;00103;00000016;00268;0022;PP                                                     ;00000266;04578;0017;PSOE                                                   ;00000214;03683;0021;VOX                                                    ;00000030;00516;0025;PODEMOS                                                ;00000018;00309;0032;SUMAR                                                  ;00000015;00258;0042;AGRUPACIÓN DE ELECTORES "SE ACABÓ LA FIESTA"           ;00000013;00223;0046;Cs                                                     ;00000005;00086;0001;IZQESP                                                 ;00000002;00034;0026;PFAC                                                   ;00000002;00034;0039;PACMA                                                  ;00000002;00034;0009;FO                                                     ;00000001;00017;0010;AHORA REPÚBLICAS (ERC-EH BILDU-BNG-ARA MÉS)            ;00000001;00017;0020;IE                                                     ;00000001;00017;0024;CRT                                                    ;00000001;00017;0029;PCPE/PCPC                                              ;00000001;00017;0072;EXISTE                                                 ;00000001;00017;0047;FE de las JONS                                         ;00000001;00017;0052;RECORTES CERO                                          ;00000001;00017;0002;CEUS                                                   ;00000000;00000;0060;JUNTS UE                                               ;00000000;00000;0019;ANDALUCISTAS                                           ;00000000;00000;0023;ESCAÑOS EN BLANCO                                      ;00000000;00000;0027;PCTE                                                   ;00000000;00000;0040;CREE EN EUROPA                                         ;00000000;00000;0041;PMR                                                    ;00000000;00000;0043;F                                                      ;00000000;00000;0048;SAE                                                    ;00000000;00000;0049;J.U.E.X.                                               ;00000000;00000;0050;PH                                                     ;00000000;00000;0051;VOLT                                                   ;00000000;00000;0063;EXTREMEÑOS                                             ;00000000;00000;0064;GLG                                                    ;00000000;00000;0065;PIRATAS / REBELDES                                     ;00000000;00000;0070;PREPAL                                                 ;00000000;00000;0000;                                                       ;00000000;00000;0000;                                                       ;00000000;00000;0000;                                                       ;00000000;00000;0000;                                                       ;00000000;00000;0000;                                                       ;00000000;00000;0000;                                                       ;00000000;00000;0000;                                                       ;00000000;00000;0000;                                                       ;00000000;00000;0000;                                                       ;00000000;00000;0000;                                                       ;00000000;00000;0000;                                                       ;00000000;00000;0000;                                                       ;00000000;00000;0000;                                                       ;00000000;00000;0000;                                                       ;00000000;00000;0000;                                                       ;00000000;00000;0000;                                                       ;00000000;00000;0000;                                                       ;00000000;00000;0000;                                                       ;00000000;00000;0000;                                                       ;00000000;00000;0000;                                                       ;00000000;00000;0000;                                                       ;00000000;00000;0000;                                                       ;00000000;00000;0000;                                                       ;00000000;00000;0000;                                                       ;00000000;00000;0000;                                                       ;00000000;00000;0000;                                                       ;00000000;00000;0000;                                                       ;00000000;00000;0000;                                                       ;00000000;00000;0000;                                                       ;00000000;00000;0000;                                                       ;00000000;00000;0000;                                                       ;00000000;00000;0000;                                                       ;00000000;00000;0000;                                                       ;00000000;00000;0000;                                                       ;00000000;00000;0000;                                                       ;00000000;00000;0000;                                                       ;00000000;00000;0000;                                                       ;00000000;00000;0000;                                                       ;00000000;00000;0000;                                                       ;00000000;00000;0000;                                                       ;00000000;00000;0000;                                                       ;00000000;00000;0000;                                                       ;00000000;00000;0000;                                                       ;00000000;00000;0000;                                                       ;00000000;00000;0000;                                                       ;00000000;00000;0000;                                                       ;00000000;00000;
2406100033;08;09;9;275;99;Presencio                                         ;99;99;00001;00000188;00000188;10000;00000111;05904;00000077;04095;00000001;00090;00000001;00090;0022;PP                                                     ;00000061;05545;0017;PSOE                                                   ;00000025;02272;0021;VOX                                                    ;00000012;01090;0048;SAE                                                    ;00000003;00272;0032;SUMAR                                                  ;00000002;00181;0039;PACMA                                                  ;00000002;00181;0020;IE                                                     ;00000001;00090;0026;PFAC                                                   ;00000001;00090;0027;PCTE                                                   ;00000001;00090;0042;AGRUPACIÓN DE ELECTORES "SE ACABÓ LA FIESTA"           ;00000001;00090;0001;IZQESP                                                 ;00000000;00000;0002;CEUS                                                   ;00000000;00000;0009;FO                                                     ;00000000;00000;0010;AHORA REPÚBLICAS (ERC-EH BILDU-BNG-ARA MÉS)            ;00000000;00000;0060;JUNTS UE                                               ;00000000;00000;0019;ANDALUCISTAS                                           ;00000000;00000;0023;ESCAÑOS EN BLANCO                                      ;00000000;00000;0024;CRT                                                    ;00000000;00000;0025;PODEMOS                                                ;00000000;00000;0029;PCPE/PCPC                                              ;00000000;00000;0040;CREE EN EUROPA                                         ;00000000;00000;0041;PMR                                                    ;00000000;00000;0043;F                                                      ;00000000;00000;0072;EXISTE                                                 ;00000000;00000;0046;Cs                                                     ;00000000;00000;0047;FE de las JONS                                         ;00000000;00000;0049;J.U.E.X.                                               ;00000000;00000;0050;PH                                                     ;00000000;00000;0051;VOLT                                                   ;00000000;00000;0052;RECORTES CERO                                          ;00000000;00000;0063;EXTREMEÑOS                                             ;00000000;00000;0064;GLG                                                    ;00000000;00000;0065;PIRATAS / REBELDES                                     ;00000000;00000;0070;PREPAL                                                 ;00000000;00000;0000;                                                       ;00000000;00000;0000;                                                       ;00000000;00000;0000;                                                       ;00000000;00000;0000;                                                       ;00000000;00000;0000;                                                       ;00000000;00000;0000;                                                       ;00000000;00000;0000;                                                       ;00000000;00000;0000;                                                       ;00000000;00000;0000;                                                       ;00000000;00000;0000;                                                       ;00000000;00000;0000;                                                       ;00000000;00000;0000;                                                       ;00000000;00000;0000;                                                       ;00000000;00000;0000;                                                       ;00000000;00000;0000;                                                       ;00000000;00000;0000;                                                       ;00000000;00000;0000;                                                       ;00000000;00000;0000;                                                       ;00000000;00000;0000;                                                       ;00000000;00000;0000;                                                       ;00000000;00000;0000;                                                       ;00000000;00000;0000;                                                       ;00000000;00000;0000;                                                       ;00000000;00000;0000;                                                       ;00000000;00000;0000;                                                       ;00000000;00000;0000;                                                       ;00000000;00000;0000;                                                       ;00000000;00000;0000;                                                       ;00000000;00000;0000;                                                       ;00000000;00000;0000;                                                       ;00000000;00000;0000;                                                       ;00000000;00000;0000;                                                       ;00000000;00000;0000;                                                       ;00000000;00000;0000;                                                       ;00000000;00000;0000;                                                       ;00000000;00000;0000;                                                       ;00000000;00000;0000;                                                       ;00000000;00000;0000;                                                       ;00000000;00000;0000;                                                       ;00000000;00000;0000;                                                       ;00000000;00000;0000;                                                       ;00000000;00000;0000;                                                       ;00000000;00000;0000;                                                       ;00000000;00000;0000;                                                       ;00000000;00000;0000;                                                       ;00000000;00000;0000;                                                       ;00000000;00000;
2406100033;08;09;9;276;99;La Puebla de Arganzón                             ;99;99;00001;00000418;00000418;10000;00000208;04976;00000210;05023;00000005;00242;00000002;00096;0017;PSOE                                                   ;00000057;02766;0022;PP                                                     ;00000035;01699;0010;AHORA REPÚBLICAS (ERC-EH BILDU-BNG-ARA MÉS)            ;00000027;01310;0042;AGRUPACIÓN DE ELECTORES "SE ACABÓ LA FIESTA"           ;00000018;00873;0021;VOX                                                    ;00000017;00825;0032;SUMAR                                                  ;00000014;00679;0002;CEUS                                                   ;00000011;00533;0020;IE                                                     ;00000005;00242;0025;PODEMOS                                                ;00000005;00242;0009;FO                                                     ;00000004;00194;0046;Cs                                                     ;00000003;00145;0023;ESCAÑOS EN BLANCO                                      ;00000001;00048;0039;PACMA                                                  ;00000001;00048;0072;EXISTE                                                 ;00000001;00048;0048;SAE                                                    ;00000001;00048;0065;PIRATAS / REBELDES                                     ;00000001;00048;0001;IZQESP                                                 ;00000000;00000;0060;JUNTS UE                                               ;00000000;00000;0019;ANDALUCISTAS                                           ;00000000;00000;0024;CRT                                                    ;00000000;00000;0026;PFAC                                                   ;00000000;00000;0027;PCTE                                                   ;00000000;00000;0029;PCPE/PCPC                                              ;00000000;00000;0040;CREE EN EUROPA                                         ;00000000;00000;0041;PMR                                                    ;00000000;00000;0043;F                                                      ;00000000;00000;0047;FE de las JONS                                         ;00000000;00000;0049;J.U.E.X.                                               ;00000000;00000;0050;PH                                                     ;00000000;00000;0051;VOLT                                                   ;00000000;00000;0052;RECORTES CERO                                          ;00000000;00000;0063;EXTREMEÑOS                                             ;00000000;00000;0064;GLG                                                    ;00000000;00000;0070;PREPAL                                                 ;00000000;00000;0000;                                                       ;00000000;00000;0000;                                                       ;00000000;00000;0000;                                                       ;00000000;00000;0000;                                                       ;00000000;00000;0000;                                                       ;00000000;00000;0000;                                                       ;00000000;00000;0000;                                                       ;00000000;00000;0000;                                                       ;00000000;00000;0000;                                                       ;00000000;00000;0000;                                                       ;00000000;00000;0000;                                                       ;00000000;00000;0000;                                                       ;00000000;00000;0000;                                                       ;00000000;00000;0000;                                                       ;00000000;00000;0000;                                                       ;00000000;00000;0000;                                                       ;00000000;00000;0000;                                                       ;00000000;00000;0000;                                                       ;00000000;00000;0000;                                                       ;00000000;00000;0000;                                                       ;00000000;00000;0000;                                                       ;00000000;00000;0000;                                                       ;00000000;00000;0000;                                                       ;00000000;00000;0000;                                                       ;00000000;00000;0000;                                                       ;00000000;00000;0000;                                                       ;00000000;00000;0000;                                                       ;00000000;00000;0000;                                                       ;00000000;00000;0000;                                                       ;00000000;00000;0000;                                                       ;00000000;00000;0000;                                                       ;00000000;00000;0000;                                                       ;00000000;00000;0000;                                                       ;00000000;00000;0000;                                                       ;00000000;00000;0000;                                                       ;00000000;00000;0000;                                                       ;00000000;00000;0000;                                                       ;00000000;00000;0000;                                                       ;00000000;00000;0000;                                                       ;00000000;00000;0000;                                                       ;00000000;00000;0000;                                                       ;00000000;00000;0000;                                                       ;00000000;00000;0000;                                                       ;00000000;00000;0000;                                                       ;00000000;00000;0000;                                                       ;00000000;00000;0000;                                                       ;00000000;00000;
2406100033;08;09;9;277;99;Puentedura                                        ;99;99;00001;00000115;00000115;10000;00000085;07391;00000030;02608;00000000;00000;00000001;00117;0017;PSOE                                                   ;00000038;04523;0022;PP                                                     ;00000020;02380;0025;PODEMOS                                                ;00000005;00595;0032;SUMAR                                                  ;00000004;00476;0042;AGRUPACIÓN DE ELECTORES "SE ACABÓ LA FIESTA"           ;00000004;00476;0021;VOX                                                    ;00000003;00357;0009;FO                                                     ;00000002;00238;0039;PACMA                                                  ;00000002;00238;0001;IZQESP                                                 ;00000001;00119;0010;AHORA REPÚBLICAS (ERC-EH BILDU-BNG-ARA MÉS)            ;00000001;00119;0024;CRT                                                    ;00000001;00119;0029;PCPE/PCPC                                              ;00000001;00119;0041;PMR                                                    ;00000001;00119;0064;GLG                                                    ;00000001;00119;0002;CEUS                                                   ;00000000;00000;0060;JUNTS UE                                               ;00000000;00000;0019;ANDALUCISTAS                                           ;00000000;00000;0020;IE                                                     ;00000000;00000;0023;ESCAÑOS EN BLANCO                                      ;00000000;00000;0026;PFAC                                                   ;00000000;00000;0027;PCTE                                                   ;00000000;00000;0040;CREE EN EUROPA                                         ;00000000;00000;0043;F                                                      ;00000000;00000;0072;EXISTE                                                 ;00000000;00000;0046;Cs                                                     ;00000000;00000;0047;FE de las JONS                                         ;00000000;00000;0048;SAE                                                    ;00000000;00000;0049;J.U.E.X.                                               ;00000000;00000;0050;PH                                                     ;00000000;00000;0051;VOLT                                                   ;00000000;00000;0052;RECORTES CERO                                          ;00000000;00000;0063;EXTREMEÑOS                                             ;00000000;00000;0065;PIRATAS / REBELDES                                     ;00000000;00000;0070;PREPAL                                                 ;00000000;00000;0000;                                                       ;00000000;00000;0000;                                                       ;00000000;00000;0000;                                                       ;00000000;00000;0000;                                                       ;00000000;00000;0000;                                                       ;00000000;00000;0000;                                                       ;00000000;00000;0000;                                                       ;00000000;00000;0000;                                                       ;00000000;00000;0000;                                                       ;00000000;00000;0000;                                                       ;00000000;00000;0000;                                                       ;00000000;00000;0000;                                                       ;00000000;00000;0000;                                                       ;00000000;00000;0000;                                                       ;00000000;00000;0000;                                                       ;00000000;00000;0000;                                                       ;00000000;00000;0000;                                                       ;00000000;00000;0000;                                                       ;00000000;00000;0000;                                                       ;00000000;00000;0000;                                                       ;00000000;00000;0000;                                                       ;00000000;00000;0000;                                                       ;00000000;00000;0000;                                                       ;00000000;00000;0000;                                                       ;00000000;00000;0000;                                                       ;00000000;00000;0000;                                                       ;00000000;00000;0000;                                                       ;00000000;00000;0000;                                                       ;00000000;00000;0000;                                                       ;00000000;00000;0000;                                                       ;00000000;00000;0000;                                                       ;00000000;00000;0000;                                                       ;00000000;00000;0000;                                                       ;00000000;00000;0000;                                                       ;00000000;00000;0000;                                                       ;00000000;00000;0000;                                                       ;00000000;00000;0000;                                                       ;00000000;00000;0000;                                                       ;00000000;00000;0000;                                                       ;00000000;00000;0000;                                                       ;00000000;00000;0000;                                                       ;00000000;00000;0000;                                                       ;00000000;00000;0000;                                                       ;00000000;00000;0000;                                                       ;00000000;00000;0000;                                                       ;00000000;00000;0000;                                                       ;00000000;00000;
2406100033;08;09;9;279;99;Quemada                                           ;99;99;00001;00000162;00000162;10000;00000089;05493;00000073;04506;00000001;00113;00000001;00112;0022;PP                                                     ;00000052;05909;0017;PSOE                                                   ;00000016;01818;0021;VOX                                                    ;00000013;01477;0032;SUMAR                                                  ;00000002;00227;0010;AHORA REPÚBLICAS (ERC-EH BILDU-BNG-ARA MÉS)            ;00000001;00113;0025;PODEMOS                                                ;00000001;00113;0042;AGRUPACIÓN DE ELECTORES "SE ACABÓ LA FIESTA"           ;00000001;00113;0046;Cs                                                     ;00000001;00113;0001;IZQESP                                                 ;00000000;00000;0002;CEUS                                                   ;00000000;00000;0009;FO                                                     ;00000000;00000;0060;JUNTS UE                                               ;00000000;00000;0019;ANDALUCISTAS                                           ;00000000;00000;0020;IE                                                     ;00000000;00000;0023;ESCAÑOS EN BLANCO                                      ;00000000;00000;0024;CRT                                                    ;00000000;00000;0026;PFAC                                                   ;00000000;00000;0027;PCTE                                                   ;00000000;00000;0029;PCPE/PCPC                                              ;00000000;00000;0039;PACMA                                                  ;00000000;00000;0040;CREE EN EUROPA                                         ;00000000;00000;0041;PMR                                                    ;00000000;00000;0043;F                                                      ;00000000;00000;0072;EXISTE                                                 ;00000000;00000;0047;FE de las JONS                                         ;00000000;00000;0048;SAE                                                    ;00000000;00000;0049;J.U.E.X.                                               ;00000000;00000;0050;PH                                                     ;00000000;00000;0051;VOLT                                                   ;00000000;00000;0052;RECORTES CERO                                          ;00000000;00000;0063;EXTREMEÑOS                                             ;00000000;00000;0064;GLG                                                    ;00000000;00000;0065;PIRATAS / REBELDES                                     ;00000000;00000;0070;PREPAL                                                 ;00000000;00000;0000;                                                       ;00000000;00000;0000;                                                       ;00000000;00000;0000;                                                       ;00000000;00000;0000;                                                       ;00000000;00000;0000;                                                       ;00000000;00000;0000;                                                       ;00000000;00000;0000;                                                       ;00000000;00000;0000;                                                       ;00000000;00000;0000;                                                       ;00000000;00000;0000;                                                       ;00000000;00000;0000;                                                       ;00000000;00000;0000;                                                       ;00000000;00000;0000;                                                       ;00000000;00000;0000;                                                       ;00000000;00000;0000;                                                       ;00000000;00000;0000;                                                       ;00000000;00000;0000;                                                       ;00000000;00000;0000;                                                       ;00000000;00000;0000;                                                       ;00000000;00000;0000;                                                       ;00000000;00000;0000;                                                       ;00000000;00000;0000;                                                       ;00000000;00000;0000;                                                       ;00000000;00000;0000;                                                       ;00000000;00000;0000;                                                       ;00000000;00000;0000;                                                       ;00000000;00000;0000;                                                       ;00000000;00000;0000;                                                       ;00000000;00000;0000;                                                       ;00000000;00000;0000;                                                       ;00000000;00000;0000;                                                       ;00000000;00000;0000;                                                       ;00000000;00000;0000;                                                       ;00000000;00000;0000;                                                       ;00000000;00000;0000;                                                       ;00000000;00000;0000;                                                       ;00000000;00000;0000;                                                       ;00000000;00000;0000;                                                       ;00000000;00000;0000;                                                       ;00000000;00000;0000;                                                       ;00000000;00000;0000;                                                       ;00000000;00000;0000;                                                       ;00000000;00000;0000;                                                       ;00000000;00000;0000;                                                       ;00000000;00000;0000;                                                       ;00000000;00000;0000;                                                       ;00000000;00000;
2406100033;08;09;9;280;99;Quintanabureba                                    ;99;99;00001;00000027;00000027;10000;00000017;06296;00000010;03703;00000000;00000;00000000;00000;0022;PP                                                     ;00000011;06470;0017;PSOE                                                   ;00000004;02352;0042;AGRUPACIÓN DE ELECTORES "SE ACABÓ LA FIESTA"           ;00000001;00588;0070;PREPAL                                                 ;00000001;00588;0001;IZQESP                                                 ;00000000;00000;0002;CEUS                                                   ;00000000;00000;0009;FO                                                     ;00000000;00000;0010;AHORA REPÚBLICAS (ERC-EH BILDU-BNG-ARA MÉS)            ;00000000;00000;0060;JUNTS UE                                               ;00000000;00000;0019;ANDALUCISTAS                                           ;00000000;00000;0020;IE                                                     ;00000000;00000;0021;VOX                                                    ;00000000;00000;0023;ESCAÑOS EN BLANCO                                      ;00000000;00000;0024;CRT                                                    ;00000000;00000;0025;PODEMOS                                                ;00000000;00000;0026;PFAC                                                   ;00000000;00000;0027;PCTE                                                   ;00000000;00000;0029;PCPE/PCPC                                              ;00000000;00000;0032;SUMAR                                                  ;00000000;00000;0039;PACMA                                                  ;00000000;00000;0040;CREE EN EUROPA                                         ;00000000;00000;0041;PMR                                                    ;00000000;00000;0043;F                                                      ;00000000;00000;0072;EXISTE                                                 ;00000000;00000;0046;Cs                                                     ;00000000;00000;0047;FE de las JONS                                         ;00000000;00000;0048;SAE                                                    ;00000000;00000;0049;J.U.E.X.                                               ;00000000;00000;0050;PH                                                     ;00000000;00000;0051;VOLT                                                   ;00000000;00000;0052;RECORTES CERO                                          ;00000000;00000;0063;EXTREMEÑOS                                             ;00000000;00000;0064;GLG                                                    ;00000000;00000;0065;PIRATAS / REBELDES                                     ;00000000;00000;0000;                                                       ;00000000;00000;0000;                                                       ;00000000;00000;0000;                                                       ;00000000;00000;0000;                                                       ;00000000;00000;0000;                                                       ;00000000;00000;0000;                                                       ;00000000;00000;0000;                                                       ;00000000;00000;0000;                                                       ;00000000;00000;0000;                                                       ;00000000;00000;0000;                                                       ;00000000;00000;0000;                                                       ;00000000;00000;0000;                                                       ;00000000;00000;0000;                                                       ;00000000;00000;0000;                                                       ;00000000;00000;0000;                                                       ;00000000;00000;0000;                                                       ;00000000;00000;0000;                                                       ;00000000;00000;0000;                                                       ;00000000;00000;0000;                                                       ;00000000;00000;0000;                                                       ;00000000;00000;0000;                                                       ;00000000;00000;0000;                                                       ;00000000;00000;0000;                                                       ;00000000;00000;0000;                                                       ;00000000;00000;0000;                                                       ;00000000;00000;0000;                                                       ;00000000;00000;0000;                                                       ;00000000;00000;0000;                                                       ;00000000;00000;0000;                                                       ;00000000;00000;0000;                                                       ;00000000;00000;0000;                                                       ;00000000;00000;0000;                                                       ;00000000;00000;0000;                                                       ;00000000;00000;0000;                                                       ;00000000;00000;0000;                                                       ;00000000;00000;0000;                                                       ;00000000;00000;0000;                                                       ;00000000;00000;0000;                                                       ;00000000;00000;0000;                                                       ;00000000;00000;0000;                                                       ;00000000;00000;0000;                                                       ;00000000;00000;0000;                                                       ;00000000;00000;0000;                                                       ;00000000;00000;0000;                                                       ;00000000;00000;0000;                                                       ;00000000;00000;0000;                                                       ;00000000;00000;
2406100033;08;09;9;281;99;Quintana del Pidio                                ;99;99;00001;00000118;00000118;10000;00000077;06525;00000041;03474;00000003;00394;00000001;00129;0022;PP                                                     ;00000029;03815;0017;PSOE                                                   ;00000022;02894;0021;VOX                                                    ;00000008;01052;0025;PODEMOS                                                ;00000005;00657;0042;AGRUPACIÓN DE ELECTORES "SE ACABÓ LA FIESTA"           ;00000003;00394;0046;Cs                                                     ;00000002;00263;0009;FO                                                     ;00000001;00131;0026;PFAC                                                   ;00000001;00131;0039;PACMA                                                  ;00000001;00131;0072;EXISTE                                                 ;00000001;00131;0001;IZQESP                                                 ;00000000;00000;0002;CEUS                                                   ;00000000;00000;0010;AHORA REPÚBLICAS (ERC-EH BILDU-BNG-ARA MÉS)            ;00000000;00000;0060;JUNTS UE                                               ;00000000;00000;0019;ANDALUCISTAS                                           ;00000000;00000;0020;IE                                                     ;00000000;00000;0023;ESCAÑOS EN BLANCO                                      ;00000000;00000;0024;CRT                                                    ;00000000;00000;0027;PCTE                                                   ;00000000;00000;0029;PCPE/PCPC                                              ;00000000;00000;0032;SUMAR                                                  ;00000000;00000;0040;CREE EN EUROPA                                         ;00000000;00000;0041;PMR                                                    ;00000000;00000;0043;F                                                      ;00000000;00000;0047;FE de las JONS                                         ;00000000;00000;0048;SAE                                                    ;00000000;00000;0049;J.U.E.X.                                               ;00000000;00000;0050;PH                                                     ;00000000;00000;0051;VOLT                                                   ;00000000;00000;0052;RECORTES CERO                                          ;00000000;00000;0063;EXTREMEÑOS                                             ;00000000;00000;0064;GLG                                                    ;00000000;00000;0065;PIRATAS / REBELDES                                     ;00000000;00000;0070;PREPAL                                                 ;00000000;00000;0000;                                                       ;00000000;00000;0000;                                                       ;00000000;00000;0000;                                                       ;00000000;00000;0000;                                                       ;00000000;00000;0000;                                                       ;00000000;00000;0000;                                                       ;00000000;00000;0000;                                                       ;00000000;00000;0000;                                                       ;00000000;00000;0000;                                                       ;00000000;00000;0000;                                                       ;00000000;00000;0000;                                                       ;00000000;00000;0000;                                                       ;00000000;00000;0000;                                                       ;00000000;00000;0000;                                                       ;00000000;00000;0000;                                                       ;00000000;00000;0000;                                                       ;00000000;00000;0000;                                                       ;00000000;00000;0000;                                                       ;00000000;00000;0000;                                                       ;00000000;00000;0000;                                                       ;00000000;00000;0000;                                                       ;00000000;00000;0000;                                                       ;00000000;00000;0000;                                                       ;00000000;00000;0000;                                                       ;00000000;00000;0000;                                                       ;00000000;00000;0000;                                                       ;00000000;00000;0000;                                                       ;00000000;00000;0000;                                                       ;00000000;00000;0000;                                                       ;00000000;00000;0000;                                                       ;00000000;00000;0000;                                                       ;00000000;00000;0000;                                                       ;00000000;00000;0000;                                                       ;00000000;00000;0000;                                                       ;00000000;00000;0000;                                                       ;00000000;00000;0000;                                                       ;00000000;00000;0000;                                                       ;00000000;00000;0000;                                                       ;00000000;00000;0000;                                                       ;00000000;00000;0000;                                                       ;00000000;00000;0000;                                                       ;00000000;00000;0000;                                                       ;00000000;00000;0000;                                                       ;00000000;00000;0000;                                                       ;00000000;00000;0000;                                                       ;00000000;00000;0000;                                                       ;00000000;00000;
2406100033;08;09;9;283;99;Quintanaélez                                      ;99;99;00001;00000044;00000044;10000;00000028;06363;00000016;03636;00000000;00000;00000000;00000;0022;PP                                                     ;00000019;06785;0017;PSOE                                                   ;00000004;01428;0021;VOX                                                    ;00000003;01071;0009;FO                                                     ;00000001;00357;0051;VOLT                                                   ;00000001;00357;0001;IZQESP                                                 ;00000000;00000;0002;CEUS                                                   ;00000000;00000;0010;AHORA REPÚBLICAS (ERC-EH BILDU-BNG-ARA MÉS)            ;00000000;00000;0060;JUNTS UE                                               ;00000000;00000;0019;ANDALUCISTAS                                           ;00000000;00000;0020;IE                                                     ;00000000;00000;0023;ESCAÑOS EN BLANCO                                      ;00000000;00000;0024;CRT                                                    ;00000000;00000;0025;PODEMOS                                                ;00000000;00000;0026;PFAC                                                   ;00000000;00000;0027;PCTE                                                   ;00000000;00000;0029;PCPE/PCPC                                              ;00000000;00000;0032;SUMAR                                                  ;00000000;00000;0039;PACMA                                                  ;00000000;00000;0040;CREE EN EUROPA                                         ;00000000;00000;0041;PMR                                                    ;00000000;00000;0042;AGRUPACIÓN DE ELECTORES "SE ACABÓ LA FIESTA"           ;00000000;00000;0043;F                                                      ;00000000;00000;0072;EXISTE                                                 ;00000000;00000;0046;Cs                                                     ;00000000;00000;0047;FE de las JONS                                         ;00000000;00000;0048;SAE                                                    ;00000000;00000;0049;J.U.E.X.                                               ;00000000;00000;0050;PH                                                     ;00000000;00000;0052;RECORTES CERO                                          ;00000000;00000;0063;EXTREMEÑOS                                             ;00000000;00000;0064;GLG                                                    ;00000000;00000;0065;PIRATAS / REBELDES                                     ;00000000;00000;0070;PREPAL                                                 ;00000000;00000;0000;                                                       ;00000000;00000;0000;                                                       ;00000000;00000;0000;                                                       ;00000000;00000;0000;                                                       ;00000000;00000;0000;                                                       ;00000000;00000;0000;                                                       ;00000000;00000;0000;                                                       ;00000000;00000;0000;                                                       ;00000000;00000;0000;                                                       ;00000000;00000;0000;                                                       ;00000000;00000;0000;                                                       ;00000000;00000;0000;                                                       ;00000000;00000;0000;                                                       ;00000000;00000;0000;                                                       ;00000000;00000;0000;                                                       ;00000000;00000;0000;                                                       ;00000000;00000;0000;                                                       ;00000000;00000;0000;                                                       ;00000000;00000;0000;                                                       ;00000000;00000;0000;                                                       ;00000000;00000;0000;                                                       ;00000000;00000;0000;                                                       ;00000000;00000;0000;                                                       ;00000000;00000;0000;                                                       ;00000000;00000;0000;                                                       ;00000000;00000;0000;                                                       ;00000000;00000;0000;                                                       ;00000000;00000;0000;                                                       ;00000000;00000;0000;                                                       ;00000000;00000;0000;                                                       ;00000000;00000;0000;                                                       ;00000000;00000;0000;                                                       ;00000000;00000;0000;                                                       ;00000000;00000;0000;                                                       ;00000000;00000;0000;                                                       ;00000000;00000;0000;                                                       ;00000000;00000;0000;                                                       ;00000000;00000;0000;                                                       ;00000000;00000;0000;                                                       ;00000000;00000;0000;                                                       ;00000000;00000;0000;                                                       ;00000000;00000;0000;                                                       ;00000000;00000;0000;                                                       ;00000000;00000;0000;                                                       ;00000000;00000;0000;                                                       ;00000000;00000;0000;                                                       ;00000000;00000;
2406100033;08;09;9;287;99;Quintanaortuño                                    ;99;99;00001;00000214;00000214;10000;00000147;06869;00000067;03130;00000000;00000;00000000;00000;0017;PSOE                                                   ;00000048;03265;0022;PP                                                     ;00000038;02585;0021;VOX                                                    ;00000022;01496;0042;AGRUPACIÓN DE ELECTORES "SE ACABÓ LA FIESTA"           ;00000022;01496;0032;SUMAR                                                  ;00000007;00476;0025;PODEMOS                                                ;00000003;00204;0009;FO                                                     ;00000002;00136;0072;EXISTE                                                 ;00000002;00136;0046;Cs                                                     ;00000001;00068;0049;J.U.E.X.                                               ;00000001;00068;0065;PIRATAS / REBELDES                                     ;00000001;00068;0001;IZQESP                                                 ;00000000;00000;0002;CEUS                                                   ;00000000;00000;0010;AHORA REPÚBLICAS (ERC-EH BILDU-BNG-ARA MÉS)            ;00000000;00000;0060;JUNTS UE                                               ;00000000;00000;0019;ANDALUCISTAS                                           ;00000000;00000;0020;IE                                                     ;00000000;00000;0023;ESCAÑOS EN BLANCO                                      ;00000000;00000;0024;CRT                                                    ;00000000;00000;0026;PFAC                                                   ;00000000;00000;0027;PCTE                                                   ;00000000;00000;0029;PCPE/PCPC                                              ;00000000;00000;0039;PACMA                                                  ;00000000;00000;0040;CREE EN EUROPA                                         ;00000000;00000;0041;PMR                                                    ;00000000;00000;0043;F                                                      ;00000000;00000;0047;FE de las JONS                                         ;00000000;00000;0048;SAE                                                    ;00000000;00000;0050;PH                                                     ;00000000;00000;0051;VOLT                                                   ;00000000;00000;0052;RECORTES CERO                                          ;00000000;00000;0063;EXTREMEÑOS                                             ;00000000;00000;0064;GLG                                                    ;00000000;00000;0070;PREPAL                                                 ;00000000;00000;0000;                                                       ;00000000;00000;0000;                                                       ;00000000;00000;0000;                                                       ;00000000;00000;0000;                                                       ;00000000;00000;0000;                                                       ;00000000;00000;0000;                                                       ;00000000;00000;0000;                                                       ;00000000;00000;0000;                                                       ;00000000;00000;0000;                                                       ;00000000;00000;0000;                                                       ;00000000;00000;0000;                                                       ;00000000;00000;0000;                                                       ;00000000;00000;0000;                                                       ;00000000;00000;0000;                                                       ;00000000;00000;0000;                                                       ;00000000;00000;0000;                                                       ;00000000;00000;0000;                                                       ;00000000;00000;0000;                                                       ;00000000;00000;0000;                                                       ;00000000;00000;0000;                                                       ;00000000;00000;0000;                                                       ;00000000;00000;0000;                                                       ;00000000;00000;0000;                                                       ;00000000;00000;0000;                                                       ;00000000;00000;0000;                                                       ;00000000;00000;0000;                                                       ;00000000;00000;0000;                                                       ;00000000;00000;0000;                                                       ;00000000;00000;0000;                                                       ;00000000;00000;0000;                                                       ;00000000;00000;0000;                                                       ;00000000;00000;0000;                                                       ;00000000;00000;0000;                                                       ;00000000;00000;0000;                                                       ;00000000;00000;0000;                                                       ;00000000;00000;0000;                                                       ;00000000;00000;0000;                                                       ;00000000;00000;0000;                                                       ;00000000;00000;0000;                                                       ;00000000;00000;0000;                                                       ;00000000;00000;0000;                                                       ;00000000;00000;0000;                                                       ;00000000;00000;0000;                                                       ;00000000;00000;0000;                                                       ;00000000;00000;0000;                                                       ;00000000;00000;0000;                                                       ;00000000;00000;
2406100033;08;09;9;288;99;Quintanapalla                                     ;99;99;00001;00000083;00000083;10000;00000056;06746;00000027;03253;00000000;00000;00000000;00000;0022;PP                                                     ;00000031;05535;0017;PSOE                                                   ;00000011;01964;0021;VOX                                                    ;00000006;01071;0042;AGRUPACIÓN DE ELECTORES "SE ACABÓ LA FIESTA"           ;00000003;00535;0048;SAE                                                    ;00000002;00357;0001;IZQESP                                                 ;00000001;00178;0025;PODEMOS                                                ;00000001;00178;0032;SUMAR                                                  ;00000001;00178;0002;CEUS                                                   ;00000000;00000;0009;FO                                                     ;00000000;00000;0010;AHORA REPÚBLICAS (ERC-EH BILDU-BNG-ARA MÉS)            ;00000000;00000;0060;JUNTS UE                                               ;00000000;00000;0019;ANDALUCISTAS                                           ;00000000;00000;0020;IE                                                     ;00000000;00000;0023;ESCAÑOS EN BLANCO                                      ;00000000;00000;0024;CRT                                                    ;00000000;00000;0026;PFAC                                                   ;00000000;00000;0027;PCTE                                                   ;00000000;00000;0029;PCPE/PCPC                                              ;00000000;00000;0039;PACMA                                                  ;00000000;00000;0040;CREE EN EUROPA                                         ;00000000;00000;0041;PMR                                                    ;00000000;00000;0043;F                                                      ;00000000;00000;0072;EXISTE                                                 ;00000000;00000;0046;Cs                                                     ;00000000;00000;0047;FE de las JONS                                         ;00000000;00000;0049;J.U.E.X.                                               ;00000000;00000;0050;PH                                                     ;00000000;00000;0051;VOLT                                                   ;00000000;00000;0052;RECORTES CERO                                          ;00000000;00000;0063;EXTREMEÑOS                                             ;00000000;00000;0064;GLG                                                    ;00000000;00000;0065;PIRATAS / REBELDES                                     ;00000000;00000;0070;PREPAL                                                 ;00000000;00000;0000;                                                       ;00000000;00000;0000;                                                       ;00000000;00000;0000;                                                       ;00000000;00000;0000;                                                       ;00000000;00000;0000;                                                       ;00000000;00000;0000;                                                       ;00000000;00000;0000;                                                       ;00000000;00000;0000;                                                       ;00000000;00000;0000;                                                       ;00000000;00000;0000;                                                       ;00000000;00000;0000;                                                       ;00000000;00000;0000;                                                       ;00000000;00000;0000;                                                       ;00000000;00000;0000;                                                       ;00000000;00000;0000;                                                       ;00000000;00000;0000;                                                       ;00000000;00000;0000;                                                       ;00000000;00000;0000;                                                       ;00000000;00000;0000;                                                       ;00000000;00000;0000;                                                       ;00000000;00000;0000;                                                       ;00000000;00000;0000;                                                       ;00000000;00000;0000;                                                       ;00000000;00000;0000;                                                       ;00000000;00000;0000;                                                       ;00000000;00000;0000;                                                       ;00000000;00000;0000;                                                       ;00000000;00000;0000;                                                       ;00000000;00000;0000;                                                       ;00000000;00000;0000;                                                       ;00000000;00000;0000;                                                       ;00000000;00000;0000;                                                       ;00000000;00000;0000;                                                       ;00000000;00000;0000;                                                       ;00000000;00000;0000;                                                       ;00000000;00000;0000;                                                       ;00000000;00000;0000;                                                       ;00000000;00000;0000;                                                       ;00000000;00000;0000;                                                       ;00000000;00000;0000;                                                       ;00000000;00000;0000;                                                       ;00000000;00000;0000;                                                       ;00000000;00000;0000;                                                       ;00000000;00000;0000;                                                       ;00000000;00000;0000;                                                       ;00000000;00000;0000;                                                       ;00000000;00000;
2406100033;08;09;9;289;99;Quintanar de la Sierra                            ;99;99;00003;00001242;00001242;10000;00000634;05104;00000608;04895;00000002;00031;00000002;00031;0022;PP                                                     ;00000290;04588;0017;PSOE                                                   ;00000203;03212;0021;VOX                                                    ;00000067;01060;0042;AGRUPACIÓN DE ELECTORES "SE ACABÓ LA FIESTA"           ;00000029;00458;0032;SUMAR                                                  ;00000014;00221;0025;PODEMOS                                                ;00000012;00189;0046;Cs                                                     ;00000005;00079;0039;PACMA                                                  ;00000003;00047;0072;EXISTE                                                 ;00000003;00047;0001;IZQESP                                                 ;00000001;00015;0009;FO                                                     ;00000001;00015;0020;IE                                                     ;00000001;00015;0024;CRT                                                    ;00000001;00015;0002;CEUS                                                   ;00000000;00000;0010;AHORA REPÚBLICAS (ERC-EH BILDU-BNG-ARA MÉS)            ;00000000;00000;0060;JUNTS UE                                               ;00000000;00000;0019;ANDALUCISTAS                                           ;00000000;00000;0023;ESCAÑOS EN BLANCO                                      ;00000000;00000;0026;PFAC                                                   ;00000000;00000;0027;PCTE                                                   ;00000000;00000;0029;PCPE/PCPC                                              ;00000000;00000;0040;CREE EN EUROPA                                         ;00000000;00000;0041;PMR                                                    ;00000000;00000;0043;F                                                      ;00000000;00000;0047;FE de las JONS                                         ;00000000;00000;0048;SAE                                                    ;00000000;00000;0049;J.U.E.X.                                               ;00000000;00000;0050;PH                                                     ;00000000;00000;0051;VOLT                                                   ;00000000;00000;0052;RECORTES CERO                                          ;00000000;00000;0063;EXTREMEÑOS                                             ;00000000;00000;0064;GLG                                                    ;00000000;00000;0065;PIRATAS / REBELDES                                     ;00000000;00000;0070;PREPAL                                                 ;00000000;00000;0000;                                                       ;00000000;00000;0000;                                                       ;00000000;00000;0000;                                                       ;00000000;00000;0000;                                                       ;00000000;00000;0000;                                                       ;00000000;00000;0000;                                                       ;00000000;00000;0000;                                                       ;00000000;00000;0000;                                                       ;00000000;00000;0000;                                                       ;00000000;00000;0000;                                                       ;00000000;00000;0000;                                                       ;00000000;00000;0000;                                                       ;00000000;00000;0000;                                                       ;00000000;00000;0000;                                                       ;00000000;00000;0000;                                                       ;00000000;00000;0000;                                                       ;00000000;00000;0000;                                                       ;00000000;00000;0000;                                                       ;00000000;00000;0000;                                                       ;00000000;00000;0000;                                                       ;00000000;00000;0000;                                                       ;00000000;00000;0000;                                                       ;00000000;00000;0000;                                                       ;00000000;00000;0000;                                                       ;00000000;00000;0000;                                                       ;00000000;00000;0000;                                                       ;00000000;00000;0000;                                                       ;00000000;00000;0000;                                                       ;00000000;00000;0000;                                                       ;00000000;00000;0000;                                                       ;00000000;00000;0000;                                                       ;00000000;00000;0000;                                                       ;00000000;00000;0000;                                                       ;00000000;00000;0000;                                                       ;00000000;00000;0000;                                                       ;00000000;00000;0000;                                                       ;00000000;00000;0000;                                                       ;00000000;00000;0000;                                                       ;00000000;00000;0000;                                                       ;00000000;00000;0000;                                                       ;00000000;00000;0000;                                                       ;00000000;00000;0000;                                                       ;00000000;00000;0000;                                                       ;00000000;00000;0000;                                                       ;00000000;00000;0000;                                                       ;00000000;00000;0000;                                                       ;00000000;00000;
2406100033;08;09;9;292;99;Quintanavides                                     ;99;99;00001;00000063;00000063;10000;00000042;06666;00000021;03333;00000001;00238;00000000;00000;0017;PSOE                                                   ;00000021;05000;0022;PP                                                     ;00000011;02619;0021;VOX                                                    ;00000005;01190;0025;PODEMOS                                                ;00000001;00238;0032;SUMAR                                                  ;00000001;00238;0046;Cs                                                     ;00000001;00238;0052;RECORTES CERO                                          ;00000001;00238;0001;IZQESP                                                 ;00000000;00000;0002;CEUS                                                   ;00000000;00000;0009;FO                                                     ;00000000;00000;0010;AHORA REPÚBLICAS (ERC-EH BILDU-BNG-ARA MÉS)            ;00000000;00000;0060;JUNTS UE                                               ;00000000;00000;0019;ANDALUCISTAS                                           ;00000000;00000;0020;IE                                                     ;00000000;00000;0023;ESCAÑOS EN BLANCO                                      ;00000000;00000;0024;CRT                                                    ;00000000;00000;0026;PFAC                                                   ;00000000;00000;0027;PCTE                                                   ;00000000;00000;0029;PCPE/PCPC                                              ;00000000;00000;0039;PACMA                                                  ;00000000;00000;0040;CREE EN EUROPA                                         ;00000000;00000;0041;PMR                                                    ;00000000;00000;0042;AGRUPACIÓN DE ELECTORES "SE ACABÓ LA FIESTA"           ;00000000;00000;0043;F                                                      ;00000000;00000;0072;EXISTE                                                 ;00000000;00000;0047;FE de las JONS                                         ;00000000;00000;0048;SAE                                                    ;00000000;00000;0049;J.U.E.X.                                               ;00000000;00000;0050;PH                                                     ;00000000;00000;0051;VOLT                                                   ;00000000;00000;0063;EXTREMEÑOS                                             ;00000000;00000;0064;GLG                                                    ;00000000;00000;0065;PIRATAS / REBELDES                                     ;00000000;00000;0070;PREPAL                                                 ;00000000;00000;0000;                                                       ;00000000;00000;0000;                                                       ;00000000;00000;0000;                                                       ;00000000;00000;0000;                                                       ;00000000;00000;0000;                                                       ;00000000;00000;0000;                                                       ;00000000;00000;0000;                                                       ;00000000;00000;0000;                                                       ;00000000;00000;0000;                                                       ;00000000;00000;0000;                                                       ;00000000;00000;0000;                                                       ;00000000;00000;0000;                                                       ;00000000;00000;0000;                                                       ;00000000;00000;0000;                                                       ;00000000;00000;0000;                                                       ;00000000;00000;0000;                                                       ;00000000;00000;0000;                                                       ;00000000;00000;0000;                                                       ;00000000;00000;0000;                                                       ;00000000;00000;0000;                                                       ;00000000;00000;0000;                                                       ;00000000;00000;0000;                                                       ;00000000;00000;0000;                                                       ;00000000;00000;0000;                                                       ;00000000;00000;0000;                                                       ;00000000;00000;0000;                                                       ;00000000;00000;0000;                                                       ;00000000;00000;0000;                                                       ;00000000;00000;0000;                                                       ;00000000;00000;0000;                                                       ;00000000;00000;0000;                                                       ;00000000;00000;0000;                                                       ;00000000;00000;0000;                                                       ;00000000;00000;0000;                                                       ;00000000;00000;0000;                                                       ;00000000;00000;0000;                                                       ;00000000;00000;0000;                                                       ;00000000;00000;0000;                                                       ;00000000;00000;0000;                                                       ;00000000;00000;0000;                                                       ;00000000;00000;0000;                                                       ;00000000;00000;0000;                                                       ;00000000;00000;0000;                                                       ;00000000;00000;0000;                                                       ;00000000;00000;0000;                                                       ;00000000;00000;0000;                                                       ;00000000;00000;
2406100033;08;09;9;294;99;Quintanilla de la Mata                            ;99;99;00001;00000096;00000096;10000;00000069;07187;00000027;02812;00000001;00151;00000003;00434;0017;PSOE                                                   ;00000028;04242;0022;PP                                                     ;00000021;03181;0025;PODEMOS                                                ;00000006;00909;0021;VOX                                                    ;00000004;00606;0042;AGRUPACIÓN DE ELECTORES "SE ACABÓ LA FIESTA"           ;00000002;00303;0046;Cs                                                     ;00000002;00303;0032;SUMAR                                                  ;00000001;00151;0047;FE de las JONS                                         ;00000001;00151;0001;IZQESP                                                 ;00000000;00000;0002;CEUS                                                   ;00000000;00000;0009;FO                                                     ;00000000;00000;0010;AHORA REPÚBLICAS (ERC-EH BILDU-BNG-ARA MÉS)            ;00000000;00000;0060;JUNTS UE                                               ;00000000;00000;0019;ANDALUCISTAS                                           ;00000000;00000;0020;IE                                                     ;00000000;00000;0023;ESCAÑOS EN BLANCO                                      ;00000000;00000;0024;CRT                                                    ;00000000;00000;0026;PFAC                                                   ;00000000;00000;0027;PCTE                                                   ;00000000;00000;0029;PCPE/PCPC                                              ;00000000;00000;0039;PACMA                                                  ;00000000;00000;0040;CREE EN EUROPA                                         ;00000000;00000;0041;PMR                                                    ;00000000;00000;0043;F                                                      ;00000000;00000;0072;EXISTE                                                 ;00000000;00000;0048;SAE                                                    ;00000000;00000;0049;J.U.E.X.                                               ;00000000;00000;0050;PH                                                     ;00000000;00000;0051;VOLT                                                   ;00000000;00000;0052;RECORTES CERO                                          ;00000000;00000;0063;EXTREMEÑOS                                             ;00000000;00000;0064;GLG                                                    ;00000000;00000;0065;PIRATAS / REBELDES                                     ;00000000;00000;0070;PREPAL                                                 ;00000000;00000;0000;                                                       ;00000000;00000;0000;                                                       ;00000000;00000;0000;                                                       ;00000000;00000;0000;                                                       ;00000000;00000;0000;                                                       ;00000000;00000;0000;                                                       ;00000000;00000;0000;                                                       ;00000000;00000;0000;                                                       ;00000000;00000;0000;                                                       ;00000000;00000;0000;                                                       ;00000000;00000;0000;                                                       ;00000000;00000;0000;                                                       ;00000000;00000;0000;                                                       ;00000000;00000;0000;                                                       ;00000000;00000;0000;                                                       ;00000000;00000;0000;                                                       ;00000000;00000;0000;                                                       ;00000000;00000;0000;                                                       ;00000000;00000;0000;                                                       ;00000000;00000;0000;                                                       ;00000000;00000;0000;                                                       ;00000000;00000;0000;                                                       ;00000000;00000;0000;                                                       ;00000000;00000;0000;                                                       ;00000000;00000;0000;                                                       ;00000000;00000;0000;                                                       ;00000000;00000;0000;                                                       ;00000000;00000;0000;                                                       ;00000000;00000;0000;                                                       ;00000000;00000;0000;                                                       ;00000000;00000;0000;                                                       ;00000000;00000;0000;                                                       ;00000000;00000;0000;                                                       ;00000000;00000;0000;                                                       ;00000000;00000;0000;                                                       ;00000000;00000;0000;                                                       ;00000000;00000;0000;                                                       ;00000000;00000;0000;                                                       ;00000000;00000;0000;                                                       ;00000000;00000;0000;                                                       ;00000000;00000;0000;                                                       ;00000000;00000;0000;                                                       ;00000000;00000;0000;                                                       ;00000000;00000;0000;                                                       ;00000000;00000;0000;                                                       ;00000000;00000;0000;                                                       ;00000000;00000;
2406100033;08;09;9;295;99;Quintanilla del Coco                              ;99;99;00001;00000048;00000048;10000;00000029;06041;00000019;03958;00000000;00000;00000001;00344;0022;PP                                                     ;00000023;08214;0021;VOX                                                    ;00000004;01428;0039;PACMA                                                  ;00000001;00357;0001;IZQESP                                                 ;00000000;00000;0002;CEUS                                                   ;00000000;00000;0009;FO                                                     ;00000000;00000;0010;AHORA REPÚBLICAS (ERC-EH BILDU-BNG-ARA MÉS)            ;00000000;00000;0060;JUNTS UE                                               ;00000000;00000;0017;PSOE                                                   ;00000000;00000;0019;ANDALUCISTAS                                           ;00000000;00000;0020;IE                                                     ;00000000;00000;0023;ESCAÑOS EN BLANCO                                      ;00000000;00000;0024;CRT                                                    ;00000000;00000;0025;PODEMOS                                                ;00000000;00000;0026;PFAC                                                   ;00000000;00000;0027;PCTE                                                   ;00000000;00000;0029;PCPE/PCPC                                              ;00000000;00000;0032;SUMAR                                                  ;00000000;00000;0040;CREE EN EUROPA                                         ;00000000;00000;0041;PMR                                                    ;00000000;00000;0042;AGRUPACIÓN DE ELECTORES "SE ACABÓ LA FIESTA"           ;00000000;00000;0043;F                                                      ;00000000;00000;0072;EXISTE                                                 ;00000000;00000;0046;Cs                                                     ;00000000;00000;0047;FE de las JONS                                         ;00000000;00000;0048;SAE                                                    ;00000000;00000;0049;J.U.E.X.                                               ;00000000;00000;0050;PH                                                     ;00000000;00000;0051;VOLT                                                   ;00000000;00000;0052;RECORTES CERO                                          ;00000000;00000;0063;EXTREMEÑOS                                             ;00000000;00000;0064;GLG                                                    ;00000000;00000;0065;PIRATAS / REBELDES                                     ;00000000;00000;0070;PREPAL                                                 ;00000000;00000;0000;                                                       ;00000000;00000;0000;                                                       ;00000000;00000;0000;                                                       ;00000000;00000;0000;                                                       ;00000000;00000;0000;                                                       ;00000000;00000;0000;                                                       ;00000000;00000;0000;                                                       ;00000000;00000;0000;                                                       ;00000000;00000;0000;                                                       ;00000000;00000;0000;                                                       ;00000000;00000;0000;                                                       ;00000000;00000;0000;                                                       ;00000000;00000;0000;                                                       ;00000000;00000;0000;                                                       ;00000000;00000;0000;                                                       ;00000000;00000;0000;                                                       ;00000000;00000;0000;                                                       ;00000000;00000;0000;                                                       ;00000000;00000;0000;                                                       ;00000000;00000;0000;                                                       ;00000000;00000;0000;                                                       ;00000000;00000;0000;                                                       ;00000000;00000;0000;                                                       ;00000000;00000;0000;                                                       ;00000000;00000;0000;                                                       ;00000000;00000;0000;                                                       ;00000000;00000;0000;                                                       ;00000000;00000;0000;                                                       ;00000000;00000;0000;                                                       ;00000000;00000;0000;                                                       ;00000000;00000;0000;                                                       ;00000000;00000;0000;                                                       ;00000000;00000;0000;                                                       ;00000000;00000;0000;                                                       ;00000000;00000;0000;                                                       ;00000000;00000;0000;                                                       ;00000000;00000;0000;                                                       ;00000000;00000;0000;                                                       ;00000000;00000;0000;                                                       ;00000000;00000;0000;                                                       ;00000000;00000;0000;                                                       ;00000000;00000;0000;                                                       ;00000000;00000;0000;                                                       ;00000000;00000;0000;                                                       ;00000000;00000;0000;                                                       ;00000000;00000;0000;                                                       ;00000000;00000;
2406100033;08;09;9;297;99;Las Quintanillas                                  ;99;99;00001;00000326;00000326;10000;00000199;06104;00000127;03895;00000003;00151;00000001;00050;0022;PP                                                     ;00000112;05656;0021;VOX                                                    ;00000031;01565;0017;PSOE                                                   ;00000027;01363;0046;Cs                                                     ;00000006;00303;0032;SUMAR                                                  ;00000003;00151;0039;PACMA                                                  ;00000003;00151;0042;AGRUPACIÓN DE ELECTORES "SE ACABÓ LA FIESTA"           ;00000003;00151;0070;PREPAL                                                 ;00000003;00151;0025;PODEMOS                                                ;00000002;00101;0043;F                                                      ;00000002;00101;0020;IE                                                     ;00000001;00050;0040;CREE EN EUROPA                                         ;00000001;00050;0072;EXISTE                                                 ;00000001;00050;0001;IZQESP                                                 ;00000000;00000;0002;CEUS                                                   ;00000000;00000;0009;FO                                                     ;00000000;00000;0010;AHORA REPÚBLICAS (ERC-EH BILDU-BNG-ARA MÉS)            ;00000000;00000;0060;JUNTS UE                                               ;00000000;00000;0019;ANDALUCISTAS                                           ;00000000;00000;0023;ESCAÑOS EN BLANCO                                      ;00000000;00000;0024;CRT                                                    ;00000000;00000;0026;PFAC                                                   ;00000000;00000;0027;PCTE                                                   ;00000000;00000;0029;PCPE/PCPC                                              ;00000000;00000;0041;PMR                                                    ;00000000;00000;0047;FE de las JONS                                         ;00000000;00000;0048;SAE                                                    ;00000000;00000;0049;J.U.E.X.                                               ;00000000;00000;0050;PH                                                     ;00000000;00000;0051;VOLT                                                   ;00000000;00000;0052;RECORTES CERO                                          ;00000000;00000;0063;EXTREMEÑOS                                             ;00000000;00000;0064;GLG                                                    ;00000000;00000;0065;PIRATAS / REBELDES                                     ;00000000;00000;0000;                                                       ;00000000;00000;0000;                                                       ;00000000;00000;0000;                                                       ;00000000;00000;0000;                                                       ;00000000;00000;0000;                                                       ;00000000;00000;0000;                                                       ;00000000;00000;0000;                                                       ;00000000;00000;0000;                                                       ;00000000;00000;0000;                                                       ;00000000;00000;0000;                                                       ;00000000;00000;0000;                                                       ;00000000;00000;0000;                                                       ;00000000;00000;0000;                                                       ;00000000;00000;0000;                                                       ;00000000;00000;0000;                                                       ;00000000;00000;0000;                                                       ;00000000;00000;0000;                                                       ;00000000;00000;0000;                                                       ;00000000;00000;0000;                                                       ;00000000;00000;0000;                                                       ;00000000;00000;0000;                                                       ;00000000;00000;0000;                                                       ;00000000;00000;0000;                                                       ;00000000;00000;0000;                                                       ;00000000;00000;0000;                                                       ;00000000;00000;0000;                                                       ;00000000;00000;0000;                                                       ;00000000;00000;0000;                                                       ;00000000;00000;0000;                                                       ;00000000;00000;0000;                                                       ;00000000;00000;0000;                                                       ;00000000;00000;0000;                                                       ;00000000;00000;0000;                                                       ;00000000;00000;0000;                                                       ;00000000;00000;0000;                                                       ;00000000;00000;0000;                                                       ;00000000;00000;0000;                                                       ;00000000;00000;0000;                                                       ;00000000;00000;0000;                                                       ;00000000;00000;0000;                                                       ;00000000;00000;0000;                                                       ;00000000;00000;0000;                                                       ;00000000;00000;0000;                                                       ;00000000;00000;0000;                                                       ;00000000;00000;0000;                                                       ;00000000;00000;0000;                                                       ;00000000;00000;
2406100033;08;09;9;298;99;Quintanilla San García                            ;99;99;00001;00000060;00000060;10000;00000039;06500;00000021;03500;00000000;00000;00000000;00000;0022;PP                                                     ;00000028;07179;0021;VOX                                                    ;00000006;01538;0042;AGRUPACIÓN DE ELECTORES "SE ACABÓ LA FIESTA"           ;00000003;00769;0009;FO                                                     ;00000001;00256;0025;PODEMOS                                                ;00000001;00256;0001;IZQESP                                                 ;00000000;00000;0002;CEUS                                                   ;00000000;00000;0010;AHORA REPÚBLICAS (ERC-EH BILDU-BNG-ARA MÉS)            ;00000000;00000;0060;JUNTS UE                                               ;00000000;00000;0017;PSOE                                                   ;00000000;00000;0019;ANDALUCISTAS                                           ;00000000;00000;0020;IE                                                     ;00000000;00000;0023;ESCAÑOS EN BLANCO                                      ;00000000;00000;0024;CRT                                                    ;00000000;00000;0026;PFAC                                                   ;00000000;00000;0027;PCTE                                                   ;00000000;00000;0029;PCPE/PCPC                                              ;00000000;00000;0032;SUMAR                                                  ;00000000;00000;0039;PACMA                                                  ;00000000;00000;0040;CREE EN EUROPA                                         ;00000000;00000;0041;PMR                                                    ;00000000;00000;0043;F                                                      ;00000000;00000;0072;EXISTE                                                 ;00000000;00000;0046;Cs                                                     ;00000000;00000;0047;FE de las JONS                                         ;00000000;00000;0048;SAE                                                    ;00000000;00000;0049;J.U.E.X.                                               ;00000000;00000;0050;PH                                                     ;00000000;00000;0051;VOLT                                                   ;00000000;00000;0052;RECORTES CERO                                          ;00000000;00000;0063;EXTREMEÑOS                                             ;00000000;00000;0064;GLG                                                    ;00000000;00000;0065;PIRATAS / REBELDES                                     ;00000000;00000;0070;PREPAL                                                 ;00000000;00000;0000;                                                       ;00000000;00000;0000;                                                       ;00000000;00000;0000;                                                       ;00000000;00000;0000;                                                       ;00000000;00000;0000;                                                       ;00000000;00000;0000;                                                       ;00000000;00000;0000;                                                       ;00000000;00000;0000;                                                       ;00000000;00000;0000;                                                       ;00000000;00000;0000;                                                       ;00000000;00000;0000;                                                       ;00000000;00000;0000;                                                       ;00000000;00000;0000;                                                       ;00000000;00000;0000;                                                       ;00000000;00000;0000;                                                       ;00000000;00000;0000;                                                       ;00000000;00000;0000;                                                       ;00000000;00000;0000;                                                       ;00000000;00000;0000;                                                       ;00000000;00000;0000;                                                       ;00000000;00000;0000;                                                       ;00000000;00000;0000;                                                       ;00000000;00000;0000;                                                       ;00000000;00000;0000;                                                       ;00000000;00000;0000;                                                       ;00000000;00000;0000;                                                       ;00000000;00000;0000;                                                       ;00000000;00000;0000;                                                       ;00000000;00000;0000;                                                       ;00000000;00000;0000;                                                       ;00000000;00000;0000;                                                       ;00000000;00000;0000;                                                       ;00000000;00000;0000;                                                       ;00000000;00000;0000;                                                       ;00000000;00000;0000;                                                       ;00000000;00000;0000;                                                       ;00000000;00000;0000;                                                       ;00000000;00000;0000;                                                       ;00000000;00000;0000;                                                       ;00000000;00000;0000;                                                       ;00000000;00000;0000;                                                       ;00000000;00000;0000;                                                       ;00000000;00000;0000;                                                       ;00000000;00000;0000;                                                       ;00000000;00000;0000;                                                       ;00000000;00000;0000;                                                       ;00000000;00000;
2406100033;08;09;9;301;99;Quintanilla Vivar                                 ;99;99;00001;00000690;00000690;10000;00000397;05753;00000293;04246;00000001;00025;00000004;00100;0022;PP                                                     ;00000178;04529;0017;PSOE                                                   ;00000088;02239;0021;VOX                                                    ;00000064;01628;0042;AGRUPACIÓN DE ELECTORES "SE ACABÓ LA FIESTA"           ;00000020;00508;0032;SUMAR                                                  ;00000018;00458;0025;PODEMOS                                                ;00000012;00305;0039;PACMA                                                  ;00000005;00127;0046;Cs                                                     ;00000004;00101;0072;EXISTE                                                 ;00000001;00025;0049;J.U.E.X.                                               ;00000001;00025;0052;RECORTES CERO                                          ;00000001;00025;0001;IZQESP                                                 ;00000000;00000;0002;CEUS                                                   ;00000000;00000;0009;FO                                                     ;00000000;00000;0010;AHORA REPÚBLICAS (ERC-EH BILDU-BNG-ARA MÉS)            ;00000000;00000;0060;JUNTS UE                                               ;00000000;00000;0019;ANDALUCISTAS                                           ;00000000;00000;0020;IE                                                     ;00000000;00000;0023;ESCAÑOS EN BLANCO                                      ;00000000;00000;0024;CRT                                                    ;00000000;00000;0026;PFAC                                                   ;00000000;00000;0027;PCTE                                                   ;00000000;00000;0029;PCPE/PCPC                                              ;00000000;00000;0040;CREE EN EUROPA                                         ;00000000;00000;0041;PMR                                                    ;00000000;00000;0043;F                                                      ;00000000;00000;0047;FE de las JONS                                         ;00000000;00000;0048;SAE                                                    ;00000000;00000;0050;PH                                                     ;00000000;00000;0051;VOLT                                                   ;00000000;00000;0063;EXTREMEÑOS                                             ;00000000;00000;0064;GLG                                                    ;00000000;00000;0065;PIRATAS / REBELDES                                     ;00000000;00000;0070;PREPAL                                                 ;00000000;00000;0000;                                                       ;00000000;00000;0000;                                                       ;00000000;00000;0000;                                                       ;00000000;00000;0000;                                                       ;00000000;00000;0000;                                                       ;00000000;00000;0000;                                                       ;00000000;00000;0000;                                                       ;00000000;00000;0000;                                                       ;00000000;00000;0000;                                                       ;00000000;00000;0000;                                                       ;00000000;00000;0000;                                                       ;00000000;00000;0000;                                                       ;00000000;00000;0000;                                                       ;00000000;00000;0000;                                                       ;00000000;00000;0000;                                                       ;00000000;00000;0000;                                                       ;00000000;00000;0000;                                                       ;00000000;00000;0000;                                                       ;00000000;00000;0000;                                                       ;00000000;00000;0000;                                                       ;00000000;00000;0000;                                                       ;00000000;00000;0000;                                                       ;00000000;00000;0000;                                                       ;00000000;00000;0000;                                                       ;00000000;00000;0000;                                                       ;00000000;00000;0000;                                                       ;00000000;00000;0000;                                                       ;00000000;00000;0000;                                                       ;00000000;00000;0000;                                                       ;00000000;00000;0000;                                                       ;00000000;00000;0000;                                                       ;00000000;00000;0000;                                                       ;00000000;00000;0000;                                                       ;00000000;00000;0000;                                                       ;00000000;00000;0000;                                                       ;00000000;00000;0000;                                                       ;00000000;00000;0000;                                                       ;00000000;00000;0000;                                                       ;00000000;00000;0000;                                                       ;00000000;00000;0000;                                                       ;00000000;00000;0000;                                                       ;00000000;00000;0000;                                                       ;00000000;00000;0000;                                                       ;00000000;00000;0000;                                                       ;00000000;00000;0000;                                                       ;00000000;00000;0000;                                                       ;00000000;00000;
2406100033;08;09;9;302;99;Rabanera del Pinar                                ;99;99;00001;00000097;00000097;10000;00000062;06391;00000035;03608;00000000;00000;00000000;00000;0022;PP                                                     ;00000033;05322;0017;PSOE                                                   ;00000012;01935;0021;VOX                                                    ;00000009;01451;0025;PODEMOS                                                ;00000002;00322;0032;SUMAR                                                  ;00000002;00322;0046;Cs                                                     ;00000002;00322;0001;IZQESP                                                 ;00000001;00161;0048;SAE                                                    ;00000001;00161;0002;CEUS                                                   ;00000000;00000;0009;FO                                                     ;00000000;00000;0010;AHORA REPÚBLICAS (ERC-EH BILDU-BNG-ARA MÉS)            ;00000000;00000;0060;JUNTS UE                                               ;00000000;00000;0019;ANDALUCISTAS                                           ;00000000;00000;0020;IE                                                     ;00000000;00000;0023;ESCAÑOS EN BLANCO                                      ;00000000;00000;0024;CRT                                                    ;00000000;00000;0026;PFAC                                                   ;00000000;00000;0027;PCTE                                                   ;00000000;00000;0029;PCPE/PCPC                                              ;00000000;00000;0039;PACMA                                                  ;00000000;00000;0040;CREE EN EUROPA                                         ;00000000;00000;0041;PMR                                                    ;00000000;00000;0042;AGRUPACIÓN DE ELECTORES "SE ACABÓ LA FIESTA"           ;00000000;00000;0043;F                                                      ;00000000;00000;0072;EXISTE                                                 ;00000000;00000;0047;FE de las JONS                                         ;00000000;00000;0049;J.U.E.X.                                               ;00000000;00000;0050;PH                                                     ;00000000;00000;0051;VOLT                                                   ;00000000;00000;0052;RECORTES CERO                                          ;00000000;00000;0063;EXTREMEÑOS                                             ;00000000;00000;0064;GLG                                                    ;00000000;00000;0065;PIRATAS / REBELDES                                     ;00000000;00000;0070;PREPAL                                                 ;00000000;00000;0000;                                                       ;00000000;00000;0000;                                                       ;00000000;00000;0000;                                                       ;00000000;00000;0000;                                                       ;00000000;00000;0000;                                                       ;00000000;00000;0000;                                                       ;00000000;00000;0000;                                                       ;00000000;00000;0000;                                                       ;00000000;00000;0000;                                                       ;00000000;00000;0000;                                                       ;00000000;00000;0000;                                                       ;00000000;00000;0000;                                                       ;00000000;00000;0000;                                                       ;00000000;00000;0000;                                                       ;00000000;00000;0000;                                                       ;00000000;00000;0000;                                                       ;00000000;00000;0000;                                                       ;00000000;00000;0000;                                                       ;00000000;00000;0000;                                                       ;00000000;00000;0000;                                                       ;00000000;00000;0000;                                                       ;00000000;00000;0000;                                                       ;00000000;00000;0000;                                                       ;00000000;00000;0000;                                                       ;00000000;00000;0000;                                                       ;00000000;00000;0000;                                                       ;00000000;00000;0000;                                                       ;00000000;00000;0000;                                                       ;00000000;00000;0000;                                                       ;00000000;00000;0000;                                                       ;00000000;00000;0000;                                                       ;00000000;00000;0000;                                                       ;00000000;00000;0000;                                                       ;00000000;00000;0000;                                                       ;00000000;00000;0000;                                                       ;00000000;00000;0000;                                                       ;00000000;00000;0000;                                                       ;00000000;00000;0000;                                                       ;00000000;00000;0000;                                                       ;00000000;00000;0000;                                                       ;00000000;00000;0000;                                                       ;00000000;00000;0000;                                                       ;00000000;00000;0000;                                                       ;00000000;00000;0000;                                                       ;00000000;00000;0000;                                                       ;00000000;00000;0000;                                                       ;00000000;00000;
2406100033;08;09;9;303;99;Rábanos                                           ;99;99;00001;00000069;00000069;10000;00000047;06811;00000022;03188;00000001;00212;00000000;00000;0022;PP                                                     ;00000032;06808;0017;PSOE                                                   ;00000007;01489;0021;VOX                                                    ;00000006;01276;0032;SUMAR                                                  ;00000001;00212;0001;IZQESP                                                 ;00000000;00000;0002;CEUS                                                   ;00000000;00000;0009;FO                                                     ;00000000;00000;0010;AHORA REPÚBLICAS (ERC-EH BILDU-BNG-ARA MÉS)            ;00000000;00000;0060;JUNTS UE                                               ;00000000;00000;0019;ANDALUCISTAS                                           ;00000000;00000;0020;IE                                                     ;00000000;00000;0023;ESCAÑOS EN BLANCO                                      ;00000000;00000;0024;CRT                                                    ;00000000;00000;0025;PODEMOS                                                ;00000000;00000;0026;PFAC                                                   ;00000000;00000;0027;PCTE                                                   ;00000000;00000;0029;PCPE/PCPC                                              ;00000000;00000;0039;PACMA                                                  ;00000000;00000;0040;CREE EN EUROPA                                         ;00000000;00000;0041;PMR                                                    ;00000000;00000;0042;AGRUPACIÓN DE ELECTORES "SE ACABÓ LA FIESTA"           ;00000000;00000;0043;F                                                      ;00000000;00000;0072;EXISTE                                                 ;00000000;00000;0046;Cs                                                     ;00000000;00000;0047;FE de las JONS                                         ;00000000;00000;0048;SAE                                                    ;00000000;00000;0049;J.U.E.X.                                               ;00000000;00000;0050;PH                                                     ;00000000;00000;0051;VOLT                                                   ;00000000;00000;0052;RECORTES CERO                                          ;00000000;00000;0063;EXTREMEÑOS                                             ;00000000;00000;0064;GLG                                                    ;00000000;00000;0065;PIRATAS / REBELDES                                     ;00000000;00000;0070;PREPAL                                                 ;00000000;00000;0000;                                                       ;00000000;00000;0000;                                                       ;00000000;00000;0000;                                                       ;00000000;00000;0000;                                                       ;00000000;00000;0000;                                                       ;00000000;00000;0000;                                                       ;00000000;00000;0000;                                                       ;00000000;00000;0000;                                                       ;00000000;00000;0000;                                                       ;00000000;00000;0000;                                                       ;00000000;00000;0000;                                                       ;00000000;00000;0000;                                                       ;00000000;00000;0000;                                                       ;00000000;00000;0000;                                                       ;00000000;00000;0000;                                                       ;00000000;00000;0000;                                                       ;00000000;00000;0000;                                                       ;00000000;00000;0000;                                                       ;00000000;00000;0000;                                                       ;00000000;00000;0000;                                                       ;00000000;00000;0000;                                                       ;00000000;00000;0000;                                                       ;00000000;00000;0000;                                                       ;00000000;00000;0000;                                                       ;00000000;00000;0000;                                                       ;00000000;00000;0000;                                                       ;00000000;00000;0000;                                                       ;00000000;00000;0000;                                                       ;00000000;00000;0000;                                                       ;00000000;00000;0000;                                                       ;00000000;00000;0000;                                                       ;00000000;00000;0000;                                                       ;00000000;00000;0000;                                                       ;00000000;00000;0000;                                                       ;00000000;00000;0000;                                                       ;00000000;00000;0000;                                                       ;00000000;00000;0000;                                                       ;00000000;00000;0000;                                                       ;00000000;00000;0000;                                                       ;00000000;00000;0000;                                                       ;00000000;00000;0000;                                                       ;00000000;00000;0000;                                                       ;00000000;00000;0000;                                                       ;00000000;00000;0000;                                                       ;00000000;00000;0000;                                                       ;00000000;00000;0000;                                                       ;00000000;00000;
2406100033;08;09;9;304;99;Rabé de las Calzadas                              ;99;99;00001;00000218;00000218;10000;00000146;06697;00000072;03302;00000002;00137;00000001;00068;0022;PP                                                     ;00000077;05310;0017;PSOE                                                   ;00000025;01724;0021;VOX                                                    ;00000017;01172;0042;AGRUPACIÓN DE ELECTORES "SE ACABÓ LA FIESTA"           ;00000009;00620;0025;PODEMOS                                                ;00000003;00206;0032;SUMAR                                                  ;00000003;00206;0009;FO                                                     ;00000002;00137;0072;EXISTE                                                 ;00000002;00137;0010;AHORA REPÚBLICAS (ERC-EH BILDU-BNG-ARA MÉS)            ;00000001;00068;0039;PACMA                                                  ;00000001;00068;0046;Cs                                                     ;00000001;00068;0048;SAE                                                    ;00000001;00068;0051;VOLT                                                   ;00000001;00068;0001;IZQESP                                                 ;00000000;00000;0002;CEUS                                                   ;00000000;00000;0060;JUNTS UE                                               ;00000000;00000;0019;ANDALUCISTAS                                           ;00000000;00000;0020;IE                                                     ;00000000;00000;0023;ESCAÑOS EN BLANCO                                      ;00000000;00000;0024;CRT                                                    ;00000000;00000;0026;PFAC                                                   ;00000000;00000;0027;PCTE                                                   ;00000000;00000;0029;PCPE/PCPC                                              ;00000000;00000;0040;CREE EN EUROPA                                         ;00000000;00000;0041;PMR                                                    ;00000000;00000;0043;F                                                      ;00000000;00000;0047;FE de las JONS                                         ;00000000;00000;0049;J.U.E.X.                                               ;00000000;00000;0050;PH                                                     ;00000000;00000;0052;RECORTES CERO                                          ;00000000;00000;0063;EXTREMEÑOS                                             ;00000000;00000;0064;GLG                                                    ;00000000;00000;0065;PIRATAS / REBELDES                                     ;00000000;00000;0070;PREPAL                                                 ;00000000;00000;0000;                                                       ;00000000;00000;0000;                                                       ;00000000;00000;0000;                                                       ;00000000;00000;0000;                                                       ;00000000;00000;0000;                                                       ;00000000;00000;0000;                                                       ;00000000;00000;0000;                                                       ;00000000;00000;0000;                                                       ;00000000;00000;0000;                                                       ;00000000;00000;0000;                                                       ;00000000;00000;0000;                                                       ;00000000;00000;0000;                                                       ;00000000;00000;0000;                                                       ;00000000;00000;0000;                                                       ;00000000;00000;0000;                                                       ;00000000;00000;0000;                                                       ;00000000;00000;0000;                                                       ;00000000;00000;0000;                                                       ;00000000;00000;0000;                                                       ;00000000;00000;0000;                                                       ;00000000;00000;0000;                                                       ;00000000;00000;0000;                                                       ;00000000;00000;0000;                                                       ;00000000;00000;0000;                                                       ;00000000;00000;0000;                                                       ;00000000;00000;0000;                                                       ;00000000;00000;0000;                                                       ;00000000;00000;0000;                                                       ;00000000;00000;0000;                                                       ;00000000;00000;0000;                                                       ;00000000;00000;0000;                                                       ;00000000;00000;0000;                                                       ;00000000;00000;0000;                                                       ;00000000;00000;0000;                                                       ;00000000;00000;0000;                                                       ;00000000;00000;0000;                                                       ;00000000;00000;0000;                                                       ;00000000;00000;0000;                                                       ;00000000;00000;0000;                                                       ;00000000;00000;0000;                                                       ;00000000;00000;0000;                                                       ;00000000;00000;0000;                                                       ;00000000;00000;0000;                                                       ;00000000;00000;0000;                                                       ;00000000;00000;0000;                                                       ;00000000;00000;0000;                                                       ;00000000;00000;
2406100033;08;09;9;306;99;Rebolledo de la Torre                             ;99;99;00001;00000084;00000084;10000;00000059;07023;00000025;02976;00000000;00000;00000000;00000;0022;PP                                                     ;00000037;06271;0017;PSOE                                                   ;00000009;01525;0021;VOX                                                    ;00000006;01016;0042;AGRUPACIÓN DE ELECTORES "SE ACABÓ LA FIESTA"           ;00000003;00508;0032;SUMAR                                                  ;00000002;00338;0009;FO                                                     ;00000001;00169;0025;PODEMOS                                                ;00000001;00169;0001;IZQESP                                                 ;00000000;00000;0002;CEUS                                                   ;00000000;00000;0010;AHORA REPÚBLICAS (ERC-EH BILDU-BNG-ARA MÉS)            ;00000000;00000;0060;JUNTS UE                                               ;00000000;00000;0019;ANDALUCISTAS                                           ;00000000;00000;0020;IE                                                     ;00000000;00000;0023;ESCAÑOS EN BLANCO                                      ;00000000;00000;0024;CRT                                                    ;00000000;00000;0026;PFAC                                                   ;00000000;00000;0027;PCTE                                                   ;00000000;00000;0029;PCPE/PCPC                                              ;00000000;00000;0039;PACMA                                                  ;00000000;00000;0040;CREE EN EUROPA                                         ;00000000;00000;0041;PMR                                                    ;00000000;00000;0043;F                                                      ;00000000;00000;0072;EXISTE                                                 ;00000000;00000;0046;Cs                                                     ;00000000;00000;0047;FE de las JONS                                         ;00000000;00000;0048;SAE                                                    ;00000000;00000;0049;J.U.E.X.                                               ;00000000;00000;0050;PH                                                     ;00000000;00000;0051;VOLT                                                   ;00000000;00000;0052;RECORTES CERO                                          ;00000000;00000;0063;EXTREMEÑOS                                             ;00000000;00000;0064;GLG                                                    ;00000000;00000;0065;PIRATAS / REBELDES                                     ;00000000;00000;0070;PREPAL                                                 ;00000000;00000;0000;                                                       ;00000000;00000;0000;                                                       ;00000000;00000;0000;                                                       ;00000000;00000;0000;                                                       ;00000000;00000;0000;                                                       ;00000000;00000;0000;                                                       ;00000000;00000;0000;                                                       ;00000000;00000;0000;                                                       ;00000000;00000;0000;                                                       ;00000000;00000;0000;                                                       ;00000000;00000;0000;                                                       ;00000000;00000;0000;                                                       ;00000000;00000;0000;                                                       ;00000000;00000;0000;                                                       ;00000000;00000;0000;                                                       ;00000000;00000;0000;                                                       ;00000000;00000;0000;                                                       ;00000000;00000;0000;                                                       ;00000000;00000;0000;                                                       ;00000000;00000;0000;                                                       ;00000000;00000;0000;                                                       ;00000000;00000;0000;                                                       ;00000000;00000;0000;                                                       ;00000000;00000;0000;                                                       ;00000000;00000;0000;                                                       ;00000000;00000;0000;                                                       ;00000000;00000;0000;                                                       ;00000000;00000;0000;                                                       ;00000000;00000;0000;                                                       ;00000000;00000;0000;                                                       ;00000000;00000;0000;                                                       ;00000000;00000;0000;                                                       ;00000000;00000;0000;                                                       ;00000000;00000;0000;                                                       ;00000000;00000;0000;                                                       ;00000000;00000;0000;                                                       ;00000000;00000;0000;                                                       ;00000000;00000;0000;                                                       ;00000000;00000;0000;                                                       ;00000000;00000;0000;                                                       ;00000000;00000;0000;                                                       ;00000000;00000;0000;                                                       ;00000000;00000;0000;                                                       ;00000000;00000;0000;                                                       ;00000000;00000;0000;                                                       ;00000000;00000;0000;                                                       ;00000000;00000;
2406100033;08;09;9;307;99;Redecilla del Camino                              ;99;99;00001;00000085;00000085;10000;00000052;06117;00000033;03882;00000001;00192;00000000;00000;0017;PSOE                                                   ;00000022;04230;0022;PP                                                     ;00000021;04038;0048;SAE                                                    ;00000003;00576;0021;VOX                                                    ;00000002;00384;0025;PODEMOS                                                ;00000001;00192;0042;AGRUPACIÓN DE ELECTORES "SE ACABÓ LA FIESTA"           ;00000001;00192;0072;EXISTE                                                 ;00000001;00192;0001;IZQESP                                                 ;00000000;00000;0002;CEUS                                                   ;00000000;00000;0009;FO                                                     ;00000000;00000;0010;AHORA REPÚBLICAS (ERC-EH BILDU-BNG-ARA MÉS)            ;00000000;00000;0060;JUNTS UE                                               ;00000000;00000;0019;ANDALUCISTAS                                           ;00000000;00000;0020;IE                                                     ;00000000;00000;0023;ESCAÑOS EN BLANCO                                      ;00000000;00000;0024;CRT                                                    ;00000000;00000;0026;PFAC                                                   ;00000000;00000;0027;PCTE                                                   ;00000000;00000;0029;PCPE/PCPC                                              ;00000000;00000;0032;SUMAR                                                  ;00000000;00000;0039;PACMA                                                  ;00000000;00000;0040;CREE EN EUROPA                                         ;00000000;00000;0041;PMR                                                    ;00000000;00000;0043;F                                                      ;00000000;00000;0046;Cs                                                     ;00000000;00000;0047;FE de las JONS                                         ;00000000;00000;0049;J.U.E.X.                                               ;00000000;00000;0050;PH                                                     ;00000000;00000;0051;VOLT                                                   ;00000000;00000;0052;RECORTES CERO                                          ;00000000;00000;0063;EXTREMEÑOS                                             ;00000000;00000;0064;GLG                                                    ;00000000;00000;0065;PIRATAS / REBELDES                                     ;00000000;00000;0070;PREPAL                                                 ;00000000;00000;0000;                                                       ;00000000;00000;0000;                                                       ;00000000;00000;0000;                                                       ;00000000;00000;0000;                                                       ;00000000;00000;0000;                                                       ;00000000;00000;0000;                                                       ;00000000;00000;0000;                                                       ;00000000;00000;0000;                                                       ;00000000;00000;0000;                                                       ;00000000;00000;0000;                                                       ;00000000;00000;0000;                                                       ;00000000;00000;0000;                                                       ;00000000;00000;0000;                                                       ;00000000;00000;0000;                                                       ;00000000;00000;0000;                                                       ;00000000;00000;0000;                                                       ;00000000;00000;0000;                                                       ;00000000;00000;0000;                                                       ;00000000;00000;0000;                                                       ;00000000;00000;0000;                                                       ;00000000;00000;0000;                                                       ;00000000;00000;0000;                                                       ;00000000;00000;0000;                                                       ;00000000;00000;0000;                                                       ;00000000;00000;0000;                                                       ;00000000;00000;0000;                                                       ;00000000;00000;0000;                                                       ;00000000;00000;0000;                                                       ;00000000;00000;0000;                                                       ;00000000;00000;0000;                                                       ;00000000;00000;0000;                                                       ;00000000;00000;0000;                                                       ;00000000;00000;0000;                                                       ;00000000;00000;0000;                                                       ;00000000;00000;0000;                                                       ;00000000;00000;0000;                                                       ;00000000;00000;0000;                                                       ;00000000;00000;0000;                                                       ;00000000;00000;0000;                                                       ;00000000;00000;0000;                                                       ;00000000;00000;0000;                                                       ;00000000;00000;0000;                                                       ;00000000;00000;0000;                                                       ;00000000;00000;0000;                                                       ;00000000;00000;0000;                                                       ;00000000;00000;0000;                                                       ;00000000;00000;
2406100033;08;09;9;308;99;Redecilla del Campo                               ;99;99;00001;00000057;00000057;10000;00000029;05087;00000028;04912;00000000;00000;00000000;00000;0022;PP                                                     ;00000015;05172;0017;PSOE                                                   ;00000006;02068;0021;VOX                                                    ;00000003;01034;0042;AGRUPACIÓN DE ELECTORES "SE ACABÓ LA FIESTA"           ;00000003;01034;0048;SAE                                                    ;00000002;00689;0001;IZQESP                                                 ;00000000;00000;0002;CEUS                                                   ;00000000;00000;0009;FO                                                     ;00000000;00000;0010;AHORA REPÚBLICAS (ERC-EH BILDU-BNG-ARA MÉS)            ;00000000;00000;0060;JUNTS UE                                               ;00000000;00000;0019;ANDALUCISTAS                                           ;00000000;00000;0020;IE                                                     ;00000000;00000;0023;ESCAÑOS EN BLANCO                                      ;00000000;00000;0024;CRT                                                    ;00000000;00000;0025;PODEMOS                                                ;00000000;00000;0026;PFAC                                                   ;00000000;00000;0027;PCTE                                                   ;00000000;00000;0029;PCPE/PCPC                                              ;00000000;00000;0032;SUMAR                                                  ;00000000;00000;0039;PACMA                                                  ;00000000;00000;0040;CREE EN EUROPA                                         ;00000000;00000;0041;PMR                                                    ;00000000;00000;0043;F                                                      ;00000000;00000;0072;EXISTE                                                 ;00000000;00000;0046;Cs                                                     ;00000000;00000;0047;FE de las JONS                                         ;00000000;00000;0049;J.U.E.X.                                               ;00000000;00000;0050;PH                                                     ;00000000;00000;0051;VOLT                                                   ;00000000;00000;0052;RECORTES CERO                                          ;00000000;00000;0063;EXTREMEÑOS                                             ;00000000;00000;0064;GLG                                                    ;00000000;00000;0065;PIRATAS / REBELDES                                     ;00000000;00000;0070;PREPAL                                                 ;00000000;00000;0000;                                                       ;00000000;00000;0000;                                                       ;00000000;00000;0000;                                                       ;00000000;00000;0000;                                                       ;00000000;00000;0000;                                                       ;00000000;00000;0000;                                                       ;00000000;00000;0000;                                                       ;00000000;00000;0000;                                                       ;00000000;00000;0000;                                                       ;00000000;00000;0000;                                                       ;00000000;00000;0000;                                                       ;00000000;00000;0000;                                                       ;00000000;00000;0000;                                                       ;00000000;00000;0000;                                                       ;00000000;00000;0000;                                                       ;00000000;00000;0000;                                                       ;00000000;00000;0000;                                                       ;00000000;00000;0000;                                                       ;00000000;00000;0000;                                                       ;00000000;00000;0000;                                                       ;00000000;00000;0000;                                                       ;00000000;00000;0000;                                                       ;00000000;00000;0000;                                                       ;00000000;00000;0000;                                                       ;00000000;00000;0000;                                                       ;00000000;00000;0000;                                                       ;00000000;00000;0000;                                                       ;00000000;00000;0000;                                                       ;00000000;00000;0000;                                                       ;00000000;00000;0000;                                                       ;00000000;00000;0000;                                                       ;00000000;00000;0000;                                                       ;00000000;00000;0000;                                                       ;00000000;00000;0000;                                                       ;00000000;00000;0000;                                                       ;00000000;00000;0000;                                                       ;00000000;00000;0000;                                                       ;00000000;00000;0000;                                                       ;00000000;00000;0000;                                                       ;00000000;00000;0000;                                                       ;00000000;00000;0000;                                                       ;00000000;00000;0000;                                                       ;00000000;00000;0000;                                                       ;00000000;00000;0000;                                                       ;00000000;00000;0000;                                                       ;00000000;00000;0000;                                                       ;00000000;00000;
2406100033;08;09;9;309;99;Regumiel de la Sierra                             ;99;99;00001;00000250;00000250;10000;00000141;05639;00000109;04360;00000000;00000;00000002;00141;0022;PP                                                     ;00000062;04460;0017;PSOE                                                   ;00000036;02589;0021;VOX                                                    ;00000031;02230;0025;PODEMOS                                                ;00000004;00287;0042;AGRUPACIÓN DE ELECTORES "SE ACABÓ LA FIESTA"           ;00000002;00143;0047;FE de las JONS                                         ;00000002;00143;0009;FO                                                     ;00000001;00071;0032;SUMAR                                                  ;00000001;00071;0001;IZQESP                                                 ;00000000;00000;0002;CEUS                                                   ;00000000;00000;0010;AHORA REPÚBLICAS (ERC-EH BILDU-BNG-ARA MÉS)            ;00000000;00000;0060;JUNTS UE                                               ;00000000;00000;0019;ANDALUCISTAS                                           ;00000000;00000;0020;IE                                                     ;00000000;00000;0023;ESCAÑOS EN BLANCO                                      ;00000000;00000;0024;CRT                                                    ;00000000;00000;0026;PFAC                                                   ;00000000;00000;0027;PCTE                                                   ;00000000;00000;0029;PCPE/PCPC                                              ;00000000;00000;0039;PACMA                                                  ;00000000;00000;0040;CREE EN EUROPA                                         ;00000000;00000;0041;PMR                                                    ;00000000;00000;0043;F                                                      ;00000000;00000;0072;EXISTE                                                 ;00000000;00000;0046;Cs                                                     ;00000000;00000;0048;SAE                                                    ;00000000;00000;0049;J.U.E.X.                                               ;00000000;00000;0050;PH                                                     ;00000000;00000;0051;VOLT                                                   ;00000000;00000;0052;RECORTES CERO                                          ;00000000;00000;0063;EXTREMEÑOS                                             ;00000000;00000;0064;GLG                                                    ;00000000;00000;0065;PIRATAS / REBELDES                                     ;00000000;00000;0070;PREPAL                                                 ;00000000;00000;0000;                                                       ;00000000;00000;0000;                                                       ;00000000;00000;0000;                                                       ;00000000;00000;0000;                                                       ;00000000;00000;0000;                                                       ;00000000;00000;0000;                                                       ;00000000;00000;0000;                                                       ;00000000;00000;0000;                                                       ;00000000;00000;0000;                                                       ;00000000;00000;0000;                                                       ;00000000;00000;0000;                                                       ;00000000;00000;0000;                                                       ;00000000;00000;0000;                                                       ;00000000;00000;0000;                                                       ;00000000;00000;0000;                                                       ;00000000;00000;0000;                                                       ;00000000;00000;0000;                                                       ;00000000;00000;0000;                                                       ;00000000;00000;0000;                                                       ;00000000;00000;0000;                                                       ;00000000;00000;0000;                                                       ;00000000;00000;0000;                                                       ;00000000;00000;0000;                                                       ;00000000;00000;0000;                                                       ;00000000;00000;0000;                                                       ;00000000;00000;0000;                                                       ;00000000;00000;0000;                                                       ;00000000;00000;0000;                                                       ;00000000;00000;0000;                                                       ;00000000;00000;0000;                                                       ;00000000;00000;0000;                                                       ;00000000;00000;0000;                                                       ;00000000;00000;0000;                                                       ;00000000;00000;0000;                                                       ;00000000;00000;0000;                                                       ;00000000;00000;0000;                                                       ;00000000;00000;0000;                                                       ;00000000;00000;0000;                                                       ;00000000;00000;0000;                                                       ;00000000;00000;0000;                                                       ;00000000;00000;0000;                                                       ;00000000;00000;0000;                                                       ;00000000;00000;0000;                                                       ;00000000;00000;0000;                                                       ;00000000;00000;0000;                                                       ;00000000;00000;0000;                                                       ;00000000;00000;
2406100033;08;09;9;310;99;Reinoso                                           ;99;99;00001;00000017;00000017;10000;00000017;10000;00000000;00000;00000000;00000;00000003;01764;0022;PP                                                     ;00000004;02857;0032;SUMAR                                                  ;00000004;02857;0017;PSOE                                                   ;00000003;02142;0042;AGRUPACIÓN DE ELECTORES "SE ACABÓ LA FIESTA"           ;00000002;01428;0065;PIRATAS / REBELDES                                     ;00000001;00714;0001;IZQESP                                                 ;00000000;00000;0002;CEUS                                                   ;00000000;00000;0009;FO                                                     ;00000000;00000;0010;AHORA REPÚBLICAS (ERC-EH BILDU-BNG-ARA MÉS)            ;00000000;00000;0060;JUNTS UE                                               ;00000000;00000;0019;ANDALUCISTAS                                           ;00000000;00000;0020;IE                                                     ;00000000;00000;0021;VOX                                                    ;00000000;00000;0023;ESCAÑOS EN BLANCO                                      ;00000000;00000;0024;CRT                                                    ;00000000;00000;0025;PODEMOS                                                ;00000000;00000;0026;PFAC                                                   ;00000000;00000;0027;PCTE                                                   ;00000000;00000;0029;PCPE/PCPC                                              ;00000000;00000;0039;PACMA                                                  ;00000000;00000;0040;CREE EN EUROPA                                         ;00000000;00000;0041;PMR                                                    ;00000000;00000;0043;F                                                      ;00000000;00000;0072;EXISTE                                                 ;00000000;00000;0046;Cs                                                     ;00000000;00000;0047;FE de las JONS                                         ;00000000;00000;0048;SAE                                                    ;00000000;00000;0049;J.U.E.X.                                               ;00000000;00000;0050;PH                                                     ;00000000;00000;0051;VOLT                                                   ;00000000;00000;0052;RECORTES CERO                                          ;00000000;00000;0063;EXTREMEÑOS                                             ;00000000;00000;0064;GLG                                                    ;00000000;00000;0070;PREPAL                                                 ;00000000;00000;0000;                                                       ;00000000;00000;0000;                                                       ;00000000;00000;0000;                                                       ;00000000;00000;0000;                                                       ;00000000;00000;0000;                                                       ;00000000;00000;0000;                                                       ;00000000;00000;0000;                                                       ;00000000;00000;0000;                                                       ;00000000;00000;0000;                                                       ;00000000;00000;0000;                                                       ;00000000;00000;0000;                                                       ;00000000;00000;0000;                                                       ;00000000;00000;0000;                                                       ;00000000;00000;0000;                                                       ;00000000;00000;0000;                                                       ;00000000;00000;0000;                                                       ;00000000;00000;0000;                                                       ;00000000;00000;0000;                                                       ;00000000;00000;0000;                                                       ;00000000;00000;0000;                                                       ;00000000;00000;0000;                                                       ;00000000;00000;0000;                                                       ;00000000;00000;0000;                                                       ;00000000;00000;0000;                                                       ;00000000;00000;0000;                                                       ;00000000;00000;0000;                                                       ;00000000;00000;0000;                                                       ;00000000;00000;0000;                                                       ;00000000;00000;0000;                                                       ;00000000;00000;0000;                                                       ;00000000;00000;0000;                                                       ;00000000;00000;0000;                                                       ;00000000;00000;0000;                                                       ;00000000;00000;0000;                                                       ;00000000;00000;0000;                                                       ;00000000;00000;0000;                                                       ;00000000;00000;0000;                                                       ;00000000;00000;0000;                                                       ;00000000;00000;0000;                                                       ;00000000;00000;0000;                                                       ;00000000;00000;0000;                                                       ;00000000;00000;0000;                                                       ;00000000;00000;0000;                                                       ;00000000;00000;0000;                                                       ;00000000;00000;0000;                                                       ;00000000;00000;0000;                                                       ;00000000;00000;
2406100033;08;09;9;311;99;Retuerta                                          ;99;99;00001;00000055;00000055;10000;00000037;06727;00000018;03272;00000000;00000;00000001;00270;0017;PSOE                                                   ;00000024;06666;0022;PP                                                     ;00000010;02777;0025;PODEMOS                                                ;00000001;00277;0032;SUMAR                                                  ;00000001;00277;0001;IZQESP                                                 ;00000000;00000;0002;CEUS                                                   ;00000000;00000;0009;FO                                                     ;00000000;00000;0010;AHORA REPÚBLICAS (ERC-EH BILDU-BNG-ARA MÉS)            ;00000000;00000;0060;JUNTS UE                                               ;00000000;00000;0019;ANDALUCISTAS                                           ;00000000;00000;0020;IE                                                     ;00000000;00000;0021;VOX                                                    ;00000000;00000;0023;ESCAÑOS EN BLANCO                                      ;00000000;00000;0024;CRT                                                    ;00000000;00000;0026;PFAC                                                   ;00000000;00000;0027;PCTE                                                   ;00000000;00000;0029;PCPE/PCPC                                              ;00000000;00000;0039;PACMA                                                  ;00000000;00000;0040;CREE EN EUROPA                                         ;00000000;00000;0041;PMR                                                    ;00000000;00000;0042;AGRUPACIÓN DE ELECTORES "SE ACABÓ LA FIESTA"           ;00000000;00000;0043;F                                                      ;00000000;00000;0072;EXISTE                                                 ;00000000;00000;0046;Cs                                                     ;00000000;00000;0047;FE de las JONS                                         ;00000000;00000;0048;SAE                                                    ;00000000;00000;0049;J.U.E.X.                                               ;00000000;00000;0050;PH                                                     ;00000000;00000;0051;VOLT                                                   ;00000000;00000;0052;RECORTES CERO                                          ;00000000;00000;0063;EXTREMEÑOS                                             ;00000000;00000;0064;GLG                                                    ;00000000;00000;0065;PIRATAS / REBELDES                                     ;00000000;00000;0070;PREPAL                                                 ;00000000;00000;0000;                                                       ;00000000;00000;0000;                                                       ;00000000;00000;0000;                                                       ;00000000;00000;0000;                                                       ;00000000;00000;0000;                                                       ;00000000;00000;0000;                                                       ;00000000;00000;0000;                                                       ;00000000;00000;0000;                                                       ;00000000;00000;0000;                                                       ;00000000;00000;0000;                                                       ;00000000;00000;0000;                                                       ;00000000;00000;0000;                                                       ;00000000;00000;0000;                                                       ;00000000;00000;0000;                                                       ;00000000;00000;0000;                                                       ;00000000;00000;0000;                                                       ;00000000;00000;0000;                                                       ;00000000;00000;0000;                                                       ;00000000;00000;0000;                                                       ;00000000;00000;0000;                                                       ;00000000;00000;0000;                                                       ;00000000;00000;0000;                                                       ;00000000;00000;0000;                                                       ;00000000;00000;0000;                                                       ;00000000;00000;0000;                                                       ;00000000;00000;0000;                                                       ;00000000;00000;0000;                                                       ;00000000;00000;0000;                                                       ;00000000;00000;0000;                                                       ;00000000;00000;0000;                                                       ;00000000;00000;0000;                                                       ;00000000;00000;0000;                                                       ;00000000;00000;0000;                                                       ;00000000;00000;0000;                                                       ;00000000;00000;0000;                                                       ;00000000;00000;0000;                                                       ;00000000;00000;0000;                                                       ;00000000;00000;0000;                                                       ;00000000;00000;0000;                                                       ;00000000;00000;0000;                                                       ;00000000;00000;0000;                                                       ;00000000;00000;0000;                                                       ;00000000;00000;0000;                                                       ;00000000;00000;0000;                                                       ;00000000;00000;0000;                                                       ;00000000;00000;0000;                                                       ;00000000;00000;
2406100033;08;09;9;312;99;La Revilla y Ahedo                                ;99;99;00001;00000087;00000087;10000;00000062;07126;00000025;02873;00000000;00000;00000000;00000;0022;PP                                                     ;00000033;05322;0017;PSOE                                                   ;00000013;02096;0021;VOX                                                    ;00000011;01774;0032;SUMAR                                                  ;00000002;00322;0025;PODEMOS                                                ;00000001;00161;0064;GLG                                                    ;00000001;00161;0065;PIRATAS / REBELDES                                     ;00000001;00161;0001;IZQESP                                                 ;00000000;00000;0002;CEUS                                                   ;00000000;00000;0009;FO                                                     ;00000000;00000;0010;AHORA REPÚBLICAS (ERC-EH BILDU-BNG-ARA MÉS)            ;00000000;00000;0060;JUNTS UE                                               ;00000000;00000;0019;ANDALUCISTAS                                           ;00000000;00000;0020;IE                                                     ;00000000;00000;0023;ESCAÑOS EN BLANCO                                      ;00000000;00000;0024;CRT                                                    ;00000000;00000;0026;PFAC                                                   ;00000000;00000;0027;PCTE                                                   ;00000000;00000;0029;PCPE/PCPC                                              ;00000000;00000;0039;PACMA                                                  ;00000000;00000;0040;CREE EN EUROPA                                         ;00000000;00000;0041;PMR                                                    ;00000000;00000;0042;AGRUPACIÓN DE ELECTORES "SE ACABÓ LA FIESTA"           ;00000000;00000;0043;F                                                      ;00000000;00000;0072;EXISTE                                                 ;00000000;00000;0046;Cs                                                     ;00000000;00000;0047;FE de las JONS                                         ;00000000;00000;0048;SAE                                                    ;00000000;00000;0049;J.U.E.X.                                               ;00000000;00000;0050;PH                                                     ;00000000;00000;0051;VOLT                                                   ;00000000;00000;0052;RECORTES CERO                                          ;00000000;00000;0063;EXTREMEÑOS                                             ;00000000;00000;0070;PREPAL                                                 ;00000000;00000;0000;                                                       ;00000000;00000;0000;                                                       ;00000000;00000;0000;                                                       ;00000000;00000;0000;                                                       ;00000000;00000;0000;                                                       ;00000000;00000;0000;                                                       ;00000000;00000;0000;                                                       ;00000000;00000;0000;                                                       ;00000000;00000;0000;                                                       ;00000000;00000;0000;                                                       ;00000000;00000;0000;                                                       ;00000000;00000;0000;                                                       ;00000000;00000;0000;                                                       ;00000000;00000;0000;                                                       ;00000000;00000;0000;                                                       ;00000000;00000;0000;                                                       ;00000000;00000;0000;                                                       ;00000000;00000;0000;                                                       ;00000000;00000;0000;                                                       ;00000000;00000;0000;                                                       ;00000000;00000;0000;                                                       ;00000000;00000;0000;                                                       ;00000000;00000;0000;                                                       ;00000000;00000;0000;                                                       ;00000000;00000;0000;                                                       ;00000000;00000;0000;                                                       ;00000000;00000;0000;                                                       ;00000000;00000;0000;                                                       ;00000000;00000;0000;                                                       ;00000000;00000;0000;                                                       ;00000000;00000;0000;                                                       ;00000000;00000;0000;                                                       ;00000000;00000;0000;                                                       ;00000000;00000;0000;                                                       ;00000000;00000;0000;                                                       ;00000000;00000;0000;                                                       ;00000000;00000;0000;                                                       ;00000000;00000;0000;                                                       ;00000000;00000;0000;                                                       ;00000000;00000;0000;                                                       ;00000000;00000;0000;                                                       ;00000000;00000;0000;                                                       ;00000000;00000;0000;                                                       ;00000000;00000;0000;                                                       ;00000000;00000;0000;                                                       ;00000000;00000;0000;                                                       ;00000000;00000;
2406100033;08;09;9;314;99;Revilla del Campo                                 ;99;99;00001;00000089;00000089;10000;00000056;06292;00000033;03707;00000000;00000;00000001;00178;0022;PP                                                     ;00000021;03818;0017;PSOE                                                   ;00000019;03454;0021;VOX                                                    ;00000005;00909;0032;SUMAR                                                  ;00000004;00727;0025;PODEMOS                                                ;00000003;00545;0042;AGRUPACIÓN DE ELECTORES "SE ACABÓ LA FIESTA"           ;00000001;00181;0043;F                                                      ;00000001;00181;0064;GLG                                                    ;00000001;00181;0001;IZQESP                                                 ;00000000;00000;0002;CEUS                                                   ;00000000;00000;0009;FO                                                     ;00000000;00000;0010;AHORA REPÚBLICAS (ERC-EH BILDU-BNG-ARA MÉS)            ;00000000;00000;0060;JUNTS UE                                               ;00000000;00000;0019;ANDALUCISTAS                                           ;00000000;00000;0020;IE                                                     ;00000000;00000;0023;ESCAÑOS EN BLANCO                                      ;00000000;00000;0024;CRT                                                    ;00000000;00000;0026;PFAC                                                   ;00000000;00000;0027;PCTE                                                   ;00000000;00000;0029;PCPE/PCPC                                              ;00000000;00000;0039;PACMA                                                  ;00000000;00000;0040;CREE EN EUROPA                                         ;00000000;00000;0041;PMR                                                    ;00000000;00000;0072;EXISTE                                                 ;00000000;00000;0046;Cs                                                     ;00000000;00000;0047;FE de las JONS                                         ;00000000;00000;0048;SAE                                                    ;00000000;00000;0049;J.U.E.X.                                               ;00000000;00000;0050;PH                                                     ;00000000;00000;0051;VOLT                                                   ;00000000;00000;0052;RECORTES CERO                                          ;00000000;00000;0063;EXTREMEÑOS                                             ;00000000;00000;0065;PIRATAS / REBELDES                                     ;00000000;00000;0070;PREPAL                                                 ;00000000;00000;0000;                                                       ;00000000;00000;0000;                                                       ;00000000;00000;0000;                                                       ;00000000;00000;0000;                                                       ;00000000;00000;0000;                                                       ;00000000;00000;0000;                                                       ;00000000;00000;0000;                                                       ;00000000;00000;0000;                                                       ;00000000;00000;0000;                                                       ;00000000;00000;0000;                                                       ;00000000;00000;0000;                                                       ;00000000;00000;0000;                                                       ;00000000;00000;0000;                                                       ;00000000;00000;0000;                                                       ;00000000;00000;0000;                                                       ;00000000;00000;0000;                                                       ;00000000;00000;0000;                                                       ;00000000;00000;0000;                                                       ;00000000;00000;0000;                                                       ;00000000;00000;0000;                                                       ;00000000;00000;0000;                                                       ;00000000;00000;0000;                                                       ;00000000;00000;0000;                                                       ;00000000;00000;0000;                                                       ;00000000;00000;0000;                                                       ;00000000;00000;0000;                                                       ;00000000;00000;0000;                                                       ;00000000;00000;0000;                                                       ;00000000;00000;0000;                                                       ;00000000;00000;0000;                                                       ;00000000;00000;0000;                                                       ;00000000;00000;0000;                                                       ;00000000;00000;0000;                                                       ;00000000;00000;0000;                                                       ;00000000;00000;0000;                                                       ;00000000;00000;0000;                                                       ;00000000;00000;0000;                                                       ;00000000;00000;0000;                                                       ;00000000;00000;0000;                                                       ;00000000;00000;0000;                                                       ;00000000;00000;0000;                                                       ;00000000;00000;0000;                                                       ;00000000;00000;0000;                                                       ;00000000;00000;0000;                                                       ;00000000;00000;0000;                                                       ;00000000;00000;0000;                                                       ;00000000;00000;
2406100033;08;09;9;315;99;Revillarruz                                       ;99;99;00001;00000450;00000450;10000;00000227;05044;00000223;04955;00000002;00090;00000005;00220;0022;PP                                                     ;00000086;03873;0017;PSOE                                                   ;00000052;02342;0021;VOX                                                    ;00000027;01216;0042;AGRUPACIÓN DE ELECTORES "SE ACABÓ LA FIESTA"           ;00000021;00945;0032;SUMAR                                                  ;00000010;00450;0025;PODEMOS                                                ;00000006;00270;0039;PACMA                                                  ;00000004;00180;0072;EXISTE                                                 ;00000003;00135;0046;Cs                                                     ;00000003;00135;0048;SAE                                                    ;00000003;00135;0009;FO                                                     ;00000002;00090;0001;IZQESP                                                 ;00000001;00045;0010;AHORA REPÚBLICAS (ERC-EH BILDU-BNG-ARA MÉS)            ;00000001;00045;0060;JUNTS UE                                               ;00000001;00045;0002;CEUS                                                   ;00000000;00000;0019;ANDALUCISTAS                                           ;00000000;00000;0020;IE                                                     ;00000000;00000;0023;ESCAÑOS EN BLANCO                                      ;00000000;00000;0024;CRT                                                    ;00000000;00000;0026;PFAC                                                   ;00000000;00000;0027;PCTE                                                   ;00000000;00000;0029;PCPE/PCPC                                              ;00000000;00000;0040;CREE EN EUROPA                                         ;00000000;00000;0041;PMR                                                    ;00000000;00000;0043;F                                                      ;00000000;00000;0047;FE de las JONS                                         ;00000000;00000;0049;J.U.E.X.                                               ;00000000;00000;0050;PH                                                     ;00000000;00000;0051;VOLT                                                   ;00000000;00000;0052;RECORTES CERO                                          ;00000000;00000;0063;EXTREMEÑOS                                             ;00000000;00000;0064;GLG                                                    ;00000000;00000;0065;PIRATAS / REBELDES                                     ;00000000;00000;0070;PREPAL                                                 ;00000000;00000;0000;                                                       ;00000000;00000;0000;                                                       ;00000000;00000;0000;                                                       ;00000000;00000;0000;                                                       ;00000000;00000;0000;                                                       ;00000000;00000;0000;                                                       ;00000000;00000;0000;                                                       ;00000000;00000;0000;                                                       ;00000000;00000;0000;                                                       ;00000000;00000;0000;                                                       ;00000000;00000;0000;                                                       ;00000000;00000;0000;                                                       ;00000000;00000;0000;                                                       ;00000000;00000;0000;                                                       ;00000000;00000;0000;                                                       ;00000000;00000;0000;                                                       ;00000000;00000;0000;                                                       ;00000000;00000;0000;                                                       ;00000000;00000;0000;                                                       ;00000000;00000;0000;                                                       ;00000000;00000;0000;                                                       ;00000000;00000;0000;                                                       ;00000000;00000;0000;                                                       ;00000000;00000;0000;                                                       ;00000000;00000;0000;                                                       ;00000000;00000;0000;                                                       ;00000000;00000;0000;                                                       ;00000000;00000;0000;                                                       ;00000000;00000;0000;                                                       ;00000000;00000;0000;                                                       ;00000000;00000;0000;                                                       ;00000000;00000;0000;                                                       ;00000000;00000;0000;                                                       ;00000000;00000;0000;                                                       ;00000000;00000;0000;                                                       ;00000000;00000;0000;                                                       ;00000000;00000;0000;                                                       ;00000000;00000;0000;                                                       ;00000000;00000;0000;                                                       ;00000000;00000;0000;                                                       ;00000000;00000;0000;                                                       ;00000000;00000;0000;                                                       ;00000000;00000;0000;                                                       ;00000000;00000;0000;                                                       ;00000000;00000;0000;                                                       ;00000000;00000;0000;                                                       ;00000000;00000;
2406100033;08;09;9;316;99;Revilla Vallejera                                 ;99;99;00001;00000104;00000104;10000;00000068;06538;00000036;03461;00000000;00000;00000000;00000;0022;PP                                                     ;00000040;05882;0017;PSOE                                                   ;00000015;02205;0021;VOX                                                    ;00000009;01323;0032;SUMAR                                                  ;00000001;00147;0042;AGRUPACIÓN DE ELECTORES "SE ACABÓ LA FIESTA"           ;00000001;00147;0046;Cs                                                     ;00000001;00147;0064;GLG                                                    ;00000001;00147;0001;IZQESP                                                 ;00000000;00000;0002;CEUS                                                   ;00000000;00000;0009;FO                                                     ;00000000;00000;0010;AHORA REPÚBLICAS (ERC-EH BILDU-BNG-ARA MÉS)            ;00000000;00000;0060;JUNTS UE                                               ;00000000;00000;0019;ANDALUCISTAS                                           ;00000000;00000;0020;IE                                                     ;00000000;00000;0023;ESCAÑOS EN BLANCO                                      ;00000000;00000;0024;CRT                                                    ;00000000;00000;0025;PODEMOS                                                ;00000000;00000;0026;PFAC                                                   ;00000000;00000;0027;PCTE                                                   ;00000000;00000;0029;PCPE/PCPC                                              ;00000000;00000;0039;PACMA                                                  ;00000000;00000;0040;CREE EN EUROPA                                         ;00000000;00000;0041;PMR                                                    ;00000000;00000;0043;F                                                      ;00000000;00000;0072;EXISTE                                                 ;00000000;00000;0047;FE de las JONS                                         ;00000000;00000;0048;SAE                                                    ;00000000;00000;0049;J.U.E.X.                                               ;00000000;00000;0050;PH                                                     ;00000000;00000;0051;VOLT                                                   ;00000000;00000;0052;RECORTES CERO                                          ;00000000;00000;0063;EXTREMEÑOS                                             ;00000000;00000;0065;PIRATAS / REBELDES                                     ;00000000;00000;0070;PREPAL                                                 ;00000000;00000;0000;                                                       ;00000000;00000;0000;                                                       ;00000000;00000;0000;                                                       ;00000000;00000;0000;                                                       ;00000000;00000;0000;                                                       ;00000000;00000;0000;                                                       ;00000000;00000;0000;                                                       ;00000000;00000;0000;                                                       ;00000000;00000;0000;                                                       ;00000000;00000;0000;                                                       ;00000000;00000;0000;                                                       ;00000000;00000;0000;                                                       ;00000000;00000;0000;                                                       ;00000000;00000;0000;                                                       ;00000000;00000;0000;                                                       ;00000000;00000;0000;                                                       ;00000000;00000;0000;                                                       ;00000000;00000;0000;                                                       ;00000000;00000;0000;                                                       ;00000000;00000;0000;                                                       ;00000000;00000;0000;                                                       ;00000000;00000;0000;                                                       ;00000000;00000;0000;                                                       ;00000000;00000;0000;                                                       ;00000000;00000;0000;                                                       ;00000000;00000;0000;                                                       ;00000000;00000;0000;                                                       ;00000000;00000;0000;                                                       ;00000000;00000;0000;                                                       ;00000000;00000;0000;                                                       ;00000000;00000;0000;                                                       ;00000000;00000;0000;                                                       ;00000000;00000;0000;                                                       ;00000000;00000;0000;                                                       ;00000000;00000;0000;                                                       ;00000000;00000;0000;                                                       ;00000000;00000;0000;                                                       ;00000000;00000;0000;                                                       ;00000000;00000;0000;                                                       ;00000000;00000;0000;                                                       ;00000000;00000;0000;                                                       ;00000000;00000;0000;                                                       ;00000000;00000;0000;                                                       ;00000000;00000;0000;                                                       ;00000000;00000;0000;                                                       ;00000000;00000;0000;                                                       ;00000000;00000;
2406100033;08;09;9;317;99;Rezmondo                                          ;99;99;00001;00000017;00000017;10000;00000016;09411;00000001;00588;00000000;00000;00000000;00000;0022;PP                                                     ;00000006;03750;0017;PSOE                                                   ;00000005;03125;0025;PODEMOS                                                ;00000005;03125;0001;IZQESP                                                 ;00000000;00000;0002;CEUS                                                   ;00000000;00000;0009;FO                                                     ;00000000;00000;0010;AHORA REPÚBLICAS (ERC-EH BILDU-BNG-ARA MÉS)            ;00000000;00000;0060;JUNTS UE                                               ;00000000;00000;0019;ANDALUCISTAS                                           ;00000000;00000;0020;IE                                                     ;00000000;00000;0021;VOX                                                    ;00000000;00000;0023;ESCAÑOS EN BLANCO                                      ;00000000;00000;0024;CRT                                                    ;00000000;00000;0026;PFAC                                                   ;00000000;00000;0027;PCTE                                                   ;00000000;00000;0029;PCPE/PCPC                                              ;00000000;00000;0032;SUMAR                                                  ;00000000;00000;0039;PACMA                                                  ;00000000;00000;0040;CREE EN EUROPA                                         ;00000000;00000;0041;PMR                                                    ;00000000;00000;0042;AGRUPACIÓN DE ELECTORES "SE ACABÓ LA FIESTA"           ;00000000;00000;0043;F                                                      ;00000000;00000;0072;EXISTE                                                 ;00000000;00000;0046;Cs                                                     ;00000000;00000;0047;FE de las JONS                                         ;00000000;00000;0048;SAE                                                    ;00000000;00000;0049;J.U.E.X.                                               ;00000000;00000;0050;PH                                                     ;00000000;00000;0051;VOLT                                                   ;00000000;00000;0052;RECORTES CERO                                          ;00000000;00000;0063;EXTREMEÑOS                                             ;00000000;00000;0064;GLG                                                    ;00000000;00000;0065;PIRATAS / REBELDES                                     ;00000000;00000;0070;PREPAL                                                 ;00000000;00000;0000;                                                       ;00000000;00000;0000;                                                       ;00000000;00000;0000;                                                       ;00000000;00000;0000;                                                       ;00000000;00000;0000;                                                       ;00000000;00000;0000;                                                       ;00000000;00000;0000;                                                       ;00000000;00000;0000;                                                       ;00000000;00000;0000;                                                       ;00000000;00000;0000;                                                       ;00000000;00000;0000;                                                       ;00000000;00000;0000;                                                       ;00000000;00000;0000;                                                       ;00000000;00000;0000;                                                       ;00000000;00000;0000;                                                       ;00000000;00000;0000;                                                       ;00000000;00000;0000;                                                       ;00000000;00000;0000;                                                       ;00000000;00000;0000;                                                       ;00000000;00000;0000;                                                       ;00000000;00000;0000;                                                       ;00000000;00000;0000;                                                       ;00000000;00000;0000;                                                       ;00000000;00000;0000;                                                       ;00000000;00000;0000;                                                       ;00000000;00000;0000;                                                       ;00000000;00000;0000;                                                       ;00000000;00000;0000;                                                       ;00000000;00000;0000;                                                       ;00000000;00000;0000;                                                       ;00000000;00000;0000;                                                       ;00000000;00000;0000;                                                       ;00000000;00000;0000;                                                       ;00000000;00000;0000;                                                       ;00000000;00000;0000;                                                       ;00000000;00000;0000;                                                       ;00000000;00000;0000;                                                       ;00000000;00000;0000;                                                       ;00000000;00000;0000;                                                       ;00000000;00000;0000;                                                       ;00000000;00000;0000;                                                       ;00000000;00000;0000;                                                       ;00000000;00000;0000;                                                       ;00000000;00000;0000;                                                       ;00000000;00000;0000;                                                       ;00000000;00000;0000;                                                       ;00000000;00000;
2406100033;08;09;9;318;99;Riocavado de la Sierra                            ;99;99;00001;00000052;00000052;10000;00000033;06346;00000019;03653;00000000;00000;00000000;00000;0022;PP                                                     ;00000018;05454;0017;PSOE                                                   ;00000012;03636;0021;VOX                                                    ;00000002;00606;0032;SUMAR                                                  ;00000001;00303;0001;IZQESP                                                 ;00000000;00000;0002;CEUS                                                   ;00000000;00000;0009;FO                                                     ;00000000;00000;0010;AHORA REPÚBLICAS (ERC-EH BILDU-BNG-ARA MÉS)            ;00000000;00000;0060;JUNTS UE                                               ;00000000;00000;0019;ANDALUCISTAS                                           ;00000000;00000;0020;IE                                                     ;00000000;00000;0023;ESCAÑOS EN BLANCO                                      ;00000000;00000;0024;CRT                                                    ;00000000;00000;0025;PODEMOS                                                ;00000000;00000;0026;PFAC                                                   ;00000000;00000;0027;PCTE                                                   ;00000000;00000;0029;PCPE/PCPC                                              ;00000000;00000;0039;PACMA                                                  ;00000000;00000;0040;CREE EN EUROPA                                         ;00000000;00000;0041;PMR                                                    ;00000000;00000;0042;AGRUPACIÓN DE ELECTORES "SE ACABÓ LA FIESTA"           ;00000000;00000;0043;F                                                      ;00000000;00000;0072;EXISTE                                                 ;00000000;00000;0046;Cs                                                     ;00000000;00000;0047;FE de las JONS                                         ;00000000;00000;0048;SAE                                                    ;00000000;00000;0049;J.U.E.X.                                               ;00000000;00000;0050;PH                                                     ;00000000;00000;0051;VOLT                                                   ;00000000;00000;0052;RECORTES CERO                                          ;00000000;00000;0063;EXTREMEÑOS                                             ;00000000;00000;0064;GLG                                                    ;00000000;00000;0065;PIRATAS / REBELDES                                     ;00000000;00000;0070;PREPAL                                                 ;00000000;00000;0000;                                                       ;00000000;00000;0000;                                                       ;00000000;00000;0000;                                                       ;00000000;00000;0000;                                                       ;00000000;00000;0000;                                                       ;00000000;00000;0000;                                                       ;00000000;00000;0000;                                                       ;00000000;00000;0000;                                                       ;00000000;00000;0000;                                                       ;00000000;00000;0000;                                                       ;00000000;00000;0000;                                                       ;00000000;00000;0000;                                                       ;00000000;00000;0000;                                                       ;00000000;00000;0000;                                                       ;00000000;00000;0000;                                                       ;00000000;00000;0000;                                                       ;00000000;00000;0000;                                                       ;00000000;00000;0000;                                                       ;00000000;00000;0000;                                                       ;00000000;00000;0000;                                                       ;00000000;00000;0000;                                                       ;00000000;00000;0000;                                                       ;00000000;00000;0000;                                                       ;00000000;00000;0000;                                                       ;00000000;00000;0000;                                                       ;00000000;00000;0000;                                                       ;00000000;00000;0000;                                                       ;00000000;00000;0000;                                                       ;00000000;00000;0000;                                                       ;00000000;00000;0000;                                                       ;00000000;00000;0000;                                                       ;00000000;00000;0000;                                                       ;00000000;00000;0000;                                                       ;00000000;00000;0000;                                                       ;00000000;00000;0000;                                                       ;00000000;00000;0000;                                                       ;00000000;00000;0000;                                                       ;00000000;00000;0000;                                                       ;00000000;00000;0000;                                                       ;00000000;00000;0000;                                                       ;00000000;00000;0000;                                                       ;00000000;00000;0000;                                                       ;00000000;00000;0000;                                                       ;00000000;00000;0000;                                                       ;00000000;00000;0000;                                                       ;00000000;00000;0000;                                                       ;00000000;00000;
2406100033;08;09;9;321;99;Roa                                               ;99;99;00003;00001521;00001521;10000;00000853;05608;00000668;04391;00000007;00082;00000009;00105;0022;PP                                                     ;00000415;04917;0017;PSOE                                                   ;00000253;02997;0021;VOX                                                    ;00000091;01078;0042;AGRUPACIÓN DE ELECTORES "SE ACABÓ LA FIESTA"           ;00000033;00390;0025;PODEMOS                                                ;00000015;00177;0032;SUMAR                                                  ;00000012;00142;0046;Cs                                                     ;00000009;00106;0009;FO                                                     ;00000002;00023;0039;PACMA                                                  ;00000002;00023;0043;F                                                      ;00000002;00023;0002;CEUS                                                   ;00000001;00011;0041;PMR                                                    ;00000001;00011;0072;EXISTE                                                 ;00000001;00011;0001;IZQESP                                                 ;00000000;00000;0010;AHORA REPÚBLICAS (ERC-EH BILDU-BNG-ARA MÉS)            ;00000000;00000;0060;JUNTS UE                                               ;00000000;00000;0019;ANDALUCISTAS                                           ;00000000;00000;0020;IE                                                     ;00000000;00000;0023;ESCAÑOS EN BLANCO                                      ;00000000;00000;0024;CRT                                                    ;00000000;00000;0026;PFAC                                                   ;00000000;00000;0027;PCTE                                                   ;00000000;00000;0029;PCPE/PCPC                                              ;00000000;00000;0040;CREE EN EUROPA                                         ;00000000;00000;0047;FE de las JONS                                         ;00000000;00000;0048;SAE                                                    ;00000000;00000;0049;J.U.E.X.                                               ;00000000;00000;0050;PH                                                     ;00000000;00000;0051;VOLT                                                   ;00000000;00000;0052;RECORTES CERO                                          ;00000000;00000;0063;EXTREMEÑOS                                             ;00000000;00000;0064;GLG                                                    ;00000000;00000;0065;PIRATAS / REBELDES                                     ;00000000;00000;0070;PREPAL                                                 ;00000000;00000;0000;                                                       ;00000000;00000;0000;                                                       ;00000000;00000;0000;                                                       ;00000000;00000;0000;                                                       ;00000000;00000;0000;                                                       ;00000000;00000;0000;                                                       ;00000000;00000;0000;                                                       ;00000000;00000;0000;                                                       ;00000000;00000;0000;                                                       ;00000000;00000;0000;                                                       ;00000000;00000;0000;                                                       ;00000000;00000;0000;                                                       ;00000000;00000;0000;                                                       ;00000000;00000;0000;                                                       ;00000000;00000;0000;                                                       ;00000000;00000;0000;                                                       ;00000000;00000;0000;                                                       ;00000000;00000;0000;                                                       ;00000000;00000;0000;                                                       ;00000000;00000;0000;                                                       ;00000000;00000;0000;                                                       ;00000000;00000;0000;                                                       ;00000000;00000;0000;                                                       ;00000000;00000;0000;                                                       ;00000000;00000;0000;                                                       ;00000000;00000;0000;                                                       ;00000000;00000;0000;                                                       ;00000000;00000;0000;                                                       ;00000000;00000;0000;                                                       ;00000000;00000;0000;                                                       ;00000000;00000;0000;                                                       ;00000000;00000;0000;                                                       ;00000000;00000;0000;                                                       ;00000000;00000;0000;                                                       ;00000000;00000;0000;                                                       ;00000000;00000;0000;                                                       ;00000000;00000;0000;                                                       ;00000000;00000;0000;                                                       ;00000000;00000;0000;                                                       ;00000000;00000;0000;                                                       ;00000000;00000;0000;                                                       ;00000000;00000;0000;                                                       ;00000000;00000;0000;                                                       ;00000000;00000;0000;                                                       ;00000000;00000;0000;                                                       ;00000000;00000;0000;                                                       ;00000000;00000;
2406100033;08;09;9;323;99;Rojas                                             ;99;99;00001;00000050;00000050;10000;00000034;06800;00000016;03200;00000000;00000;00000001;00294;0022;PP                                                     ;00000019;05757;0017;PSOE                                                   ;00000005;01515;0021;VOX                                                    ;00000003;00909;0032;SUMAR                                                  ;00000003;00909;0046;Cs                                                     ;00000002;00606;0009;FO                                                     ;00000001;00303;0001;IZQESP                                                 ;00000000;00000;0002;CEUS                                                   ;00000000;00000;0010;AHORA REPÚBLICAS (ERC-EH BILDU-BNG-ARA MÉS)            ;00000000;00000;0060;JUNTS UE                                               ;00000000;00000;0019;ANDALUCISTAS                                           ;00000000;00000;0020;IE                                                     ;00000000;00000;0023;ESCAÑOS EN BLANCO                                      ;00000000;00000;0024;CRT                                                    ;00000000;00000;0025;PODEMOS                                                ;00000000;00000;0026;PFAC                                                   ;00000000;00000;0027;PCTE                                                   ;00000000;00000;0029;PCPE/PCPC                                              ;00000000;00000;0039;PACMA                                                  ;00000000;00000;0040;CREE EN EUROPA                                         ;00000000;00000;0041;PMR                                                    ;00000000;00000;0042;AGRUPACIÓN DE ELECTORES "SE ACABÓ LA FIESTA"           ;00000000;00000;0043;F                                                      ;00000000;00000;0072;EXISTE                                                 ;00000000;00000;0047;FE de las JONS                                         ;00000000;00000;0048;SAE                                                    ;00000000;00000;0049;J.U.E.X.                                               ;00000000;00000;0050;PH                                                     ;00000000;00000;0051;VOLT                                                   ;00000000;00000;0052;RECORTES CERO                                          ;00000000;00000;0063;EXTREMEÑOS                                             ;00000000;00000;0064;GLG                                                    ;00000000;00000;0065;PIRATAS / REBELDES                                     ;00000000;00000;0070;PREPAL                                                 ;00000000;00000;0000;                                                       ;00000000;00000;0000;                                                       ;00000000;00000;0000;                                                       ;00000000;00000;0000;                                                       ;00000000;00000;0000;                                                       ;00000000;00000;0000;                                                       ;00000000;00000;0000;                                                       ;00000000;00000;0000;                                                       ;00000000;00000;0000;                                                       ;00000000;00000;0000;                                                       ;00000000;00000;0000;                                                       ;00000000;00000;0000;                                                       ;00000000;00000;0000;                                                       ;00000000;00000;0000;                                                       ;00000000;00000;0000;                                                       ;00000000;00000;0000;                                                       ;00000000;00000;0000;                                                       ;00000000;00000;0000;                                                       ;00000000;00000;0000;                                                       ;00000000;00000;0000;                                                       ;00000000;00000;0000;                                                       ;00000000;00000;0000;                                                       ;00000000;00000;0000;                                                       ;00000000;00000;0000;                                                       ;00000000;00000;0000;                                                       ;00000000;00000;0000;                                                       ;00000000;00000;0000;                                                       ;00000000;00000;0000;                                                       ;00000000;00000;0000;                                                       ;00000000;00000;0000;                                                       ;00000000;00000;0000;                                                       ;00000000;00000;0000;                                                       ;00000000;00000;0000;                                                       ;00000000;00000;0000;                                                       ;00000000;00000;0000;                                                       ;00000000;00000;0000;                                                       ;00000000;00000;0000;                                                       ;00000000;00000;0000;                                                       ;00000000;00000;0000;                                                       ;00000000;00000;0000;                                                       ;00000000;00000;0000;                                                       ;00000000;00000;0000;                                                       ;00000000;00000;0000;                                                       ;00000000;00000;0000;                                                       ;00000000;00000;0000;                                                       ;00000000;00000;0000;                                                       ;00000000;00000;
2406100033;08;09;9;325;99;Royuela de Río Franco                             ;99;99;00001;00000163;00000163;10000;00000093;05705;00000070;04294;00000001;00107;00000000;00000;0022;PP                                                     ;00000051;05483;0017;PSOE                                                   ;00000023;02473;0021;VOX                                                    ;00000008;00860;0042;AGRUPACIÓN DE ELECTORES "SE ACABÓ LA FIESTA"           ;00000004;00430;0025;PODEMOS                                                ;00000003;00322;0032;SUMAR                                                  ;00000003;00322;0001;IZQESP                                                 ;00000000;00000;0002;CEUS                                                   ;00000000;00000;0009;FO                                                     ;00000000;00000;0010;AHORA REPÚBLICAS (ERC-EH BILDU-BNG-ARA MÉS)            ;00000000;00000;0060;JUNTS UE                                               ;00000000;00000;0019;ANDALUCISTAS                                           ;00000000;00000;0020;IE                                                     ;00000000;00000;0023;ESCAÑOS EN BLANCO                                      ;00000000;00000;0024;CRT                                                    ;00000000;00000;0026;PFAC                                                   ;00000000;00000;0027;PCTE                                                   ;00000000;00000;0029;PCPE/PCPC                                              ;00000000;00000;0039;PACMA                                                  ;00000000;00000;0040;CREE EN EUROPA                                         ;00000000;00000;0041;PMR                                                    ;00000000;00000;0043;F                                                      ;00000000;00000;0072;EXISTE                                                 ;00000000;00000;0046;Cs                                                     ;00000000;00000;0047;FE de las JONS                                         ;00000000;00000;0048;SAE                                                    ;00000000;00000;0049;J.U.E.X.                                               ;00000000;00000;0050;PH                                                     ;00000000;00000;0051;VOLT                                                   ;00000000;00000;0052;RECORTES CERO                                          ;00000000;00000;0063;EXTREMEÑOS                                             ;00000000;00000;0064;GLG                                                    ;00000000;00000;0065;PIRATAS / REBELDES                                     ;00000000;00000;0070;PREPAL                                                 ;00000000;00000;0000;                                                       ;00000000;00000;0000;                                                       ;00000000;00000;0000;                                                       ;00000000;00000;0000;                                                       ;00000000;00000;0000;                                                       ;00000000;00000;0000;                                                       ;00000000;00000;0000;                                                       ;00000000;00000;0000;                                                       ;00000000;00000;0000;                                                       ;00000000;00000;0000;                                                       ;00000000;00000;0000;                                                       ;00000000;00000;0000;                                                       ;00000000;00000;0000;                                                       ;00000000;00000;0000;                                                       ;00000000;00000;0000;                                                       ;00000000;00000;0000;                                                       ;00000000;00000;0000;                                                       ;00000000;00000;0000;                                                       ;00000000;00000;0000;                                                       ;00000000;00000;0000;                                                       ;00000000;00000;0000;                                                       ;00000000;00000;0000;                                                       ;00000000;00000;0000;                                                       ;00000000;00000;0000;                                                       ;00000000;00000;0000;                                                       ;00000000;00000;0000;                                                       ;00000000;00000;0000;                                                       ;00000000;00000;0000;                                                       ;00000000;00000;0000;                                                       ;00000000;00000;0000;                                                       ;00000000;00000;0000;                                                       ;00000000;00000;0000;                                                       ;00000000;00000;0000;                                                       ;00000000;00000;0000;                                                       ;00000000;00000;0000;                                                       ;00000000;00000;0000;                                                       ;00000000;00000;0000;                                                       ;00000000;00000;0000;                                                       ;00000000;00000;0000;                                                       ;00000000;00000;0000;                                                       ;00000000;00000;0000;                                                       ;00000000;00000;0000;                                                       ;00000000;00000;0000;                                                       ;00000000;00000;0000;                                                       ;00000000;00000;0000;                                                       ;00000000;00000;0000;                                                       ;00000000;00000;
2406100033;08;09;9;326;99;Rubena                                            ;99;99;00001;00000166;00000166;10000;00000089;05361;00000077;04638;00000001;00113;00000001;00112;0022;PP                                                     ;00000035;03977;0017;PSOE                                                   ;00000027;03068;0021;VOX                                                    ;00000011;01250;0020;IE                                                     ;00000005;00568;0009;FO                                                     ;00000002;00227;0025;PODEMOS                                                ;00000002;00227;0042;AGRUPACIÓN DE ELECTORES "SE ACABÓ LA FIESTA"           ;00000002;00227;0026;PFAC                                                   ;00000001;00113;0039;PACMA                                                  ;00000001;00113;0064;GLG                                                    ;00000001;00113;0001;IZQESP                                                 ;00000000;00000;0002;CEUS                                                   ;00000000;00000;0010;AHORA REPÚBLICAS (ERC-EH BILDU-BNG-ARA MÉS)            ;00000000;00000;0060;JUNTS UE                                               ;00000000;00000;0019;ANDALUCISTAS                                           ;00000000;00000;0023;ESCAÑOS EN BLANCO                                      ;00000000;00000;0024;CRT                                                    ;00000000;00000;0027;PCTE                                                   ;00000000;00000;0029;PCPE/PCPC                                              ;00000000;00000;0032;SUMAR                                                  ;00000000;00000;0040;CREE EN EUROPA                                         ;00000000;00000;0041;PMR                                                    ;00000000;00000;0043;F                                                      ;00000000;00000;0072;EXISTE                                                 ;00000000;00000;0046;Cs                                                     ;00000000;00000;0047;FE de las JONS                                         ;00000000;00000;0048;SAE                                                    ;00000000;00000;0049;J.U.E.X.                                               ;00000000;00000;0050;PH                                                     ;00000000;00000;0051;VOLT                                                   ;00000000;00000;0052;RECORTES CERO                                          ;00000000;00000;0063;EXTREMEÑOS                                             ;00000000;00000;0065;PIRATAS / REBELDES                                     ;00000000;00000;0070;PREPAL                                                 ;00000000;00000;0000;                                                       ;00000000;00000;0000;                                                       ;00000000;00000;0000;                                                       ;00000000;00000;0000;                                                       ;00000000;00000;0000;                                                       ;00000000;00000;0000;                                                       ;00000000;00000;0000;                                                       ;00000000;00000;0000;                                                       ;00000000;00000;0000;                                                       ;00000000;00000;0000;                                                       ;00000000;00000;0000;                                                       ;00000000;00000;0000;                                                       ;00000000;00000;0000;                                                       ;00000000;00000;0000;                                                       ;00000000;00000;0000;                                                       ;00000000;00000;0000;                                                       ;00000000;00000;0000;                                                       ;00000000;00000;0000;                                                       ;00000000;00000;0000;                                                       ;00000000;00000;0000;                                                       ;00000000;00000;0000;                                                       ;00000000;00000;0000;                                                       ;00000000;00000;0000;                                                       ;00000000;00000;0000;                                                       ;00000000;00000;0000;                                                       ;00000000;00000;0000;                                                       ;00000000;00000;0000;                                                       ;00000000;00000;0000;                                                       ;00000000;00000;0000;                                                       ;00000000;00000;0000;                                                       ;00000000;00000;0000;                                                       ;00000000;00000;0000;                                                       ;00000000;00000;0000;                                                       ;00000000;00000;0000;                                                       ;00000000;00000;0000;                                                       ;00000000;00000;0000;                                                       ;00000000;00000;0000;                                                       ;00000000;00000;0000;                                                       ;00000000;00000;0000;                                                       ;00000000;00000;0000;                                                       ;00000000;00000;0000;                                                       ;00000000;00000;0000;                                                       ;00000000;00000;0000;                                                       ;00000000;00000;0000;                                                       ;00000000;00000;0000;                                                       ;00000000;00000;0000;                                                       ;00000000;00000;
2406100033;08;09;9;327;99;Rublacedo de Abajo                                ;99;99;00001;00000027;00000027;10000;00000021;07777;00000006;02222;00000000;00000;00000000;00000;0022;PP                                                     ;00000008;03809;0017;PSOE                                                   ;00000006;02857;0021;VOX                                                    ;00000003;01428;0039;PACMA                                                  ;00000002;00952;0029;PCPE/PCPC                                              ;00000001;00476;0042;AGRUPACIÓN DE ELECTORES "SE ACABÓ LA FIESTA"           ;00000001;00476;0001;IZQESP                                                 ;00000000;00000;0002;CEUS                                                   ;00000000;00000;0009;FO                                                     ;00000000;00000;0010;AHORA REPÚBLICAS (ERC-EH BILDU-BNG-ARA MÉS)            ;00000000;00000;0060;JUNTS UE                                               ;00000000;00000;0019;ANDALUCISTAS                                           ;00000000;00000;0020;IE                                                     ;00000000;00000;0023;ESCAÑOS EN BLANCO                                      ;00000000;00000;0024;CRT                                                    ;00000000;00000;0025;PODEMOS                                                ;00000000;00000;0026;PFAC                                                   ;00000000;00000;0027;PCTE                                                   ;00000000;00000;0032;SUMAR                                                  ;00000000;00000;0040;CREE EN EUROPA                                         ;00000000;00000;0041;PMR                                                    ;00000000;00000;0043;F                                                      ;00000000;00000;0072;EXISTE                                                 ;00000000;00000;0046;Cs                                                     ;00000000;00000;0047;FE de las JONS                                         ;00000000;00000;0048;SAE                                                    ;00000000;00000;0049;J.U.E.X.                                               ;00000000;00000;0050;PH                                                     ;00000000;00000;0051;VOLT                                                   ;00000000;00000;0052;RECORTES CERO                                          ;00000000;00000;0063;EXTREMEÑOS                                             ;00000000;00000;0064;GLG                                                    ;00000000;00000;0065;PIRATAS / REBELDES                                     ;00000000;00000;0070;PREPAL                                                 ;00000000;00000;0000;                                                       ;00000000;00000;0000;                                                       ;00000000;00000;0000;                                                       ;00000000;00000;0000;                                                       ;00000000;00000;0000;                                                       ;00000000;00000;0000;                                                       ;00000000;00000;0000;                                                       ;00000000;00000;0000;                                                       ;00000000;00000;0000;                                                       ;00000000;00000;0000;                                                       ;00000000;00000;0000;                                                       ;00000000;00000;0000;                                                       ;00000000;00000;0000;                                                       ;00000000;00000;0000;                                                       ;00000000;00000;0000;                                                       ;00000000;00000;0000;                                                       ;00000000;00000;0000;                                                       ;00000000;00000;0000;                                                       ;00000000;00000;0000;                                                       ;00000000;00000;0000;                                                       ;00000000;00000;0000;                                                       ;00000000;00000;0000;                                                       ;00000000;00000;0000;                                                       ;00000000;00000;0000;                                                       ;00000000;00000;0000;                                                       ;00000000;00000;0000;                                                       ;00000000;00000;0000;                                                       ;00000000;00000;0000;                                                       ;00000000;00000;0000;                                                       ;00000000;00000;0000;                                                       ;00000000;00000;0000;                                                       ;00000000;00000;0000;                                                       ;00000000;00000;0000;                                                       ;00000000;00000;0000;                                                       ;00000000;00000;0000;                                                       ;00000000;00000;0000;                                                       ;00000000;00000;0000;                                                       ;00000000;00000;0000;                                                       ;00000000;00000;0000;                                                       ;00000000;00000;0000;                                                       ;00000000;00000;0000;                                                       ;00000000;00000;0000;                                                       ;00000000;00000;0000;                                                       ;00000000;00000;0000;                                                       ;00000000;00000;0000;                                                       ;00000000;00000;0000;                                                       ;00000000;00000;
2406100033;08;09;9;328;99;Rucandio                                          ;99;99;00001;00000072;00000072;10000;00000037;05138;00000035;04861;00000001;00277;00000001;00270;0022;PP                                                     ;00000016;04444;0017;PSOE                                                   ;00000014;03888;0032;SUMAR                                                  ;00000002;00555;0009;FO                                                     ;00000001;00277;0042;AGRUPACIÓN DE ELECTORES "SE ACABÓ LA FIESTA"           ;00000001;00277;0051;VOLT                                                   ;00000001;00277;0001;IZQESP                                                 ;00000000;00000;0002;CEUS                                                   ;00000000;00000;0010;AHORA REPÚBLICAS (ERC-EH BILDU-BNG-ARA MÉS)            ;00000000;00000;0060;JUNTS UE                                               ;00000000;00000;0019;ANDALUCISTAS                                           ;00000000;00000;0020;IE                                                     ;00000000;00000;0021;VOX                                                    ;00000000;00000;0023;ESCAÑOS EN BLANCO                                      ;00000000;00000;0024;CRT                                                    ;00000000;00000;0025;PODEMOS                                                ;00000000;00000;0026;PFAC                                                   ;00000000;00000;0027;PCTE                                                   ;00000000;00000;0029;PCPE/PCPC                                              ;00000000;00000;0039;PACMA                                                  ;00000000;00000;0040;CREE EN EUROPA                                         ;00000000;00000;0041;PMR                                                    ;00000000;00000;0043;F                                                      ;00000000;00000;0072;EXISTE                                                 ;00000000;00000;0046;Cs                                                     ;00000000;00000;0047;FE de las JONS                                         ;00000000;00000;0048;SAE                                                    ;00000000;00000;0049;J.U.E.X.                                               ;00000000;00000;0050;PH                                                     ;00000000;00000;0052;RECORTES CERO                                          ;00000000;00000;0063;EXTREMEÑOS                                             ;00000000;00000;0064;GLG                                                    ;00000000;00000;0065;PIRATAS / REBELDES                                     ;00000000;00000;0070;PREPAL                                                 ;00000000;00000;0000;                                                       ;00000000;00000;0000;                                                       ;00000000;00000;0000;                                                       ;00000000;00000;0000;                                                       ;00000000;00000;0000;                                                       ;00000000;00000;0000;                                                       ;00000000;00000;0000;                                                       ;00000000;00000;0000;                                                       ;00000000;00000;0000;                                                       ;00000000;00000;0000;                                                       ;00000000;00000;0000;                                                       ;00000000;00000;0000;                                                       ;00000000;00000;0000;                                                       ;00000000;00000;0000;                                                       ;00000000;00000;0000;                                                       ;00000000;00000;0000;                                                       ;00000000;00000;0000;                                                       ;00000000;00000;0000;                                                       ;00000000;00000;0000;                                                       ;00000000;00000;0000;                                                       ;00000000;00000;0000;                                                       ;00000000;00000;0000;                                                       ;00000000;00000;0000;                                                       ;00000000;00000;0000;                                                       ;00000000;00000;0000;                                                       ;00000000;00000;0000;                                                       ;00000000;00000;0000;                                                       ;00000000;00000;0000;                                                       ;00000000;00000;0000;                                                       ;00000000;00000;0000;                                                       ;00000000;00000;0000;                                                       ;00000000;00000;0000;                                                       ;00000000;00000;0000;                                                       ;00000000;00000;0000;                                                       ;00000000;00000;0000;                                                       ;00000000;00000;0000;                                                       ;00000000;00000;0000;                                                       ;00000000;00000;0000;                                                       ;00000000;00000;0000;                                                       ;00000000;00000;0000;                                                       ;00000000;00000;0000;                                                       ;00000000;00000;0000;                                                       ;00000000;00000;0000;                                                       ;00000000;00000;0000;                                                       ;00000000;00000;0000;                                                       ;00000000;00000;0000;                                                       ;00000000;00000;
2406100033;08;09;9;329;99;Salas de Bureba                                   ;99;99;00001;00000110;00000110;10000;00000062;05636;00000048;04363;00000002;00327;00000001;00161;0017;PSOE                                                   ;00000025;04098;0022;PP                                                     ;00000015;02459;0032;SUMAR                                                  ;00000005;00819;0042;AGRUPACIÓN DE ELECTORES "SE ACABÓ LA FIESTA"           ;00000004;00655;0021;VOX                                                    ;00000003;00491;0025;PODEMOS                                                ;00000003;00491;0009;FO                                                     ;00000001;00163;0039;PACMA                                                  ;00000001;00163;0041;PMR                                                    ;00000001;00163;0046;Cs                                                     ;00000001;00163;0001;IZQESP                                                 ;00000000;00000;0002;CEUS                                                   ;00000000;00000;0010;AHORA REPÚBLICAS (ERC-EH BILDU-BNG-ARA MÉS)            ;00000000;00000;0060;JUNTS UE                                               ;00000000;00000;0019;ANDALUCISTAS                                           ;00000000;00000;0020;IE                                                     ;00000000;00000;0023;ESCAÑOS EN BLANCO                                      ;00000000;00000;0024;CRT                                                    ;00000000;00000;0026;PFAC                                                   ;00000000;00000;0027;PCTE                                                   ;00000000;00000;0029;PCPE/PCPC                                              ;00000000;00000;0040;CREE EN EUROPA                                         ;00000000;00000;0043;F                                                      ;00000000;00000;0072;EXISTE                                                 ;00000000;00000;0047;FE de las JONS                                         ;00000000;00000;0048;SAE                                                    ;00000000;00000;0049;J.U.E.X.                                               ;00000000;00000;0050;PH                                                     ;00000000;00000;0051;VOLT                                                   ;00000000;00000;0052;RECORTES CERO                                          ;00000000;00000;0063;EXTREMEÑOS                                             ;00000000;00000;0064;GLG                                                    ;00000000;00000;0065;PIRATAS / REBELDES                                     ;00000000;00000;0070;PREPAL                                                 ;00000000;00000;0000;                                                       ;00000000;00000;0000;                                                       ;00000000;00000;0000;                                                       ;00000000;00000;0000;                                                       ;00000000;00000;0000;                                                       ;00000000;00000;0000;                                                       ;00000000;00000;0000;                                                       ;00000000;00000;0000;                                                       ;00000000;00000;0000;                                                       ;00000000;00000;0000;                                                       ;00000000;00000;0000;                                                       ;00000000;00000;0000;                                                       ;00000000;00000;0000;                                                       ;00000000;00000;0000;                                                       ;00000000;00000;0000;                                                       ;00000000;00000;0000;                                                       ;00000000;00000;0000;                                                       ;00000000;00000;0000;                                                       ;00000000;00000;0000;                                                       ;00000000;00000;0000;                                                       ;00000000;00000;0000;                                                       ;00000000;00000;0000;                                                       ;00000000;00000;0000;                                                       ;00000000;00000;0000;                                                       ;00000000;00000;0000;                                                       ;00000000;00000;0000;                                                       ;00000000;00000;0000;                                                       ;00000000;00000;0000;                                                       ;00000000;00000;0000;                                                       ;00000000;00000;0000;                                                       ;00000000;00000;0000;                                                       ;00000000;00000;0000;                                                       ;00000000;00000;0000;                                                       ;00000000;00000;0000;                                                       ;00000000;00000;0000;                                                       ;00000000;00000;0000;                                                       ;00000000;00000;0000;                                                       ;00000000;00000;0000;                                                       ;00000000;00000;0000;                                                       ;00000000;00000;0000;                                                       ;00000000;00000;0000;                                                       ;00000000;00000;0000;                                                       ;00000000;00000;0000;                                                       ;00000000;00000;0000;                                                       ;00000000;00000;0000;                                                       ;00000000;00000;0000;                                                       ;00000000;00000;
2406100033;08;09;9;330;99;Salas de los Infantes                             ;99;99;00003;00001452;00001452;10000;00000844;05812;00000608;04187;00000009;00108;00000012;00142;0022;PP                                                     ;00000372;04471;0017;PSOE                                                   ;00000265;03185;0021;VOX                                                    ;00000075;00901;0025;PODEMOS                                                ;00000032;00384;0032;SUMAR                                                  ;00000029;00348;0042;AGRUPACIÓN DE ELECTORES "SE ACABÓ LA FIESTA"           ;00000018;00216;0046;Cs                                                     ;00000013;00156;0009;FO                                                     ;00000003;00036;0001;IZQESP                                                 ;00000002;00024;0010;AHORA REPÚBLICAS (ERC-EH BILDU-BNG-ARA MÉS)            ;00000002;00024;0023;ESCAÑOS EN BLANCO                                      ;00000002;00024;0039;PACMA                                                  ;00000002;00024;0072;EXISTE                                                 ;00000002;00024;0051;VOLT                                                   ;00000002;00024;0026;PFAC                                                   ;00000001;00012;0027;PCTE                                                   ;00000001;00012;0049;J.U.E.X.                                               ;00000001;00012;0064;GLG                                                    ;00000001;00012;0002;CEUS                                                   ;00000000;00000;0060;JUNTS UE                                               ;00000000;00000;0019;ANDALUCISTAS                                           ;00000000;00000;0020;IE                                                     ;00000000;00000;0024;CRT                                                    ;00000000;00000;0029;PCPE/PCPC                                              ;00000000;00000;0040;CREE EN EUROPA                                         ;00000000;00000;0041;PMR                                                    ;00000000;00000;0043;F                                                      ;00000000;00000;0047;FE de las JONS                                         ;00000000;00000;0048;SAE                                                    ;00000000;00000;0050;PH                                                     ;00000000;00000;0052;RECORTES CERO                                          ;00000000;00000;0063;EXTREMEÑOS                                             ;00000000;00000;0065;PIRATAS / REBELDES                                     ;00000000;00000;0070;PREPAL                                                 ;00000000;00000;0000;                                                       ;00000000;00000;0000;                                                       ;00000000;00000;0000;                                                       ;00000000;00000;0000;                                                       ;00000000;00000;0000;                                                       ;00000000;00000;0000;                                                       ;00000000;00000;0000;                                                       ;00000000;00000;0000;                                                       ;00000000;00000;0000;                                                       ;00000000;00000;0000;                                                       ;00000000;00000;0000;                                                       ;00000000;00000;0000;                                                       ;00000000;00000;0000;                                                       ;00000000;00000;0000;                                                       ;00000000;00000;0000;                                                       ;00000000;00000;0000;                                                       ;00000000;00000;0000;                                                       ;00000000;00000;0000;                                                       ;00000000;00000;0000;                                                       ;00000000;00000;0000;                                                       ;00000000;00000;0000;                                                       ;00000000;00000;0000;                                                       ;00000000;00000;0000;                                                       ;00000000;00000;0000;                                                       ;00000000;00000;0000;                                                       ;00000000;00000;0000;                                                       ;00000000;00000;0000;                                                       ;00000000;00000;0000;                                                       ;00000000;00000;0000;                                                       ;00000000;00000;0000;                                                       ;00000000;00000;0000;                                                       ;00000000;00000;0000;                                                       ;00000000;00000;0000;                                                       ;00000000;00000;0000;                                                       ;00000000;00000;0000;                                                       ;00000000;00000;0000;                                                       ;00000000;00000;0000;                                                       ;00000000;00000;0000;                                                       ;00000000;00000;0000;                                                       ;00000000;00000;0000;                                                       ;00000000;00000;0000;                                                       ;00000000;00000;0000;                                                       ;00000000;00000;0000;                                                       ;00000000;00000;0000;                                                       ;00000000;00000;0000;                                                       ;00000000;00000;0000;                                                       ;00000000;00000;
2406100033;08;09;9;332;99;Saldaña de Burgos                                 ;99;99;00001;00000150;00000150;10000;00000084;05600;00000066;04400;00000003;00357;00000000;00000;0022;PP                                                     ;00000038;04523;0017;PSOE                                                   ;00000015;01785;0021;VOX                                                    ;00000008;00952;0042;AGRUPACIÓN DE ELECTORES "SE ACABÓ LA FIESTA"           ;00000007;00833;0032;SUMAR                                                  ;00000004;00476;0046;Cs                                                     ;00000003;00357;0024;CRT                                                    ;00000002;00238;0010;AHORA REPÚBLICAS (ERC-EH BILDU-BNG-ARA MÉS)            ;00000001;00119;0020;IE                                                     ;00000001;00119;0029;PCPE/PCPC                                              ;00000001;00119;0040;CREE EN EUROPA                                         ;00000001;00119;0001;IZQESP                                                 ;00000000;00000;0002;CEUS                                                   ;00000000;00000;0009;FO                                                     ;00000000;00000;0060;JUNTS UE                                               ;00000000;00000;0019;ANDALUCISTAS                                           ;00000000;00000;0023;ESCAÑOS EN BLANCO                                      ;00000000;00000;0025;PODEMOS                                                ;00000000;00000;0026;PFAC                                                   ;00000000;00000;0027;PCTE                                                   ;00000000;00000;0039;PACMA                                                  ;00000000;00000;0041;PMR                                                    ;00000000;00000;0043;F                                                      ;00000000;00000;0072;EXISTE                                                 ;00000000;00000;0047;FE de las JONS                                         ;00000000;00000;0048;SAE                                                    ;00000000;00000;0049;J.U.E.X.                                               ;00000000;00000;0050;PH                                                     ;00000000;00000;0051;VOLT                                                   ;00000000;00000;0052;RECORTES CERO                                          ;00000000;00000;0063;EXTREMEÑOS                                             ;00000000;00000;0064;GLG                                                    ;00000000;00000;0065;PIRATAS / REBELDES                                     ;00000000;00000;0070;PREPAL                                                 ;00000000;00000;0000;                                                       ;00000000;00000;0000;                                                       ;00000000;00000;0000;                                                       ;00000000;00000;0000;                                                       ;00000000;00000;0000;                                                       ;00000000;00000;0000;                                                       ;00000000;00000;0000;                                                       ;00000000;00000;0000;                                                       ;00000000;00000;0000;                                                       ;00000000;00000;0000;                                                       ;00000000;00000;0000;                                                       ;00000000;00000;0000;                                                       ;00000000;00000;0000;                                                       ;00000000;00000;0000;                                                       ;00000000;00000;0000;                                                       ;00000000;00000;0000;                                                       ;00000000;00000;0000;                                                       ;00000000;00000;0000;                                                       ;00000000;00000;0000;                                                       ;00000000;00000;0000;                                                       ;00000000;00000;0000;                                                       ;00000000;00000;0000;                                                       ;00000000;00000;0000;                                                       ;00000000;00000;0000;                                                       ;00000000;00000;0000;                                                       ;00000000;00000;0000;                                                       ;00000000;00000;0000;                                                       ;00000000;00000;0000;                                                       ;00000000;00000;0000;                                                       ;00000000;00000;0000;                                                       ;00000000;00000;0000;                                                       ;00000000;00000;0000;                                                       ;00000000;00000;0000;                                                       ;00000000;00000;0000;                                                       ;00000000;00000;0000;                                                       ;00000000;00000;0000;                                                       ;00000000;00000;0000;                                                       ;00000000;00000;0000;                                                       ;00000000;00000;0000;                                                       ;00000000;00000;0000;                                                       ;00000000;00000;0000;                                                       ;00000000;00000;0000;                                                       ;00000000;00000;0000;                                                       ;00000000;00000;0000;                                                       ;00000000;00000;0000;                                                       ;00000000;00000;0000;                                                       ;00000000;00000;
2406100033;08;09;9;334;99;Salinillas de Bureba                              ;99;99;00001;00000046;00000046;10000;00000029;06304;00000017;03695;00000000;00000;00000000;00000;0022;PP                                                     ;00000009;03103;0017;PSOE                                                   ;00000007;02413;0021;VOX                                                    ;00000007;02413;0032;SUMAR                                                  ;00000002;00689;0042;AGRUPACIÓN DE ELECTORES "SE ACABÓ LA FIESTA"           ;00000002;00689;0039;PACMA                                                  ;00000001;00344;0046;Cs                                                     ;00000001;00344;0001;IZQESP                                                 ;00000000;00000;0002;CEUS                                                   ;00000000;00000;0009;FO                                                     ;00000000;00000;0010;AHORA REPÚBLICAS (ERC-EH BILDU-BNG-ARA MÉS)            ;00000000;00000;0060;JUNTS UE                                               ;00000000;00000;0019;ANDALUCISTAS                                           ;00000000;00000;0020;IE                                                     ;00000000;00000;0023;ESCAÑOS EN BLANCO                                      ;00000000;00000;0024;CRT                                                    ;00000000;00000;0025;PODEMOS                                                ;00000000;00000;0026;PFAC                                                   ;00000000;00000;0027;PCTE                                                   ;00000000;00000;0029;PCPE/PCPC                                              ;00000000;00000;0040;CREE EN EUROPA                                         ;00000000;00000;0041;PMR                                                    ;00000000;00000;0043;F                                                      ;00000000;00000;0072;EXISTE                                                 ;00000000;00000;0047;FE de las JONS                                         ;00000000;00000;0048;SAE                                                    ;00000000;00000;0049;J.U.E.X.                                               ;00000000;00000;0050;PH                                                     ;00000000;00000;0051;VOLT                                                   ;00000000;00000;0052;RECORTES CERO                                          ;00000000;00000;0063;EXTREMEÑOS                                             ;00000000;00000;0064;GLG                                                    ;00000000;00000;0065;PIRATAS / REBELDES                                     ;00000000;00000;0070;PREPAL                                                 ;00000000;00000;0000;                                                       ;00000000;00000;0000;                                                       ;00000000;00000;0000;                                                       ;00000000;00000;0000;                                                       ;00000000;00000;0000;                                                       ;00000000;00000;0000;                                                       ;00000000;00000;0000;                                                       ;00000000;00000;0000;                                                       ;00000000;00000;0000;                                                       ;00000000;00000;0000;                                                       ;00000000;00000;0000;                                                       ;00000000;00000;0000;                                                       ;00000000;00000;0000;                                                       ;00000000;00000;0000;                                                       ;00000000;00000;0000;                                                       ;00000000;00000;0000;                                                       ;00000000;00000;0000;                                                       ;00000000;00000;0000;                                                       ;00000000;00000;0000;                                                       ;00000000;00000;0000;                                                       ;00000000;00000;0000;                                                       ;00000000;00000;0000;                                                       ;00000000;00000;0000;                                                       ;00000000;00000;0000;                                                       ;00000000;00000;0000;                                                       ;00000000;00000;0000;                                                       ;00000000;00000;0000;                                                       ;00000000;00000;0000;                                                       ;00000000;00000;0000;                                                       ;00000000;00000;0000;                                                       ;00000000;00000;0000;                                                       ;00000000;00000;0000;                                                       ;00000000;00000;0000;                                                       ;00000000;00000;0000;                                                       ;00000000;00000;0000;                                                       ;00000000;00000;0000;                                                       ;00000000;00000;0000;                                                       ;00000000;00000;0000;                                                       ;00000000;00000;0000;                                                       ;00000000;00000;0000;                                                       ;00000000;00000;0000;                                                       ;00000000;00000;0000;                                                       ;00000000;00000;0000;                                                       ;00000000;00000;0000;                                                       ;00000000;00000;0000;                                                       ;00000000;00000;0000;                                                       ;00000000;00000;
2406100033;08;09;9;335;99;San Adrián de Juarros                             ;99;99;00001;00000084;00000084;10000;00000053;06309;00000031;03690;00000000;00000;00000000;00000;0022;PP                                                     ;00000020;03773;0017;PSOE                                                   ;00000016;03018;0042;AGRUPACIÓN DE ELECTORES "SE ACABÓ LA FIESTA"           ;00000004;00754;0032;SUMAR                                                  ;00000003;00566;0039;PACMA                                                  ;00000003;00566;0021;VOX                                                    ;00000002;00377;0025;PODEMOS                                                ;00000002;00377;0072;EXISTE                                                 ;00000001;00188;0046;Cs                                                     ;00000001;00188;0065;PIRATAS / REBELDES                                     ;00000001;00188;0001;IZQESP                                                 ;00000000;00000;0002;CEUS                                                   ;00000000;00000;0009;FO                                                     ;00000000;00000;0010;AHORA REPÚBLICAS (ERC-EH BILDU-BNG-ARA MÉS)            ;00000000;00000;0060;JUNTS UE                                               ;00000000;00000;0019;ANDALUCISTAS                                           ;00000000;00000;0020;IE                                                     ;00000000;00000;0023;ESCAÑOS EN BLANCO                                      ;00000000;00000;0024;CRT                                                    ;00000000;00000;0026;PFAC                                                   ;00000000;00000;0027;PCTE                                                   ;00000000;00000;0029;PCPE/PCPC                                              ;00000000;00000;0040;CREE EN EUROPA                                         ;00000000;00000;0041;PMR                                                    ;00000000;00000;0043;F                                                      ;00000000;00000;0047;FE de las JONS                                         ;00000000;00000;0048;SAE                                                    ;00000000;00000;0049;J.U.E.X.                                               ;00000000;00000;0050;PH                                                     ;00000000;00000;0051;VOLT                                                   ;00000000;00000;0052;RECORTES CERO                                          ;00000000;00000;0063;EXTREMEÑOS                                             ;00000000;00000;0064;GLG                                                    ;00000000;00000;0070;PREPAL                                                 ;00000000;00000;0000;                                                       ;00000000;00000;0000;                                                       ;00000000;00000;0000;                                                       ;00000000;00000;0000;                                                       ;00000000;00000;0000;                                                       ;00000000;00000;0000;                                                       ;00000000;00000;0000;                                                       ;00000000;00000;0000;                                                       ;00000000;00000;0000;                                                       ;00000000;00000;0000;                                                       ;00000000;00000;0000;                                                       ;00000000;00000;0000;                                                       ;00000000;00000;0000;                                                       ;00000000;00000;0000;                                                       ;00000000;00000;0000;                                                       ;00000000;00000;0000;                                                       ;00000000;00000;0000;                                                       ;00000000;00000;0000;                                                       ;00000000;00000;0000;                                                       ;00000000;00000;0000;                                                       ;00000000;00000;0000;                                                       ;00000000;00000;0000;                                                       ;00000000;00000;0000;                                                       ;00000000;00000;0000;                                                       ;00000000;00000;0000;                                                       ;00000000;00000;0000;                                                       ;00000000;00000;0000;                                                       ;00000000;00000;0000;                                                       ;00000000;00000;0000;                                                       ;00000000;00000;0000;                                                       ;00000000;00000;0000;                                                       ;00000000;00000;0000;                                                       ;00000000;00000;0000;                                                       ;00000000;00000;0000;                                                       ;00000000;00000;0000;                                                       ;00000000;00000;0000;                                                       ;00000000;00000;0000;                                                       ;00000000;00000;0000;                                                       ;00000000;00000;0000;                                                       ;00000000;00000;0000;                                                       ;00000000;00000;0000;                                                       ;00000000;00000;0000;                                                       ;00000000;00000;0000;                                                       ;00000000;00000;0000;                                                       ;00000000;00000;0000;                                                       ;00000000;00000;0000;                                                       ;00000000;00000;
2406100033;08;09;9;337;99;San Juan del Monte                                ;99;99;00001;00000112;00000112;10000;00000054;04821;00000058;05178;00000000;00000;00000000;00000;0022;PP                                                     ;00000020;03703;0017;PSOE                                                   ;00000019;03518;0021;VOX                                                    ;00000004;00740;0032;SUMAR                                                  ;00000004;00740;0025;PODEMOS                                                ;00000002;00370;0039;PACMA                                                  ;00000002;00370;0009;FO                                                     ;00000001;00185;0042;AGRUPACIÓN DE ELECTORES "SE ACABÓ LA FIESTA"           ;00000001;00185;0072;EXISTE                                                 ;00000001;00185;0001;IZQESP                                                 ;00000000;00000;0002;CEUS                                                   ;00000000;00000;0010;AHORA REPÚBLICAS (ERC-EH BILDU-BNG-ARA MÉS)            ;00000000;00000;0060;JUNTS UE                                               ;00000000;00000;0019;ANDALUCISTAS                                           ;00000000;00000;0020;IE                                                     ;00000000;00000;0023;ESCAÑOS EN BLANCO                                      ;00000000;00000;0024;CRT                                                    ;00000000;00000;0026;PFAC                                                   ;00000000;00000;0027;PCTE                                                   ;00000000;00000;0029;PCPE/PCPC                                              ;00000000;00000;0040;CREE EN EUROPA                                         ;00000000;00000;0041;PMR                                                    ;00000000;00000;0043;F                                                      ;00000000;00000;0046;Cs                                                     ;00000000;00000;0047;FE de las JONS                                         ;00000000;00000;0048;SAE                                                    ;00000000;00000;0049;J.U.E.X.                                               ;00000000;00000;0050;PH                                                     ;00000000;00000;0051;VOLT                                                   ;00000000;00000;0052;RECORTES CERO                                          ;00000000;00000;0063;EXTREMEÑOS                                             ;00000000;00000;0064;GLG                                                    ;00000000;00000;0065;PIRATAS / REBELDES                                     ;00000000;00000;0070;PREPAL                                                 ;00000000;00000;0000;                                                       ;00000000;00000;0000;                                                       ;00000000;00000;0000;                                                       ;00000000;00000;0000;                                                       ;00000000;00000;0000;                                                       ;00000000;00000;0000;                                                       ;00000000;00000;0000;                                                       ;00000000;00000;0000;                                                       ;00000000;00000;0000;                                                       ;00000000;00000;0000;                                                       ;00000000;00000;0000;                                                       ;00000000;00000;0000;                                                       ;00000000;00000;0000;                                                       ;00000000;00000;0000;                                                       ;00000000;00000;0000;                                                       ;00000000;00000;0000;                                                       ;00000000;00000;0000;                                                       ;00000000;00000;0000;                                                       ;00000000;00000;0000;                                                       ;00000000;00000;0000;                                                       ;00000000;00000;0000;                                                       ;00000000;00000;0000;                                                       ;00000000;00000;0000;                                                       ;00000000;00000;0000;                                                       ;00000000;00000;0000;                                                       ;00000000;00000;0000;                                                       ;00000000;00000;0000;                                                       ;00000000;00000;0000;                                                       ;00000000;00000;0000;                                                       ;00000000;00000;0000;                                                       ;00000000;00000;0000;                                                       ;00000000;00000;0000;                                                       ;00000000;00000;0000;                                                       ;00000000;00000;0000;                                                       ;00000000;00000;0000;                                                       ;00000000;00000;0000;                                                       ;00000000;00000;0000;                                                       ;00000000;00000;0000;                                                       ;00000000;00000;0000;                                                       ;00000000;00000;0000;                                                       ;00000000;00000;0000;                                                       ;00000000;00000;0000;                                                       ;00000000;00000;0000;                                                       ;00000000;00000;0000;                                                       ;00000000;00000;0000;                                                       ;00000000;00000;0000;                                                       ;00000000;00000;
2406100033;08;09;9;338;99;San Mamés de Burgos                               ;99;99;00001;00000258;00000258;10000;00000144;05581;00000114;04418;00000003;00209;00000001;00069;0022;PP                                                     ;00000063;04405;0017;PSOE                                                   ;00000042;02937;0021;VOX                                                    ;00000020;01398;0042;AGRUPACIÓN DE ELECTORES "SE ACABÓ LA FIESTA"           ;00000006;00419;0039;PACMA                                                  ;00000003;00209;0032;SUMAR                                                  ;00000002;00139;0009;FO                                                     ;00000001;00069;0025;PODEMOS                                                ;00000001;00069;0029;PCPE/PCPC                                              ;00000001;00069;0048;SAE                                                    ;00000001;00069;0001;IZQESP                                                 ;00000000;00000;0002;CEUS                                                   ;00000000;00000;0010;AHORA REPÚBLICAS (ERC-EH BILDU-BNG-ARA MÉS)            ;00000000;00000;0060;JUNTS UE                                               ;00000000;00000;0019;ANDALUCISTAS                                           ;00000000;00000;0020;IE                                                     ;00000000;00000;0023;ESCAÑOS EN BLANCO                                      ;00000000;00000;0024;CRT                                                    ;00000000;00000;0026;PFAC                                                   ;00000000;00000;0027;PCTE                                                   ;00000000;00000;0040;CREE EN EUROPA                                         ;00000000;00000;0041;PMR                                                    ;00000000;00000;0043;F                                                      ;00000000;00000;0072;EXISTE                                                 ;00000000;00000;0046;Cs                                                     ;00000000;00000;0047;FE de las JONS                                         ;00000000;00000;0049;J.U.E.X.                                               ;00000000;00000;0050;PH                                                     ;00000000;00000;0051;VOLT                                                   ;00000000;00000;0052;RECORTES CERO                                          ;00000000;00000;0063;EXTREMEÑOS                                             ;00000000;00000;0064;GLG                                                    ;00000000;00000;0065;PIRATAS / REBELDES                                     ;00000000;00000;0070;PREPAL                                                 ;00000000;00000;0000;                                                       ;00000000;00000;0000;                                                       ;00000000;00000;0000;                                                       ;00000000;00000;0000;                                                       ;00000000;00000;0000;                                                       ;00000000;00000;0000;                                                       ;00000000;00000;0000;                                                       ;00000000;00000;0000;                                                       ;00000000;00000;0000;                                                       ;00000000;00000;0000;                                                       ;00000000;00000;0000;                                                       ;00000000;00000;0000;                                                       ;00000000;00000;0000;                                                       ;00000000;00000;0000;                                                       ;00000000;00000;0000;                                                       ;00000000;00000;0000;                                                       ;00000000;00000;0000;                                                       ;00000000;00000;0000;                                                       ;00000000;00000;0000;                                                       ;00000000;00000;0000;                                                       ;00000000;00000;0000;                                                       ;00000000;00000;0000;                                                       ;00000000;00000;0000;                                                       ;00000000;00000;0000;                                                       ;00000000;00000;0000;                                                       ;00000000;00000;0000;                                                       ;00000000;00000;0000;                                                       ;00000000;00000;0000;                                                       ;00000000;00000;0000;                                                       ;00000000;00000;0000;                                                       ;00000000;00000;0000;                                                       ;00000000;00000;0000;                                                       ;00000000;00000;0000;                                                       ;00000000;00000;0000;                                                       ;00000000;00000;0000;                                                       ;00000000;00000;0000;                                                       ;00000000;00000;0000;                                                       ;00000000;00000;0000;                                                       ;00000000;00000;0000;                                                       ;00000000;00000;0000;                                                       ;00000000;00000;0000;                                                       ;00000000;00000;0000;                                                       ;00000000;00000;0000;                                                       ;00000000;00000;0000;                                                       ;00000000;00000;0000;                                                       ;00000000;00000;0000;                                                       ;00000000;00000;
2406100033;08;09;9;339;99;San Martín de Rubiales                            ;99;99;00001;00000108;00000108;10000;00000084;07777;00000024;02222;00000003;00361;00000001;00119;0022;PP                                                     ;00000042;05060;0017;PSOE                                                   ;00000022;02650;0021;VOX                                                    ;00000007;00843;0032;SUMAR                                                  ;00000004;00481;0025;PODEMOS                                                ;00000002;00240;0001;IZQESP                                                 ;00000001;00120;0042;AGRUPACIÓN DE ELECTORES "SE ACABÓ LA FIESTA"           ;00000001;00120;0046;Cs                                                     ;00000001;00120;0002;CEUS                                                   ;00000000;00000;0009;FO                                                     ;00000000;00000;0010;AHORA REPÚBLICAS (ERC-EH BILDU-BNG-ARA MÉS)            ;00000000;00000;0060;JUNTS UE                                               ;00000000;00000;0019;ANDALUCISTAS                                           ;00000000;00000;0020;IE                                                     ;00000000;00000;0023;ESCAÑOS EN BLANCO                                      ;00000000;00000;0024;CRT                                                    ;00000000;00000;0026;PFAC                                                   ;00000000;00000;0027;PCTE                                                   ;00000000;00000;0029;PCPE/PCPC                                              ;00000000;00000;0039;PACMA                                                  ;00000000;00000;0040;CREE EN EUROPA                                         ;00000000;00000;0041;PMR                                                    ;00000000;00000;0043;F                                                      ;00000000;00000;0072;EXISTE                                                 ;00000000;00000;0047;FE de las JONS                                         ;00000000;00000;0048;SAE                                                    ;00000000;00000;0049;J.U.E.X.                                               ;00000000;00000;0050;PH                                                     ;00000000;00000;0051;VOLT                                                   ;00000000;00000;0052;RECORTES CERO                                          ;00000000;00000;0063;EXTREMEÑOS                                             ;00000000;00000;0064;GLG                                                    ;00000000;00000;0065;PIRATAS / REBELDES                                     ;00000000;00000;0070;PREPAL                                                 ;00000000;00000;0000;                                                       ;00000000;00000;0000;                                                       ;00000000;00000;0000;                                                       ;00000000;00000;0000;                                                       ;00000000;00000;0000;                                                       ;00000000;00000;0000;                                                       ;00000000;00000;0000;                                                       ;00000000;00000;0000;                                                       ;00000000;00000;0000;                                                       ;00000000;00000;0000;                                                       ;00000000;00000;0000;                                                       ;00000000;00000;0000;                                                       ;00000000;00000;0000;                                                       ;00000000;00000;0000;                                                       ;00000000;00000;0000;                                                       ;00000000;00000;0000;                                                       ;00000000;00000;0000;                                                       ;00000000;00000;0000;                                                       ;00000000;00000;0000;                                                       ;00000000;00000;0000;                                                       ;00000000;00000;0000;                                                       ;00000000;00000;0000;                                                       ;00000000;00000;0000;                                                       ;00000000;00000;0000;                                                       ;00000000;00000;0000;                                                       ;00000000;00000;0000;                                                       ;00000000;00000;0000;                                                       ;00000000;00000;0000;                                                       ;00000000;00000;0000;                                                       ;00000000;00000;0000;                                                       ;00000000;00000;0000;                                                       ;00000000;00000;0000;                                                       ;00000000;00000;0000;                                                       ;00000000;00000;0000;                                                       ;00000000;00000;0000;                                                       ;00000000;00000;0000;                                                       ;00000000;00000;0000;                                                       ;00000000;00000;0000;                                                       ;00000000;00000;0000;                                                       ;00000000;00000;0000;                                                       ;00000000;00000;0000;                                                       ;00000000;00000;0000;                                                       ;00000000;00000;0000;                                                       ;00000000;00000;0000;                                                       ;00000000;00000;0000;                                                       ;00000000;00000;0000;                                                       ;00000000;00000;
2406100033;08;09;9;340;99;San Millán de Lara                                ;99;99;00001;00000062;00000062;10000;00000033;05322;00000029;04677;00000000;00000;00000000;00000;0022;PP                                                     ;00000025;07575;0017;PSOE                                                   ;00000007;02121;0072;EXISTE                                                 ;00000001;00303;0001;IZQESP                                                 ;00000000;00000;0002;CEUS                                                   ;00000000;00000;0009;FO                                                     ;00000000;00000;0010;AHORA REPÚBLICAS (ERC-EH BILDU-BNG-ARA MÉS)            ;00000000;00000;0060;JUNTS UE                                               ;00000000;00000;0019;ANDALUCISTAS                                           ;00000000;00000;0020;IE                                                     ;00000000;00000;0021;VOX                                                    ;00000000;00000;0023;ESCAÑOS EN BLANCO                                      ;00000000;00000;0024;CRT                                                    ;00000000;00000;0025;PODEMOS                                                ;00000000;00000;0026;PFAC                                                   ;00000000;00000;0027;PCTE                                                   ;00000000;00000;0029;PCPE/PCPC                                              ;00000000;00000;0032;SUMAR                                                  ;00000000;00000;0039;PACMA                                                  ;00000000;00000;0040;CREE EN EUROPA                                         ;00000000;00000;0041;PMR                                                    ;00000000;00000;0042;AGRUPACIÓN DE ELECTORES "SE ACABÓ LA FIESTA"           ;00000000;00000;0043;F                                                      ;00000000;00000;0046;Cs                                                     ;00000000;00000;0047;FE de las JONS                                         ;00000000;00000;0048;SAE                                                    ;00000000;00000;0049;J.U.E.X.                                               ;00000000;00000;0050;PH                                                     ;00000000;00000;0051;VOLT                                                   ;00000000;00000;0052;RECORTES CERO                                          ;00000000;00000;0063;EXTREMEÑOS                                             ;00000000;00000;0064;GLG                                                    ;00000000;00000;0065;PIRATAS / REBELDES                                     ;00000000;00000;0070;PREPAL                                                 ;00000000;00000;0000;                                                       ;00000000;00000;0000;                                                       ;00000000;00000;0000;                                                       ;00000000;00000;0000;                                                       ;00000000;00000;0000;                                                       ;00000000;00000;0000;                                                       ;00000000;00000;0000;                                                       ;00000000;00000;0000;                                                       ;00000000;00000;0000;                                                       ;00000000;00000;0000;                                                       ;00000000;00000;0000;                                                       ;00000000;00000;0000;                                                       ;00000000;00000;0000;                                                       ;00000000;00000;0000;                                                       ;00000000;00000;0000;                                                       ;00000000;00000;0000;                                                       ;00000000;00000;0000;                                                       ;00000000;00000;0000;                                                       ;00000000;00000;0000;                                                       ;00000000;00000;0000;                                                       ;00000000;00000;0000;                                                       ;00000000;00000;0000;                                                       ;00000000;00000;0000;                                                       ;00000000;00000;0000;                                                       ;00000000;00000;0000;                                                       ;00000000;00000;0000;                                                       ;00000000;00000;0000;                                                       ;00000000;00000;0000;                                                       ;00000000;00000;0000;                                                       ;00000000;00000;0000;                                                       ;00000000;00000;0000;                                                       ;00000000;00000;0000;                                                       ;00000000;00000;0000;                                                       ;00000000;00000;0000;                                                       ;00000000;00000;0000;                                                       ;00000000;00000;0000;                                                       ;00000000;00000;0000;                                                       ;00000000;00000;0000;                                                       ;00000000;00000;0000;                                                       ;00000000;00000;0000;                                                       ;00000000;00000;0000;                                                       ;00000000;00000;0000;                                                       ;00000000;00000;0000;                                                       ;00000000;00000;0000;                                                       ;00000000;00000;0000;                                                       ;00000000;00000;0000;                                                       ;00000000;00000;
2406100033;08;09;9;343;99;Santa Cecilia                                     ;99;99;00001;00000093;00000093;10000;00000065;06989;00000028;03010;00000000;00000;00000000;00000;0022;PP                                                     ;00000038;05846;0017;PSOE                                                   ;00000014;02153;0021;VOX                                                    ;00000007;01076;0046;Cs                                                     ;00000004;00615;0032;SUMAR                                                  ;00000001;00153;0042;AGRUPACIÓN DE ELECTORES "SE ACABÓ LA FIESTA"           ;00000001;00153;0001;IZQESP                                                 ;00000000;00000;0002;CEUS                                                   ;00000000;00000;0009;FO                                                     ;00000000;00000;0010;AHORA REPÚBLICAS (ERC-EH BILDU-BNG-ARA MÉS)            ;00000000;00000;0060;JUNTS UE                                               ;00000000;00000;0019;ANDALUCISTAS                                           ;00000000;00000;0020;IE                                                     ;00000000;00000;0023;ESCAÑOS EN BLANCO                                      ;00000000;00000;0024;CRT                                                    ;00000000;00000;0025;PODEMOS                                                ;00000000;00000;0026;PFAC                                                   ;00000000;00000;0027;PCTE                                                   ;00000000;00000;0029;PCPE/PCPC                                              ;00000000;00000;0039;PACMA                                                  ;00000000;00000;0040;CREE EN EUROPA                                         ;00000000;00000;0041;PMR                                                    ;00000000;00000;0043;F                                                      ;00000000;00000;0072;EXISTE                                                 ;00000000;00000;0047;FE de las JONS                                         ;00000000;00000;0048;SAE                                                    ;00000000;00000;0049;J.U.E.X.                                               ;00000000;00000;0050;PH                                                     ;00000000;00000;0051;VOLT                                                   ;00000000;00000;0052;RECORTES CERO                                          ;00000000;00000;0063;EXTREMEÑOS                                             ;00000000;00000;0064;GLG                                                    ;00000000;00000;0065;PIRATAS / REBELDES                                     ;00000000;00000;0070;PREPAL                                                 ;00000000;00000;0000;                                                       ;00000000;00000;0000;                                                       ;00000000;00000;0000;                                                       ;00000000;00000;0000;                                                       ;00000000;00000;0000;                                                       ;00000000;00000;0000;                                                       ;00000000;00000;0000;                                                       ;00000000;00000;0000;                                                       ;00000000;00000;0000;                                                       ;00000000;00000;0000;                                                       ;00000000;00000;0000;                                                       ;00000000;00000;0000;                                                       ;00000000;00000;0000;                                                       ;00000000;00000;0000;                                                       ;00000000;00000;0000;                                                       ;00000000;00000;0000;                                                       ;00000000;00000;0000;                                                       ;00000000;00000;0000;                                                       ;00000000;00000;0000;                                                       ;00000000;00000;0000;                                                       ;00000000;00000;0000;                                                       ;00000000;00000;0000;                                                       ;00000000;00000;0000;                                                       ;00000000;00000;0000;                                                       ;00000000;00000;0000;                                                       ;00000000;00000;0000;                                                       ;00000000;00000;0000;                                                       ;00000000;00000;0000;                                                       ;00000000;00000;0000;                                                       ;00000000;00000;0000;                                                       ;00000000;00000;0000;                                                       ;00000000;00000;0000;                                                       ;00000000;00000;0000;                                                       ;00000000;00000;0000;                                                       ;00000000;00000;0000;                                                       ;00000000;00000;0000;                                                       ;00000000;00000;0000;                                                       ;00000000;00000;0000;                                                       ;00000000;00000;0000;                                                       ;00000000;00000;0000;                                                       ;00000000;00000;0000;                                                       ;00000000;00000;0000;                                                       ;00000000;00000;0000;                                                       ;00000000;00000;0000;                                                       ;00000000;00000;0000;                                                       ;00000000;00000;0000;                                                       ;00000000;00000;
2406100033;08;09;9;345;99;Santa Cruz de la Salceda                          ;99;99;00001;00000113;00000113;10000;00000068;06017;00000045;03982;00000000;00000;00000002;00294;0022;PP                                                     ;00000025;03787;0017;PSOE                                                   ;00000023;03484;0021;VOX                                                    ;00000007;01060;0025;PODEMOS                                                ;00000005;00757;0042;AGRUPACIÓN DE ELECTORES "SE ACABÓ LA FIESTA"           ;00000004;00606;0032;SUMAR                                                  ;00000001;00151;0072;EXISTE                                                 ;00000001;00151;0001;IZQESP                                                 ;00000000;00000;0002;CEUS                                                   ;00000000;00000;0009;FO                                                     ;00000000;00000;0010;AHORA REPÚBLICAS (ERC-EH BILDU-BNG-ARA MÉS)            ;00000000;00000;0060;JUNTS UE                                               ;00000000;00000;0019;ANDALUCISTAS                                           ;00000000;00000;0020;IE                                                     ;00000000;00000;0023;ESCAÑOS EN BLANCO                                      ;00000000;00000;0024;CRT                                                    ;00000000;00000;0026;PFAC                                                   ;00000000;00000;0027;PCTE                                                   ;00000000;00000;0029;PCPE/PCPC                                              ;00000000;00000;0039;PACMA                                                  ;00000000;00000;0040;CREE EN EUROPA                                         ;00000000;00000;0041;PMR                                                    ;00000000;00000;0043;F                                                      ;00000000;00000;0046;Cs                                                     ;00000000;00000;0047;FE de las JONS                                         ;00000000;00000;0048;SAE                                                    ;00000000;00000;0049;J.U.E.X.                                               ;00000000;00000;0050;PH                                                     ;00000000;00000;0051;VOLT                                                   ;00000000;00000;0052;RECORTES CERO                                          ;00000000;00000;0063;EXTREMEÑOS                                             ;00000000;00000;0064;GLG                                                    ;00000000;00000;0065;PIRATAS / REBELDES                                     ;00000000;00000;0070;PREPAL                                                 ;00000000;00000;0000;                                                       ;00000000;00000;0000;                                                       ;00000000;00000;0000;                                                       ;00000000;00000;0000;                                                       ;00000000;00000;0000;                                                       ;00000000;00000;0000;                                                       ;00000000;00000;0000;                                                       ;00000000;00000;0000;                                                       ;00000000;00000;0000;                                                       ;00000000;00000;0000;                                                       ;00000000;00000;0000;                                                       ;00000000;00000;0000;                                                       ;00000000;00000;0000;                                                       ;00000000;00000;0000;                                                       ;00000000;00000;0000;                                                       ;00000000;00000;0000;                                                       ;00000000;00000;0000;                                                       ;00000000;00000;0000;                                                       ;00000000;00000;0000;                                                       ;00000000;00000;0000;                                                       ;00000000;00000;0000;                                                       ;00000000;00000;0000;                                                       ;00000000;00000;0000;                                                       ;00000000;00000;0000;                                                       ;00000000;00000;0000;                                                       ;00000000;00000;0000;                                                       ;00000000;00000;0000;                                                       ;00000000;00000;0000;                                                       ;00000000;00000;0000;                                                       ;00000000;00000;0000;                                                       ;00000000;00000;0000;                                                       ;00000000;00000;0000;                                                       ;00000000;00000;0000;                                                       ;00000000;00000;0000;                                                       ;00000000;00000;0000;                                                       ;00000000;00000;0000;                                                       ;00000000;00000;0000;                                                       ;00000000;00000;0000;                                                       ;00000000;00000;0000;                                                       ;00000000;00000;0000;                                                       ;00000000;00000;0000;                                                       ;00000000;00000;0000;                                                       ;00000000;00000;0000;                                                       ;00000000;00000;0000;                                                       ;00000000;00000;0000;                                                       ;00000000;00000;0000;                                                       ;00000000;00000;
2406100033;08;09;9;346;99;Santa Cruz del Valle Urbión                       ;99;99;00001;00000094;00000094;10000;00000061;06489;00000033;03510;00000001;00163;00000000;00000;0022;PP                                                     ;00000029;04754;0017;PSOE                                                   ;00000016;02622;0009;FO                                                     ;00000003;00491;0025;PODEMOS                                                ;00000003;00491;0042;AGRUPACIÓN DE ELECTORES "SE ACABÓ LA FIESTA"           ;00000003;00491;0021;VOX                                                    ;00000002;00327;0032;SUMAR                                                  ;00000002;00327;0010;AHORA REPÚBLICAS (ERC-EH BILDU-BNG-ARA MÉS)            ;00000001;00163;0020;IE                                                     ;00000001;00163;0001;IZQESP                                                 ;00000000;00000;0002;CEUS                                                   ;00000000;00000;0060;JUNTS UE                                               ;00000000;00000;0019;ANDALUCISTAS                                           ;00000000;00000;0023;ESCAÑOS EN BLANCO                                      ;00000000;00000;0024;CRT                                                    ;00000000;00000;0026;PFAC                                                   ;00000000;00000;0027;PCTE                                                   ;00000000;00000;0029;PCPE/PCPC                                              ;00000000;00000;0039;PACMA                                                  ;00000000;00000;0040;CREE EN EUROPA                                         ;00000000;00000;0041;PMR                                                    ;00000000;00000;0043;F                                                      ;00000000;00000;0072;EXISTE                                                 ;00000000;00000;0046;Cs                                                     ;00000000;00000;0047;FE de las JONS                                         ;00000000;00000;0048;SAE                                                    ;00000000;00000;0049;J.U.E.X.                                               ;00000000;00000;0050;PH                                                     ;00000000;00000;0051;VOLT                                                   ;00000000;00000;0052;RECORTES CERO                                          ;00000000;00000;0063;EXTREMEÑOS                                             ;00000000;00000;0064;GLG                                                    ;00000000;00000;0065;PIRATAS / REBELDES                                     ;00000000;00000;0070;PREPAL                                                 ;00000000;00000;0000;                                                       ;00000000;00000;0000;                                                       ;00000000;00000;0000;                                                       ;00000000;00000;0000;                                                       ;00000000;00000;0000;                                                       ;00000000;00000;0000;                                                       ;00000000;00000;0000;                                                       ;00000000;00000;0000;                                                       ;00000000;00000;0000;                                                       ;00000000;00000;0000;                                                       ;00000000;00000;0000;                                                       ;00000000;00000;0000;                                                       ;00000000;00000;0000;                                                       ;00000000;00000;0000;                                                       ;00000000;00000;0000;                                                       ;00000000;00000;0000;                                                       ;00000000;00000;0000;                                                       ;00000000;00000;0000;                                                       ;00000000;00000;0000;                                                       ;00000000;00000;0000;                                                       ;00000000;00000;0000;                                                       ;00000000;00000;0000;                                                       ;00000000;00000;0000;                                                       ;00000000;00000;0000;                                                       ;00000000;00000;0000;                                                       ;00000000;00000;0000;                                                       ;00000000;00000;0000;                                                       ;00000000;00000;0000;                                                       ;00000000;00000;0000;                                                       ;00000000;00000;0000;                                                       ;00000000;00000;0000;                                                       ;00000000;00000;0000;                                                       ;00000000;00000;0000;                                                       ;00000000;00000;0000;                                                       ;00000000;00000;0000;                                                       ;00000000;00000;0000;                                                       ;00000000;00000;0000;                                                       ;00000000;00000;0000;                                                       ;00000000;00000;0000;                                                       ;00000000;00000;0000;                                                       ;00000000;00000;0000;                                                       ;00000000;00000;0000;                                                       ;00000000;00000;0000;                                                       ;00000000;00000;0000;                                                       ;00000000;00000;0000;                                                       ;00000000;00000;0000;                                                       ;00000000;00000;
2406100033;08;09;9;347;99;Santa Gadea del Cid                               ;99;99;00001;00000139;00000139;10000;00000084;06043;00000055;03956;00000000;00000;00000000;00000;0022;PP                                                     ;00000046;05476;0017;PSOE                                                   ;00000020;02380;0021;VOX                                                    ;00000005;00595;0025;PODEMOS                                                ;00000004;00476;0032;SUMAR                                                  ;00000002;00238;0040;CREE EN EUROPA                                         ;00000002;00238;0020;IE                                                     ;00000001;00119;0026;PFAC                                                   ;00000001;00119;0041;PMR                                                    ;00000001;00119;0042;AGRUPACIÓN DE ELECTORES "SE ACABÓ LA FIESTA"           ;00000001;00119;0046;Cs                                                     ;00000001;00119;0001;IZQESP                                                 ;00000000;00000;0002;CEUS                                                   ;00000000;00000;0009;FO                                                     ;00000000;00000;0010;AHORA REPÚBLICAS (ERC-EH BILDU-BNG-ARA MÉS)            ;00000000;00000;0060;JUNTS UE                                               ;00000000;00000;0019;ANDALUCISTAS                                           ;00000000;00000;0023;ESCAÑOS EN BLANCO                                      ;00000000;00000;0024;CRT                                                    ;00000000;00000;0027;PCTE                                                   ;00000000;00000;0029;PCPE/PCPC                                              ;00000000;00000;0039;PACMA                                                  ;00000000;00000;0043;F                                                      ;00000000;00000;0072;EXISTE                                                 ;00000000;00000;0047;FE de las JONS                                         ;00000000;00000;0048;SAE                                                    ;00000000;00000;0049;J.U.E.X.                                               ;00000000;00000;0050;PH                                                     ;00000000;00000;0051;VOLT                                                   ;00000000;00000;0052;RECORTES CERO                                          ;00000000;00000;0063;EXTREMEÑOS                                             ;00000000;00000;0064;GLG                                                    ;00000000;00000;0065;PIRATAS / REBELDES                                     ;00000000;00000;0070;PREPAL                                                 ;00000000;00000;0000;                                                       ;00000000;00000;0000;                                                       ;00000000;00000;0000;                                                       ;00000000;00000;0000;                                                       ;00000000;00000;0000;                                                       ;00000000;00000;0000;                                                       ;00000000;00000;0000;                                                       ;00000000;00000;0000;                                                       ;00000000;00000;0000;                                                       ;00000000;00000;0000;                                                       ;00000000;00000;0000;                                                       ;00000000;00000;0000;                                                       ;00000000;00000;0000;                                                       ;00000000;00000;0000;                                                       ;00000000;00000;0000;                                                       ;00000000;00000;0000;                                                       ;00000000;00000;0000;                                                       ;00000000;00000;0000;                                                       ;00000000;00000;0000;                                                       ;00000000;00000;0000;                                                       ;00000000;00000;0000;                                                       ;00000000;00000;0000;                                                       ;00000000;00000;0000;                                                       ;00000000;00000;0000;                                                       ;00000000;00000;0000;                                                       ;00000000;00000;0000;                                                       ;00000000;00000;0000;                                                       ;00000000;00000;0000;                                                       ;00000000;00000;0000;                                                       ;00000000;00000;0000;                                                       ;00000000;00000;0000;                                                       ;00000000;00000;0000;                                                       ;00000000;00000;0000;                                                       ;00000000;00000;0000;                                                       ;00000000;00000;0000;                                                       ;00000000;00000;0000;                                                       ;00000000;00000;0000;                                                       ;00000000;00000;0000;                                                       ;00000000;00000;0000;                                                       ;00000000;00000;0000;                                                       ;00000000;00000;0000;                                                       ;00000000;00000;0000;                                                       ;00000000;00000;0000;                                                       ;00000000;00000;0000;                                                       ;00000000;00000;0000;                                                       ;00000000;00000;0000;                                                       ;00000000;00000;
2406100033;08;09;9;348;99;Santa Inés                                        ;99;99;00001;00000138;00000138;10000;00000087;06304;00000051;03695;00000000;00000;00000003;00344;0022;PP                                                     ;00000035;04166;0017;PSOE                                                   ;00000028;03333;0042;AGRUPACIÓN DE ELECTORES "SE ACABÓ LA FIESTA"           ;00000006;00714;0021;VOX                                                    ;00000005;00595;0032;SUMAR                                                  ;00000005;00595;0025;PODEMOS                                                ;00000002;00238;0046;Cs                                                     ;00000002;00238;0009;FO                                                     ;00000001;00119;0001;IZQESP                                                 ;00000000;00000;0002;CEUS                                                   ;00000000;00000;0010;AHORA REPÚBLICAS (ERC-EH BILDU-BNG-ARA MÉS)            ;00000000;00000;0060;JUNTS UE                                               ;00000000;00000;0019;ANDALUCISTAS                                           ;00000000;00000;0020;IE                                                     ;00000000;00000;0023;ESCAÑOS EN BLANCO                                      ;00000000;00000;0024;CRT                                                    ;00000000;00000;0026;PFAC                                                   ;00000000;00000;0027;PCTE                                                   ;00000000;00000;0029;PCPE/PCPC                                              ;00000000;00000;0039;PACMA                                                  ;00000000;00000;0040;CREE EN EUROPA                                         ;00000000;00000;0041;PMR                                                    ;00000000;00000;0043;F                                                      ;00000000;00000;0072;EXISTE                                                 ;00000000;00000;0047;FE de las JONS                                         ;00000000;00000;0048;SAE                                                    ;00000000;00000;0049;J.U.E.X.                                               ;00000000;00000;0050;PH                                                     ;00000000;00000;0051;VOLT                                                   ;00000000;00000;0052;RECORTES CERO                                          ;00000000;00000;0063;EXTREMEÑOS                                             ;00000000;00000;0064;GLG                                                    ;00000000;00000;0065;PIRATAS / REBELDES                                     ;00000000;00000;0070;PREPAL                                                 ;00000000;00000;0000;                                                       ;00000000;00000;0000;                                                       ;00000000;00000;0000;                                                       ;00000000;00000;0000;                                                       ;00000000;00000;0000;                                                       ;00000000;00000;0000;                                                       ;00000000;00000;0000;                                                       ;00000000;00000;0000;                                                       ;00000000;00000;0000;                                                       ;00000000;00000;0000;                                                       ;00000000;00000;0000;                                                       ;00000000;00000;0000;                                                       ;00000000;00000;0000;                                                       ;00000000;00000;0000;                                                       ;00000000;00000;0000;                                                       ;00000000;00000;0000;                                                       ;00000000;00000;0000;                                                       ;00000000;00000;0000;                                                       ;00000000;00000;0000;                                                       ;00000000;00000;0000;                                                       ;00000000;00000;0000;                                                       ;00000000;00000;0000;                                                       ;00000000;00000;0000;                                                       ;00000000;00000;0000;                                                       ;00000000;00000;0000;                                                       ;00000000;00000;0000;                                                       ;00000000;00000;0000;                                                       ;00000000;00000;0000;                                                       ;00000000;00000;0000;                                                       ;00000000;00000;0000;                                                       ;00000000;00000;0000;                                                       ;00000000;00000;0000;                                                       ;00000000;00000;0000;                                                       ;00000000;00000;0000;                                                       ;00000000;00000;0000;                                                       ;00000000;00000;0000;                                                       ;00000000;00000;0000;                                                       ;00000000;00000;0000;                                                       ;00000000;00000;0000;                                                       ;00000000;00000;0000;                                                       ;00000000;00000;0000;                                                       ;00000000;00000;0000;                                                       ;00000000;00000;0000;                                                       ;00000000;00000;0000;                                                       ;00000000;00000;0000;                                                       ;00000000;00000;0000;                                                       ;00000000;00000;
2406100033;08;09;9;350;99;Santa María del Campo                             ;99;99;00001;00000405;00000405;10000;00000257;06345;00000148;03654;00000003;00118;00000004;00155;0022;PP                                                     ;00000164;06482;0017;PSOE                                                   ;00000040;01581;0021;VOX                                                    ;00000025;00988;0042;AGRUPACIÓN DE ELECTORES "SE ACABÓ LA FIESTA"           ;00000011;00434;0032;SUMAR                                                  ;00000002;00079;0072;EXISTE                                                 ;00000002;00079;0048;SAE                                                    ;00000002;00079;0020;IE                                                     ;00000001;00039;0025;PODEMOS                                                ;00000001;00039;0039;PACMA                                                  ;00000001;00039;0046;Cs                                                     ;00000001;00039;0001;IZQESP                                                 ;00000000;00000;0002;CEUS                                                   ;00000000;00000;0009;FO                                                     ;00000000;00000;0010;AHORA REPÚBLICAS (ERC-EH BILDU-BNG-ARA MÉS)            ;00000000;00000;0060;JUNTS UE                                               ;00000000;00000;0019;ANDALUCISTAS                                           ;00000000;00000;0023;ESCAÑOS EN BLANCO                                      ;00000000;00000;0024;CRT                                                    ;00000000;00000;0026;PFAC                                                   ;00000000;00000;0027;PCTE                                                   ;00000000;00000;0029;PCPE/PCPC                                              ;00000000;00000;0040;CREE EN EUROPA                                         ;00000000;00000;0041;PMR                                                    ;00000000;00000;0043;F                                                      ;00000000;00000;0047;FE de las JONS                                         ;00000000;00000;0049;J.U.E.X.                                               ;00000000;00000;0050;PH                                                     ;00000000;00000;0051;VOLT                                                   ;00000000;00000;0052;RECORTES CERO                                          ;00000000;00000;0063;EXTREMEÑOS                                             ;00000000;00000;0064;GLG                                                    ;00000000;00000;0065;PIRATAS / REBELDES                                     ;00000000;00000;0070;PREPAL                                                 ;00000000;00000;0000;                                                       ;00000000;00000;0000;                                                       ;00000000;00000;0000;                                                       ;00000000;00000;0000;                                                       ;00000000;00000;0000;                                                       ;00000000;00000;0000;                                                       ;00000000;00000;0000;                                                       ;00000000;00000;0000;                                                       ;00000000;00000;0000;                                                       ;00000000;00000;0000;                                                       ;00000000;00000;0000;                                                       ;00000000;00000;0000;                                                       ;00000000;00000;0000;                                                       ;00000000;00000;0000;                                                       ;00000000;00000;0000;                                                       ;00000000;00000;0000;                                                       ;00000000;00000;0000;                                                       ;00000000;00000;0000;                                                       ;00000000;00000;0000;                                                       ;00000000;00000;0000;                                                       ;00000000;00000;0000;                                                       ;00000000;00000;0000;                                                       ;00000000;00000;0000;                                                       ;00000000;00000;0000;                                                       ;00000000;00000;0000;                                                       ;00000000;00000;0000;                                                       ;00000000;00000;0000;                                                       ;00000000;00000;0000;                                                       ;00000000;00000;0000;                                                       ;00000000;00000;0000;                                                       ;00000000;00000;0000;                                                       ;00000000;00000;0000;                                                       ;00000000;00000;0000;                                                       ;00000000;00000;0000;                                                       ;00000000;00000;0000;                                                       ;00000000;00000;0000;                                                       ;00000000;00000;0000;                                                       ;00000000;00000;0000;                                                       ;00000000;00000;0000;                                                       ;00000000;00000;0000;                                                       ;00000000;00000;0000;                                                       ;00000000;00000;0000;                                                       ;00000000;00000;0000;                                                       ;00000000;00000;0000;                                                       ;00000000;00000;0000;                                                       ;00000000;00000;0000;                                                       ;00000000;00000;
2406100033;08;09;9;351;99;Santa María del Invierno                          ;99;99;00001;00000065;00000065;10000;00000046;07076;00000019;02923;00000001;00217;00000000;00000;0022;PP                                                     ;00000027;05869;0021;VOX                                                    ;00000009;01956;0017;PSOE                                                   ;00000005;01086;0032;SUMAR                                                  ;00000001;00217;0042;AGRUPACIÓN DE ELECTORES "SE ACABÓ LA FIESTA"           ;00000001;00217;0048;SAE                                                    ;00000001;00217;0050;PH                                                     ;00000001;00217;0001;IZQESP                                                 ;00000000;00000;0002;CEUS                                                   ;00000000;00000;0009;FO                                                     ;00000000;00000;0010;AHORA REPÚBLICAS (ERC-EH BILDU-BNG-ARA MÉS)            ;00000000;00000;0060;JUNTS UE                                               ;00000000;00000;0019;ANDALUCISTAS                                           ;00000000;00000;0020;IE                                                     ;00000000;00000;0023;ESCAÑOS EN BLANCO                                      ;00000000;00000;0024;CRT                                                    ;00000000;00000;0025;PODEMOS                                                ;00000000;00000;0026;PFAC                                                   ;00000000;00000;0027;PCTE                                                   ;00000000;00000;0029;PCPE/PCPC                                              ;00000000;00000;0039;PACMA                                                  ;00000000;00000;0040;CREE EN EUROPA                                         ;00000000;00000;0041;PMR                                                    ;00000000;00000;0043;F                                                      ;00000000;00000;0072;EXISTE                                                 ;00000000;00000;0046;Cs                                                     ;00000000;00000;0047;FE de las JONS                                         ;00000000;00000;0049;J.U.E.X.                                               ;00000000;00000;0051;VOLT                                                   ;00000000;00000;0052;RECORTES CERO                                          ;00000000;00000;0063;EXTREMEÑOS                                             ;00000000;00000;0064;GLG                                                    ;00000000;00000;0065;PIRATAS / REBELDES                                     ;00000000;00000;0070;PREPAL                                                 ;00000000;00000;0000;                                                       ;00000000;00000;0000;                                                       ;00000000;00000;0000;                                                       ;00000000;00000;0000;                                                       ;00000000;00000;0000;                                                       ;00000000;00000;0000;                                                       ;00000000;00000;0000;                                                       ;00000000;00000;0000;                                                       ;00000000;00000;0000;                                                       ;00000000;00000;0000;                                                       ;00000000;00000;0000;                                                       ;00000000;00000;0000;                                                       ;00000000;00000;0000;                                                       ;00000000;00000;0000;                                                       ;00000000;00000;0000;                                                       ;00000000;00000;0000;                                                       ;00000000;00000;0000;                                                       ;00000000;00000;0000;                                                       ;00000000;00000;0000;                                                       ;00000000;00000;0000;                                                       ;00000000;00000;0000;                                                       ;00000000;00000;0000;                                                       ;00000000;00000;0000;                                                       ;00000000;00000;0000;                                                       ;00000000;00000;0000;                                                       ;00000000;00000;0000;                                                       ;00000000;00000;0000;                                                       ;00000000;00000;0000;                                                       ;00000000;00000;0000;                                                       ;00000000;00000;0000;                                                       ;00000000;00000;0000;                                                       ;00000000;00000;0000;                                                       ;00000000;00000;0000;                                                       ;00000000;00000;0000;                                                       ;00000000;00000;0000;                                                       ;00000000;00000;0000;                                                       ;00000000;00000;0000;                                                       ;00000000;00000;0000;                                                       ;00000000;00000;0000;                                                       ;00000000;00000;0000;                                                       ;00000000;00000;0000;                                                       ;00000000;00000;0000;                                                       ;00000000;00000;0000;                                                       ;00000000;00000;0000;                                                       ;00000000;00000;0000;                                                       ;00000000;00000;0000;                                                       ;00000000;00000;
2406100033;08;09;9;352;99;Santa María del Mercadillo                        ;99;99;00001;00000106;00000106;10000;00000073;06886;00000033;03113;00000000;00000;00000001;00136;0022;PP                                                     ;00000042;05833;0017;PSOE                                                   ;00000012;01666;0021;VOX                                                    ;00000012;01666;0042;AGRUPACIÓN DE ELECTORES "SE ACABÓ LA FIESTA"           ;00000003;00416;0010;AHORA REPÚBLICAS (ERC-EH BILDU-BNG-ARA MÉS)            ;00000001;00138;0025;PODEMOS                                                ;00000001;00138;0046;Cs                                                     ;00000001;00138;0001;IZQESP                                                 ;00000000;00000;0002;CEUS                                                   ;00000000;00000;0009;FO                                                     ;00000000;00000;0060;JUNTS UE                                               ;00000000;00000;0019;ANDALUCISTAS                                           ;00000000;00000;0020;IE                                                     ;00000000;00000;0023;ESCAÑOS EN BLANCO                                      ;00000000;00000;0024;CRT                                                    ;00000000;00000;0026;PFAC                                                   ;00000000;00000;0027;PCTE                                                   ;00000000;00000;0029;PCPE/PCPC                                              ;00000000;00000;0032;SUMAR                                                  ;00000000;00000;0039;PACMA                                                  ;00000000;00000;0040;CREE EN EUROPA                                         ;00000000;00000;0041;PMR                                                    ;00000000;00000;0043;F                                                      ;00000000;00000;0072;EXISTE                                                 ;00000000;00000;0047;FE de las JONS                                         ;00000000;00000;0048;SAE                                                    ;00000000;00000;0049;J.U.E.X.                                               ;00000000;00000;0050;PH                                                     ;00000000;00000;0051;VOLT                                                   ;00000000;00000;0052;RECORTES CERO                                          ;00000000;00000;0063;EXTREMEÑOS                                             ;00000000;00000;0064;GLG                                                    ;00000000;00000;0065;PIRATAS / REBELDES                                     ;00000000;00000;0070;PREPAL                                                 ;00000000;00000;0000;                                                       ;00000000;00000;0000;                                                       ;00000000;00000;0000;                                                       ;00000000;00000;0000;                                                       ;00000000;00000;0000;                                                       ;00000000;00000;0000;                                                       ;00000000;00000;0000;                                                       ;00000000;00000;0000;                                                       ;00000000;00000;0000;                                                       ;00000000;00000;0000;                                                       ;00000000;00000;0000;                                                       ;00000000;00000;0000;                                                       ;00000000;00000;0000;                                                       ;00000000;00000;0000;                                                       ;00000000;00000;0000;                                                       ;00000000;00000;0000;                                                       ;00000000;00000;0000;                                                       ;00000000;00000;0000;                                                       ;00000000;00000;0000;                                                       ;00000000;00000;0000;                                                       ;00000000;00000;0000;                                                       ;00000000;00000;0000;                                                       ;00000000;00000;0000;                                                       ;00000000;00000;0000;                                                       ;00000000;00000;0000;                                                       ;00000000;00000;0000;                                                       ;00000000;00000;0000;                                                       ;00000000;00000;0000;                                                       ;00000000;00000;0000;                                                       ;00000000;00000;0000;                                                       ;00000000;00000;0000;                                                       ;00000000;00000;0000;                                                       ;00000000;00000;0000;                                                       ;00000000;00000;0000;                                                       ;00000000;00000;0000;                                                       ;00000000;00000;0000;                                                       ;00000000;00000;0000;                                                       ;00000000;00000;0000;                                                       ;00000000;00000;0000;                                                       ;00000000;00000;0000;                                                       ;00000000;00000;0000;                                                       ;00000000;00000;0000;                                                       ;00000000;00000;0000;                                                       ;00000000;00000;0000;                                                       ;00000000;00000;0000;                                                       ;00000000;00000;0000;                                                       ;00000000;00000;
2406100033;08;09;9;353;99;Santa María Ribarredonda                          ;99;99;00001;00000083;00000083;10000;00000047;05662;00000036;04337;00000001;00217;00000001;00212;0022;PP                                                     ;00000022;04782;0017;PSOE                                                   ;00000010;02173;0021;VOX                                                    ;00000004;00869;0048;SAE                                                    ;00000003;00652;0002;CEUS                                                   ;00000002;00434;0046;Cs                                                     ;00000002;00434;0025;PODEMOS                                                ;00000001;00217;0032;SUMAR                                                  ;00000001;00217;0001;IZQESP                                                 ;00000000;00000;0009;FO                                                     ;00000000;00000;0010;AHORA REPÚBLICAS (ERC-EH BILDU-BNG-ARA MÉS)            ;00000000;00000;0060;JUNTS UE                                               ;00000000;00000;0019;ANDALUCISTAS                                           ;00000000;00000;0020;IE                                                     ;00000000;00000;0023;ESCAÑOS EN BLANCO                                      ;00000000;00000;0024;CRT                                                    ;00000000;00000;0026;PFAC                                                   ;00000000;00000;0027;PCTE                                                   ;00000000;00000;0029;PCPE/PCPC                                              ;00000000;00000;0039;PACMA                                                  ;00000000;00000;0040;CREE EN EUROPA                                         ;00000000;00000;0041;PMR                                                    ;00000000;00000;0042;AGRUPACIÓN DE ELECTORES "SE ACABÓ LA FIESTA"           ;00000000;00000;0043;F                                                      ;00000000;00000;0072;EXISTE                                                 ;00000000;00000;0047;FE de las JONS                                         ;00000000;00000;0049;J.U.E.X.                                               ;00000000;00000;0050;PH                                                     ;00000000;00000;0051;VOLT                                                   ;00000000;00000;0052;RECORTES CERO                                          ;00000000;00000;0063;EXTREMEÑOS                                             ;00000000;00000;0064;GLG                                                    ;00000000;00000;0065;PIRATAS / REBELDES                                     ;00000000;00000;0070;PREPAL                                                 ;00000000;00000;0000;                                                       ;00000000;00000;0000;                                                       ;00000000;00000;0000;                                                       ;00000000;00000;0000;                                                       ;00000000;00000;0000;                                                       ;00000000;00000;0000;                                                       ;00000000;00000;0000;                                                       ;00000000;00000;0000;                                                       ;00000000;00000;0000;                                                       ;00000000;00000;0000;                                                       ;00000000;00000;0000;                                                       ;00000000;00000;0000;                                                       ;00000000;00000;0000;                                                       ;00000000;00000;0000;                                                       ;00000000;00000;0000;                                                       ;00000000;00000;0000;                                                       ;00000000;00000;0000;                                                       ;00000000;00000;0000;                                                       ;00000000;00000;0000;                                                       ;00000000;00000;0000;                                                       ;00000000;00000;0000;                                                       ;00000000;00000;0000;                                                       ;00000000;00000;0000;                                                       ;00000000;00000;0000;                                                       ;00000000;00000;0000;                                                       ;00000000;00000;0000;                                                       ;00000000;00000;0000;                                                       ;00000000;00000;0000;                                                       ;00000000;00000;0000;                                                       ;00000000;00000;0000;                                                       ;00000000;00000;0000;                                                       ;00000000;00000;0000;                                                       ;00000000;00000;0000;                                                       ;00000000;00000;0000;                                                       ;00000000;00000;0000;                                                       ;00000000;00000;0000;                                                       ;00000000;00000;0000;                                                       ;00000000;00000;0000;                                                       ;00000000;00000;0000;                                                       ;00000000;00000;0000;                                                       ;00000000;00000;0000;                                                       ;00000000;00000;0000;                                                       ;00000000;00000;0000;                                                       ;00000000;00000;0000;                                                       ;00000000;00000;0000;                                                       ;00000000;00000;0000;                                                       ;00000000;00000;
2406100033;08;09;9;354;99;Santa Olalla de Bureba                            ;99;99;00001;00000033;00000033;10000;00000021;06363;00000012;03636;00000001;00476;00000000;00000;0022;PP                                                     ;00000011;05238;0017;PSOE                                                   ;00000005;02380;0042;AGRUPACIÓN DE ELECTORES "SE ACABÓ LA FIESTA"           ;00000002;00952;0021;VOX                                                    ;00000001;00476;0023;ESCAÑOS EN BLANCO                                      ;00000001;00476;0001;IZQESP                                                 ;00000000;00000;0002;CEUS                                                   ;00000000;00000;0009;FO                                                     ;00000000;00000;0010;AHORA REPÚBLICAS (ERC-EH BILDU-BNG-ARA MÉS)            ;00000000;00000;0060;JUNTS UE                                               ;00000000;00000;0019;ANDALUCISTAS                                           ;00000000;00000;0020;IE                                                     ;00000000;00000;0024;CRT                                                    ;00000000;00000;0025;PODEMOS                                                ;00000000;00000;0026;PFAC                                                   ;00000000;00000;0027;PCTE                                                   ;00000000;00000;0029;PCPE/PCPC                                              ;00000000;00000;0032;SUMAR                                                  ;00000000;00000;0039;PACMA                                                  ;00000000;00000;0040;CREE EN EUROPA                                         ;00000000;00000;0041;PMR                                                    ;00000000;00000;0043;F                                                      ;00000000;00000;0072;EXISTE                                                 ;00000000;00000;0046;Cs                                                     ;00000000;00000;0047;FE de las JONS                                         ;00000000;00000;0048;SAE                                                    ;00000000;00000;0049;J.U.E.X.                                               ;00000000;00000;0050;PH                                                     ;00000000;00000;0051;VOLT                                                   ;00000000;00000;0052;RECORTES CERO                                          ;00000000;00000;0063;EXTREMEÑOS                                             ;00000000;00000;0064;GLG                                                    ;00000000;00000;0065;PIRATAS / REBELDES                                     ;00000000;00000;0070;PREPAL                                                 ;00000000;00000;0000;                                                       ;00000000;00000;0000;                                                       ;00000000;00000;0000;                                                       ;00000000;00000;0000;                                                       ;00000000;00000;0000;                                                       ;00000000;00000;0000;                                                       ;00000000;00000;0000;                                                       ;00000000;00000;0000;                                                       ;00000000;00000;0000;                                                       ;00000000;00000;0000;                                                       ;00000000;00000;0000;                                                       ;00000000;00000;0000;                                                       ;00000000;00000;0000;                                                       ;00000000;00000;0000;                                                       ;00000000;00000;0000;                                                       ;00000000;00000;0000;                                                       ;00000000;00000;0000;                                                       ;00000000;00000;0000;                                                       ;00000000;00000;0000;                                                       ;00000000;00000;0000;                                                       ;00000000;00000;0000;                                                       ;00000000;00000;0000;                                                       ;00000000;00000;0000;                                                       ;00000000;00000;0000;                                                       ;00000000;00000;0000;                                                       ;00000000;00000;0000;                                                       ;00000000;00000;0000;                                                       ;00000000;00000;0000;                                                       ;00000000;00000;0000;                                                       ;00000000;00000;0000;                                                       ;00000000;00000;0000;                                                       ;00000000;00000;0000;                                                       ;00000000;00000;0000;                                                       ;00000000;00000;0000;                                                       ;00000000;00000;0000;                                                       ;00000000;00000;0000;                                                       ;00000000;00000;0000;                                                       ;00000000;00000;0000;                                                       ;00000000;00000;0000;                                                       ;00000000;00000;0000;                                                       ;00000000;00000;0000;                                                       ;00000000;00000;0000;                                                       ;00000000;00000;0000;                                                       ;00000000;00000;0000;                                                       ;00000000;00000;0000;                                                       ;00000000;00000;0000;                                                       ;00000000;00000;
2406100033;08;09;9;355;99;Santibáñez de Esgueva                             ;99;99;00001;00000072;00000072;10000;00000045;06250;00000027;03750;00000000;00000;00000001;00222;0022;PP                                                     ;00000039;08863;0017;PSOE                                                   ;00000003;00681;0021;VOX                                                    ;00000002;00454;0001;IZQESP                                                 ;00000000;00000;0002;CEUS                                                   ;00000000;00000;0009;FO                                                     ;00000000;00000;0010;AHORA REPÚBLICAS (ERC-EH BILDU-BNG-ARA MÉS)            ;00000000;00000;0060;JUNTS UE                                               ;00000000;00000;0019;ANDALUCISTAS                                           ;00000000;00000;0020;IE                                                     ;00000000;00000;0023;ESCAÑOS EN BLANCO                                      ;00000000;00000;0024;CRT                                                    ;00000000;00000;0025;PODEMOS                                                ;00000000;00000;0026;PFAC                                                   ;00000000;00000;0027;PCTE                                                   ;00000000;00000;0029;PCPE/PCPC                                              ;00000000;00000;0032;SUMAR                                                  ;00000000;00000;0039;PACMA                                                  ;00000000;00000;0040;CREE EN EUROPA                                         ;00000000;00000;0041;PMR                                                    ;00000000;00000;0042;AGRUPACIÓN DE ELECTORES "SE ACABÓ LA FIESTA"           ;00000000;00000;0043;F                                                      ;00000000;00000;0072;EXISTE                                                 ;00000000;00000;0046;Cs                                                     ;00000000;00000;0047;FE de las JONS                                         ;00000000;00000;0048;SAE                                                    ;00000000;00000;0049;J.U.E.X.                                               ;00000000;00000;0050;PH                                                     ;00000000;00000;0051;VOLT                                                   ;00000000;00000;0052;RECORTES CERO                                          ;00000000;00000;0063;EXTREMEÑOS                                             ;00000000;00000;0064;GLG                                                    ;00000000;00000;0065;PIRATAS / REBELDES                                     ;00000000;00000;0070;PREPAL                                                 ;00000000;00000;0000;                                                       ;00000000;00000;0000;                                                       ;00000000;00000;0000;                                                       ;00000000;00000;0000;                                                       ;00000000;00000;0000;                                                       ;00000000;00000;0000;                                                       ;00000000;00000;0000;                                                       ;00000000;00000;0000;                                                       ;00000000;00000;0000;                                                       ;00000000;00000;0000;                                                       ;00000000;00000;0000;                                                       ;00000000;00000;0000;                                                       ;00000000;00000;0000;                                                       ;00000000;00000;0000;                                                       ;00000000;00000;0000;                                                       ;00000000;00000;0000;                                                       ;00000000;00000;0000;                                                       ;00000000;00000;0000;                                                       ;00000000;00000;0000;                                                       ;00000000;00000;0000;                                                       ;00000000;00000;0000;                                                       ;00000000;00000;0000;                                                       ;00000000;00000;0000;                                                       ;00000000;00000;0000;                                                       ;00000000;00000;0000;                                                       ;00000000;00000;0000;                                                       ;00000000;00000;0000;                                                       ;00000000;00000;0000;                                                       ;00000000;00000;0000;                                                       ;00000000;00000;0000;                                                       ;00000000;00000;0000;                                                       ;00000000;00000;0000;                                                       ;00000000;00000;0000;                                                       ;00000000;00000;0000;                                                       ;00000000;00000;0000;                                                       ;00000000;00000;0000;                                                       ;00000000;00000;0000;                                                       ;00000000;00000;0000;                                                       ;00000000;00000;0000;                                                       ;00000000;00000;0000;                                                       ;00000000;00000;0000;                                                       ;00000000;00000;0000;                                                       ;00000000;00000;0000;                                                       ;00000000;00000;0000;                                                       ;00000000;00000;0000;                                                       ;00000000;00000;0000;                                                       ;00000000;00000;
2406100033;08;09;9;356;99;Santibáñez del Val                                ;99;99;00001;00000068;00000068;10000;00000044;06470;00000024;03529;00000000;00000;00000000;00000;0022;PP                                                     ;00000018;04090;0017;PSOE                                                   ;00000011;02500;0021;VOX                                                    ;00000005;01136;0042;AGRUPACIÓN DE ELECTORES "SE ACABÓ LA FIESTA"           ;00000003;00681;0032;SUMAR                                                  ;00000002;00454;0020;IE                                                     ;00000001;00227;0023;ESCAÑOS EN BLANCO                                      ;00000001;00227;0072;EXISTE                                                 ;00000001;00227;0046;Cs                                                     ;00000001;00227;0051;VOLT                                                   ;00000001;00227;0001;IZQESP                                                 ;00000000;00000;0002;CEUS                                                   ;00000000;00000;0009;FO                                                     ;00000000;00000;0010;AHORA REPÚBLICAS (ERC-EH BILDU-BNG-ARA MÉS)            ;00000000;00000;0060;JUNTS UE                                               ;00000000;00000;0019;ANDALUCISTAS                                           ;00000000;00000;0024;CRT                                                    ;00000000;00000;0025;PODEMOS                                                ;00000000;00000;0026;PFAC                                                   ;00000000;00000;0027;PCTE                                                   ;00000000;00000;0029;PCPE/PCPC                                              ;00000000;00000;0039;PACMA                                                  ;00000000;00000;0040;CREE EN EUROPA                                         ;00000000;00000;0041;PMR                                                    ;00000000;00000;0043;F                                                      ;00000000;00000;0047;FE de las JONS                                         ;00000000;00000;0048;SAE                                                    ;00000000;00000;0049;J.U.E.X.                                               ;00000000;00000;0050;PH                                                     ;00000000;00000;0052;RECORTES CERO                                          ;00000000;00000;0063;EXTREMEÑOS                                             ;00000000;00000;0064;GLG                                                    ;00000000;00000;0065;PIRATAS / REBELDES                                     ;00000000;00000;0070;PREPAL                                                 ;00000000;00000;0000;                                                       ;00000000;00000;0000;                                                       ;00000000;00000;0000;                                                       ;00000000;00000;0000;                                                       ;00000000;00000;0000;                                                       ;00000000;00000;0000;                                                       ;00000000;00000;0000;                                                       ;00000000;00000;0000;                                                       ;00000000;00000;0000;                                                       ;00000000;00000;0000;                                                       ;00000000;00000;0000;                                                       ;00000000;00000;0000;                                                       ;00000000;00000;0000;                                                       ;00000000;00000;0000;                                                       ;00000000;00000;0000;                                                       ;00000000;00000;0000;                                                       ;00000000;00000;0000;                                                       ;00000000;00000;0000;                                                       ;00000000;00000;0000;                                                       ;00000000;00000;0000;                                                       ;00000000;00000;0000;                                                       ;00000000;00000;0000;                                                       ;00000000;00000;0000;                                                       ;00000000;00000;0000;                                                       ;00000000;00000;0000;                                                       ;00000000;00000;0000;                                                       ;00000000;00000;0000;                                                       ;00000000;00000;0000;                                                       ;00000000;00000;0000;                                                       ;00000000;00000;0000;                                                       ;00000000;00000;0000;                                                       ;00000000;00000;0000;                                                       ;00000000;00000;0000;                                                       ;00000000;00000;0000;                                                       ;00000000;00000;0000;                                                       ;00000000;00000;0000;                                                       ;00000000;00000;0000;                                                       ;00000000;00000;0000;                                                       ;00000000;00000;0000;                                                       ;00000000;00000;0000;                                                       ;00000000;00000;0000;                                                       ;00000000;00000;0000;                                                       ;00000000;00000;0000;                                                       ;00000000;00000;0000;                                                       ;00000000;00000;0000;                                                       ;00000000;00000;0000;                                                       ;00000000;00000;
2406100033;08;09;9;358;99;Santo Domingo de Silos                            ;99;99;00001;00000233;00000233;10000;00000136;05836;00000097;04163;00000000;00000;00000001;00073;0022;PP                                                     ;00000092;06814;0017;PSOE                                                   ;00000024;01777;0021;VOX                                                    ;00000010;00740;0025;PODEMOS                                                ;00000003;00222;0042;AGRUPACIÓN DE ELECTORES "SE ACABÓ LA FIESTA"           ;00000003;00222;0046;Cs                                                     ;00000002;00148;0032;SUMAR                                                  ;00000001;00074;0001;IZQESP                                                 ;00000000;00000;0002;CEUS                                                   ;00000000;00000;0009;FO                                                     ;00000000;00000;0010;AHORA REPÚBLICAS (ERC-EH BILDU-BNG-ARA MÉS)            ;00000000;00000;0060;JUNTS UE                                               ;00000000;00000;0019;ANDALUCISTAS                                           ;00000000;00000;0020;IE                                                     ;00000000;00000;0023;ESCAÑOS EN BLANCO                                      ;00000000;00000;0024;CRT                                                    ;00000000;00000;0026;PFAC                                                   ;00000000;00000;0027;PCTE                                                   ;00000000;00000;0029;PCPE/PCPC                                              ;00000000;00000;0039;PACMA                                                  ;00000000;00000;0040;CREE EN EUROPA                                         ;00000000;00000;0041;PMR                                                    ;00000000;00000;0043;F                                                      ;00000000;00000;0072;EXISTE                                                 ;00000000;00000;0047;FE de las JONS                                         ;00000000;00000;0048;SAE                                                    ;00000000;00000;0049;J.U.E.X.                                               ;00000000;00000;0050;PH                                                     ;00000000;00000;0051;VOLT                                                   ;00000000;00000;0052;RECORTES CERO                                          ;00000000;00000;0063;EXTREMEÑOS                                             ;00000000;00000;0064;GLG                                                    ;00000000;00000;0065;PIRATAS / REBELDES                                     ;00000000;00000;0070;PREPAL                                                 ;00000000;00000;0000;                                                       ;00000000;00000;0000;                                                       ;00000000;00000;0000;                                                       ;00000000;00000;0000;                                                       ;00000000;00000;0000;                                                       ;00000000;00000;0000;                                                       ;00000000;00000;0000;                                                       ;00000000;00000;0000;                                                       ;00000000;00000;0000;                                                       ;00000000;00000;0000;                                                       ;00000000;00000;0000;                                                       ;00000000;00000;0000;                                                       ;00000000;00000;0000;                                                       ;00000000;00000;0000;                                                       ;00000000;00000;0000;                                                       ;00000000;00000;0000;                                                       ;00000000;00000;0000;                                                       ;00000000;00000;0000;                                                       ;00000000;00000;0000;                                                       ;00000000;00000;0000;                                                       ;00000000;00000;0000;                                                       ;00000000;00000;0000;                                                       ;00000000;00000;0000;                                                       ;00000000;00000;0000;                                                       ;00000000;00000;0000;                                                       ;00000000;00000;0000;                                                       ;00000000;00000;0000;                                                       ;00000000;00000;0000;                                                       ;00000000;00000;0000;                                                       ;00000000;00000;0000;                                                       ;00000000;00000;0000;                                                       ;00000000;00000;0000;                                                       ;00000000;00000;0000;                                                       ;00000000;00000;0000;                                                       ;00000000;00000;0000;                                                       ;00000000;00000;0000;                                                       ;00000000;00000;0000;                                                       ;00000000;00000;0000;                                                       ;00000000;00000;0000;                                                       ;00000000;00000;0000;                                                       ;00000000;00000;0000;                                                       ;00000000;00000;0000;                                                       ;00000000;00000;0000;                                                       ;00000000;00000;0000;                                                       ;00000000;00000;0000;                                                       ;00000000;00000;0000;                                                       ;00000000;00000;
2406100033;08;09;9;360;99;San Vicente del Valle                             ;99;99;00001;00000028;00000028;10000;00000017;06071;00000011;03928;00000001;00588;00000000;00000;0017;PSOE                                                   ;00000008;04705;0022;PP                                                     ;00000004;02352;0042;AGRUPACIÓN DE ELECTORES "SE ACABÓ LA FIESTA"           ;00000002;01176;0021;VOX                                                    ;00000001;00588;0023;ESCAÑOS EN BLANCO                                      ;00000001;00588;0001;IZQESP                                                 ;00000000;00000;0002;CEUS                                                   ;00000000;00000;0009;FO                                                     ;00000000;00000;0010;AHORA REPÚBLICAS (ERC-EH BILDU-BNG-ARA MÉS)            ;00000000;00000;0060;JUNTS UE                                               ;00000000;00000;0019;ANDALUCISTAS                                           ;00000000;00000;0020;IE                                                     ;00000000;00000;0024;CRT                                                    ;00000000;00000;0025;PODEMOS                                                ;00000000;00000;0026;PFAC                                                   ;00000000;00000;0027;PCTE                                                   ;00000000;00000;0029;PCPE/PCPC                                              ;00000000;00000;0032;SUMAR                                                  ;00000000;00000;0039;PACMA                                                  ;00000000;00000;0040;CREE EN EUROPA                                         ;00000000;00000;0041;PMR                                                    ;00000000;00000;0043;F                                                      ;00000000;00000;0072;EXISTE                                                 ;00000000;00000;0046;Cs                                                     ;00000000;00000;0047;FE de las JONS                                         ;00000000;00000;0048;SAE                                                    ;00000000;00000;0049;J.U.E.X.                                               ;00000000;00000;0050;PH                                                     ;00000000;00000;0051;VOLT                                                   ;00000000;00000;0052;RECORTES CERO                                          ;00000000;00000;0063;EXTREMEÑOS                                             ;00000000;00000;0064;GLG                                                    ;00000000;00000;0065;PIRATAS / REBELDES                                     ;00000000;00000;0070;PREPAL                                                 ;00000000;00000;0000;                                                       ;00000000;00000;0000;                                                       ;00000000;00000;0000;                                                       ;00000000;00000;0000;                                                       ;00000000;00000;0000;                                                       ;00000000;00000;0000;                                                       ;00000000;00000;0000;                                                       ;00000000;00000;0000;                                                       ;00000000;00000;0000;                                                       ;00000000;00000;0000;                                                       ;00000000;00000;0000;                                                       ;00000000;00000;0000;                                                       ;00000000;00000;0000;                                                       ;00000000;00000;0000;                                                       ;00000000;00000;0000;                                                       ;00000000;00000;0000;                                                       ;00000000;00000;0000;                                                       ;00000000;00000;0000;                                                       ;00000000;00000;0000;                                                       ;00000000;00000;0000;                                                       ;00000000;00000;0000;                                                       ;00000000;00000;0000;                                                       ;00000000;00000;0000;                                                       ;00000000;00000;0000;                                                       ;00000000;00000;0000;                                                       ;00000000;00000;0000;                                                       ;00000000;00000;0000;                                                       ;00000000;00000;0000;                                                       ;00000000;00000;0000;                                                       ;00000000;00000;0000;                                                       ;00000000;00000;0000;                                                       ;00000000;00000;0000;                                                       ;00000000;00000;0000;                                                       ;00000000;00000;0000;                                                       ;00000000;00000;0000;                                                       ;00000000;00000;0000;                                                       ;00000000;00000;0000;                                                       ;00000000;00000;0000;                                                       ;00000000;00000;0000;                                                       ;00000000;00000;0000;                                                       ;00000000;00000;0000;                                                       ;00000000;00000;0000;                                                       ;00000000;00000;0000;                                                       ;00000000;00000;0000;                                                       ;00000000;00000;0000;                                                       ;00000000;00000;0000;                                                       ;00000000;00000;
2406100033;08;09;9;361;99;Sargentes de la Lora                              ;99;99;00001;00000123;00000123;10000;00000077;06260;00000046;03739;00000001;00129;00000000;00000;0022;PP                                                     ;00000042;05454;0017;PSOE                                                   ;00000017;02207;0021;VOX                                                    ;00000008;01038;0020;IE                                                     ;00000002;00259;0025;PODEMOS                                                ;00000002;00259;0072;EXISTE                                                 ;00000002;00259;0032;SUMAR                                                  ;00000001;00129;0040;CREE EN EUROPA                                         ;00000001;00129;0048;SAE                                                    ;00000001;00129;0001;IZQESP                                                 ;00000000;00000;0002;CEUS                                                   ;00000000;00000;0009;FO                                                     ;00000000;00000;0010;AHORA REPÚBLICAS (ERC-EH BILDU-BNG-ARA MÉS)            ;00000000;00000;0060;JUNTS UE                                               ;00000000;00000;0019;ANDALUCISTAS                                           ;00000000;00000;0023;ESCAÑOS EN BLANCO                                      ;00000000;00000;0024;CRT                                                    ;00000000;00000;0026;PFAC                                                   ;00000000;00000;0027;PCTE                                                   ;00000000;00000;0029;PCPE/PCPC                                              ;00000000;00000;0039;PACMA                                                  ;00000000;00000;0041;PMR                                                    ;00000000;00000;0042;AGRUPACIÓN DE ELECTORES "SE ACABÓ LA FIESTA"           ;00000000;00000;0043;F                                                      ;00000000;00000;0046;Cs                                                     ;00000000;00000;0047;FE de las JONS                                         ;00000000;00000;0049;J.U.E.X.                                               ;00000000;00000;0050;PH                                                     ;00000000;00000;0051;VOLT                                                   ;00000000;00000;0052;RECORTES CERO                                          ;00000000;00000;0063;EXTREMEÑOS                                             ;00000000;00000;0064;GLG                                                    ;00000000;00000;0065;PIRATAS / REBELDES                                     ;00000000;00000;0070;PREPAL                                                 ;00000000;00000;0000;                                                       ;00000000;00000;0000;                                                       ;00000000;00000;0000;                                                       ;00000000;00000;0000;                                                       ;00000000;00000;0000;                                                       ;00000000;00000;0000;                                                       ;00000000;00000;0000;                                                       ;00000000;00000;0000;                                                       ;00000000;00000;0000;                                                       ;00000000;00000;0000;                                                       ;00000000;00000;0000;                                                       ;00000000;00000;0000;                                                       ;00000000;00000;0000;                                                       ;00000000;00000;0000;                                                       ;00000000;00000;0000;                                                       ;00000000;00000;0000;                                                       ;00000000;00000;0000;                                                       ;00000000;00000;0000;                                                       ;00000000;00000;0000;                                                       ;00000000;00000;0000;                                                       ;00000000;00000;0000;                                                       ;00000000;00000;0000;                                                       ;00000000;00000;0000;                                                       ;00000000;00000;0000;                                                       ;00000000;00000;0000;                                                       ;00000000;00000;0000;                                                       ;00000000;00000;0000;                                                       ;00000000;00000;0000;                                                       ;00000000;00000;0000;                                                       ;00000000;00000;0000;                                                       ;00000000;00000;0000;                                                       ;00000000;00000;0000;                                                       ;00000000;00000;0000;                                                       ;00000000;00000;0000;                                                       ;00000000;00000;0000;                                                       ;00000000;00000;0000;                                                       ;00000000;00000;0000;                                                       ;00000000;00000;0000;                                                       ;00000000;00000;0000;                                                       ;00000000;00000;0000;                                                       ;00000000;00000;0000;                                                       ;00000000;00000;0000;                                                       ;00000000;00000;0000;                                                       ;00000000;00000;0000;                                                       ;00000000;00000;0000;                                                       ;00000000;00000;0000;                                                       ;00000000;00000;
2406100033;08;09;9;362;99;Sarracín                                          ;99;99;00001;00000219;00000219;10000;00000145;06621;00000074;03378;00000001;00068;00000000;00000;0022;PP                                                     ;00000055;03793;0017;PSOE                                                   ;00000047;03241;0021;VOX                                                    ;00000014;00965;0042;AGRUPACIÓN DE ELECTORES "SE ACABÓ LA FIESTA"           ;00000012;00827;0032;SUMAR                                                  ;00000007;00482;0025;PODEMOS                                                ;00000003;00206;0009;FO                                                     ;00000001;00068;0026;PFAC                                                   ;00000001;00068;0039;PACMA                                                  ;00000001;00068;0040;CREE EN EUROPA                                         ;00000001;00068;0072;EXISTE                                                 ;00000001;00068;0046;Cs                                                     ;00000001;00068;0001;IZQESP                                                 ;00000000;00000;0002;CEUS                                                   ;00000000;00000;0010;AHORA REPÚBLICAS (ERC-EH BILDU-BNG-ARA MÉS)            ;00000000;00000;0060;JUNTS UE                                               ;00000000;00000;0019;ANDALUCISTAS                                           ;00000000;00000;0020;IE                                                     ;00000000;00000;0023;ESCAÑOS EN BLANCO                                      ;00000000;00000;0024;CRT                                                    ;00000000;00000;0027;PCTE                                                   ;00000000;00000;0029;PCPE/PCPC                                              ;00000000;00000;0041;PMR                                                    ;00000000;00000;0043;F                                                      ;00000000;00000;0047;FE de las JONS                                         ;00000000;00000;0048;SAE                                                    ;00000000;00000;0049;J.U.E.X.                                               ;00000000;00000;0050;PH                                                     ;00000000;00000;0051;VOLT                                                   ;00000000;00000;0052;RECORTES CERO                                          ;00000000;00000;0063;EXTREMEÑOS                                             ;00000000;00000;0064;GLG                                                    ;00000000;00000;0065;PIRATAS / REBELDES                                     ;00000000;00000;0070;PREPAL                                                 ;00000000;00000;0000;                                                       ;00000000;00000;0000;                                                       ;00000000;00000;0000;                                                       ;00000000;00000;0000;                                                       ;00000000;00000;0000;                                                       ;00000000;00000;0000;                                                       ;00000000;00000;0000;                                                       ;00000000;00000;0000;                                                       ;00000000;00000;0000;                                                       ;00000000;00000;0000;                                                       ;00000000;00000;0000;                                                       ;00000000;00000;0000;                                                       ;00000000;00000;0000;                                                       ;00000000;00000;0000;                                                       ;00000000;00000;0000;                                                       ;00000000;00000;0000;                                                       ;00000000;00000;0000;                                                       ;00000000;00000;0000;                                                       ;00000000;00000;0000;                                                       ;00000000;00000;0000;                                                       ;00000000;00000;0000;                                                       ;00000000;00000;0000;                                                       ;00000000;00000;0000;                                                       ;00000000;00000;0000;                                                       ;00000000;00000;0000;                                                       ;00000000;00000;0000;                                                       ;00000000;00000;0000;                                                       ;00000000;00000;0000;                                                       ;00000000;00000;0000;                                                       ;00000000;00000;0000;                                                       ;00000000;00000;0000;                                                       ;00000000;00000;0000;                                                       ;00000000;00000;0000;                                                       ;00000000;00000;0000;                                                       ;00000000;00000;0000;                                                       ;00000000;00000;0000;                                                       ;00000000;00000;0000;                                                       ;00000000;00000;0000;                                                       ;00000000;00000;0000;                                                       ;00000000;00000;0000;                                                       ;00000000;00000;0000;                                                       ;00000000;00000;0000;                                                       ;00000000;00000;0000;                                                       ;00000000;00000;0000;                                                       ;00000000;00000;0000;                                                       ;00000000;00000;0000;                                                       ;00000000;00000;
2406100033;08;09;9;363;99;Sasamón                                           ;99;99;00002;00000845;00000845;10000;00000522;06177;00000323;03822;00000004;00076;00000002;00038;0022;PP                                                     ;00000312;06000;0021;VOX                                                    ;00000081;01557;0017;PSOE                                                   ;00000060;01153;0042;AGRUPACIÓN DE ELECTORES "SE ACABÓ LA FIESTA"           ;00000034;00653;0032;SUMAR                                                  ;00000012;00230;0001;IZQESP                                                 ;00000003;00057;0009;FO                                                     ;00000002;00038;0039;PACMA                                                  ;00000002;00038;0046;Cs                                                     ;00000002;00038;0047;FE de las JONS                                         ;00000002;00038;0051;VOLT                                                   ;00000002;00038;0023;ESCAÑOS EN BLANCO                                      ;00000001;00019;0025;PODEMOS                                                ;00000001;00019;0072;EXISTE                                                 ;00000001;00019;0048;SAE                                                    ;00000001;00019;0002;CEUS                                                   ;00000000;00000;0010;AHORA REPÚBLICAS (ERC-EH BILDU-BNG-ARA MÉS)            ;00000000;00000;0060;JUNTS UE                                               ;00000000;00000;0019;ANDALUCISTAS                                           ;00000000;00000;0020;IE                                                     ;00000000;00000;0024;CRT                                                    ;00000000;00000;0026;PFAC                                                   ;00000000;00000;0027;PCTE                                                   ;00000000;00000;0029;PCPE/PCPC                                              ;00000000;00000;0040;CREE EN EUROPA                                         ;00000000;00000;0041;PMR                                                    ;00000000;00000;0043;F                                                      ;00000000;00000;0049;J.U.E.X.                                               ;00000000;00000;0050;PH                                                     ;00000000;00000;0052;RECORTES CERO                                          ;00000000;00000;0063;EXTREMEÑOS                                             ;00000000;00000;0064;GLG                                                    ;00000000;00000;0065;PIRATAS / REBELDES                                     ;00000000;00000;0070;PREPAL                                                 ;00000000;00000;0000;                                                       ;00000000;00000;0000;                                                       ;00000000;00000;0000;                                                       ;00000000;00000;0000;                                                       ;00000000;00000;0000;                                                       ;00000000;00000;0000;                                                       ;00000000;00000;0000;                                                       ;00000000;00000;0000;                                                       ;00000000;00000;0000;                                                       ;00000000;00000;0000;                                                       ;00000000;00000;0000;                                                       ;00000000;00000;0000;                                                       ;00000000;00000;0000;                                                       ;00000000;00000;0000;                                                       ;00000000;00000;0000;                                                       ;00000000;00000;0000;                                                       ;00000000;00000;0000;                                                       ;00000000;00000;0000;                                                       ;00000000;00000;0000;                                                       ;00000000;00000;0000;                                                       ;00000000;00000;0000;                                                       ;00000000;00000;0000;                                                       ;00000000;00000;0000;                                                       ;00000000;00000;0000;                                                       ;00000000;00000;0000;                                                       ;00000000;00000;0000;                                                       ;00000000;00000;0000;                                                       ;00000000;00000;0000;                                                       ;00000000;00000;0000;                                                       ;00000000;00000;0000;                                                       ;00000000;00000;0000;                                                       ;00000000;00000;0000;                                                       ;00000000;00000;0000;                                                       ;00000000;00000;0000;                                                       ;00000000;00000;0000;                                                       ;00000000;00000;0000;                                                       ;00000000;00000;0000;                                                       ;00000000;00000;0000;                                                       ;00000000;00000;0000;                                                       ;00000000;00000;0000;                                                       ;00000000;00000;0000;                                                       ;00000000;00000;0000;                                                       ;00000000;00000;0000;                                                       ;00000000;00000;0000;                                                       ;00000000;00000;0000;                                                       ;00000000;00000;0000;                                                       ;00000000;00000;
2406100033;08;09;9;365;99;La Sequera de Haza                                ;99;99;00001;00000026;00000026;10000;00000017;06538;00000009;03461;00000001;00588;00000000;00000;0022;PP                                                     ;00000006;03529;0017;PSOE                                                   ;00000004;02352;0021;VOX                                                    ;00000002;01176;0042;AGRUPACIÓN DE ELECTORES "SE ACABÓ LA FIESTA"           ;00000002;01176;0009;FO                                                     ;00000001;00588;0010;AHORA REPÚBLICAS (ERC-EH BILDU-BNG-ARA MÉS)            ;00000001;00588;0001;IZQESP                                                 ;00000000;00000;0002;CEUS                                                   ;00000000;00000;0060;JUNTS UE                                               ;00000000;00000;0019;ANDALUCISTAS                                           ;00000000;00000;0020;IE                                                     ;00000000;00000;0023;ESCAÑOS EN BLANCO                                      ;00000000;00000;0024;CRT                                                    ;00000000;00000;0025;PODEMOS                                                ;00000000;00000;0026;PFAC                                                   ;00000000;00000;0027;PCTE                                                   ;00000000;00000;0029;PCPE/PCPC                                              ;00000000;00000;0032;SUMAR                                                  ;00000000;00000;0039;PACMA                                                  ;00000000;00000;0040;CREE EN EUROPA                                         ;00000000;00000;0041;PMR                                                    ;00000000;00000;0043;F                                                      ;00000000;00000;0072;EXISTE                                                 ;00000000;00000;0046;Cs                                                     ;00000000;00000;0047;FE de las JONS                                         ;00000000;00000;0048;SAE                                                    ;00000000;00000;0049;J.U.E.X.                                               ;00000000;00000;0050;PH                                                     ;00000000;00000;0051;VOLT                                                   ;00000000;00000;0052;RECORTES CERO                                          ;00000000;00000;0063;EXTREMEÑOS                                             ;00000000;00000;0064;GLG                                                    ;00000000;00000;0065;PIRATAS / REBELDES                                     ;00000000;00000;0070;PREPAL                                                 ;00000000;00000;0000;                                                       ;00000000;00000;0000;                                                       ;00000000;00000;0000;                                                       ;00000000;00000;0000;                                                       ;00000000;00000;0000;                                                       ;00000000;00000;0000;                                                       ;00000000;00000;0000;                                                       ;00000000;00000;0000;                                                       ;00000000;00000;0000;                                                       ;00000000;00000;0000;                                                       ;00000000;00000;0000;                                                       ;00000000;00000;0000;                                                       ;00000000;00000;0000;                                                       ;00000000;00000;0000;                                                       ;00000000;00000;0000;                                                       ;00000000;00000;0000;                                                       ;00000000;00000;0000;                                                       ;00000000;00000;0000;                                                       ;00000000;00000;0000;                                                       ;00000000;00000;0000;                                                       ;00000000;00000;0000;                                                       ;00000000;00000;0000;                                                       ;00000000;00000;0000;                                                       ;00000000;00000;0000;                                                       ;00000000;00000;0000;                                                       ;00000000;00000;0000;                                                       ;00000000;00000;0000;                                                       ;00000000;00000;0000;                                                       ;00000000;00000;0000;                                                       ;00000000;00000;0000;                                                       ;00000000;00000;0000;                                                       ;00000000;00000;0000;                                                       ;00000000;00000;0000;                                                       ;00000000;00000;0000;                                                       ;00000000;00000;0000;                                                       ;00000000;00000;0000;                                                       ;00000000;00000;0000;                                                       ;00000000;00000;0000;                                                       ;00000000;00000;0000;                                                       ;00000000;00000;0000;                                                       ;00000000;00000;0000;                                                       ;00000000;00000;0000;                                                       ;00000000;00000;0000;                                                       ;00000000;00000;0000;                                                       ;00000000;00000;0000;                                                       ;00000000;00000;0000;                                                       ;00000000;00000;
2406100033;08;09;9;366;99;Solarana                                          ;99;99;00001;00000073;00000073;10000;00000045;06164;00000028;03835;00000001;00222;00000000;00000;0022;PP                                                     ;00000017;03777;0017;PSOE                                                   ;00000014;03111;0021;VOX                                                    ;00000008;01777;0025;PODEMOS                                                ;00000002;00444;0032;SUMAR                                                  ;00000002;00444;0072;EXISTE                                                 ;00000001;00222;0001;IZQESP                                                 ;00000000;00000;0002;CEUS                                                   ;00000000;00000;0009;FO                                                     ;00000000;00000;0010;AHORA REPÚBLICAS (ERC-EH BILDU-BNG-ARA MÉS)            ;00000000;00000;0060;JUNTS UE                                               ;00000000;00000;0019;ANDALUCISTAS                                           ;00000000;00000;0020;IE                                                     ;00000000;00000;0023;ESCAÑOS EN BLANCO                                      ;00000000;00000;0024;CRT                                                    ;00000000;00000;0026;PFAC                                                   ;00000000;00000;0027;PCTE                                                   ;00000000;00000;0029;PCPE/PCPC                                              ;00000000;00000;0039;PACMA                                                  ;00000000;00000;0040;CREE EN EUROPA                                         ;00000000;00000;0041;PMR                                                    ;00000000;00000;0042;AGRUPACIÓN DE ELECTORES "SE ACABÓ LA FIESTA"           ;00000000;00000;0043;F                                                      ;00000000;00000;0046;Cs                                                     ;00000000;00000;0047;FE de las JONS                                         ;00000000;00000;0048;SAE                                                    ;00000000;00000;0049;J.U.E.X.                                               ;00000000;00000;0050;PH                                                     ;00000000;00000;0051;VOLT                                                   ;00000000;00000;0052;RECORTES CERO                                          ;00000000;00000;0063;EXTREMEÑOS                                             ;00000000;00000;0064;GLG                                                    ;00000000;00000;0065;PIRATAS / REBELDES                                     ;00000000;00000;0070;PREPAL                                                 ;00000000;00000;0000;                                                       ;00000000;00000;0000;                                                       ;00000000;00000;0000;                                                       ;00000000;00000;0000;                                                       ;00000000;00000;0000;                                                       ;00000000;00000;0000;                                                       ;00000000;00000;0000;                                                       ;00000000;00000;0000;                                                       ;00000000;00000;0000;                                                       ;00000000;00000;0000;                                                       ;00000000;00000;0000;                                                       ;00000000;00000;0000;                                                       ;00000000;00000;0000;                                                       ;00000000;00000;0000;                                                       ;00000000;00000;0000;                                                       ;00000000;00000;0000;                                                       ;00000000;00000;0000;                                                       ;00000000;00000;0000;                                                       ;00000000;00000;0000;                                                       ;00000000;00000;0000;                                                       ;00000000;00000;0000;                                                       ;00000000;00000;0000;                                                       ;00000000;00000;0000;                                                       ;00000000;00000;0000;                                                       ;00000000;00000;0000;                                                       ;00000000;00000;0000;                                                       ;00000000;00000;0000;                                                       ;00000000;00000;0000;                                                       ;00000000;00000;0000;                                                       ;00000000;00000;0000;                                                       ;00000000;00000;0000;                                                       ;00000000;00000;0000;                                                       ;00000000;00000;0000;                                                       ;00000000;00000;0000;                                                       ;00000000;00000;0000;                                                       ;00000000;00000;0000;                                                       ;00000000;00000;0000;                                                       ;00000000;00000;0000;                                                       ;00000000;00000;0000;                                                       ;00000000;00000;0000;                                                       ;00000000;00000;0000;                                                       ;00000000;00000;0000;                                                       ;00000000;00000;0000;                                                       ;00000000;00000;0000;                                                       ;00000000;00000;0000;                                                       ;00000000;00000;0000;                                                       ;00000000;00000;
2406100033;08;09;9;368;99;Sordillos                                         ;99;99;00001;00000021;00000021;10000;00000011;05238;00000010;04761;00000000;00000;00000000;00000;0022;PP                                                     ;00000009;08181;0017;PSOE                                                   ;00000001;00909;0021;VOX                                                    ;00000001;00909;0001;IZQESP                                                 ;00000000;00000;0002;CEUS                                                   ;00000000;00000;0009;FO                                                     ;00000000;00000;0010;AHORA REPÚBLICAS (ERC-EH BILDU-BNG-ARA MÉS)            ;00000000;00000;0060;JUNTS UE                                               ;00000000;00000;0019;ANDALUCISTAS                                           ;00000000;00000;0020;IE                                                     ;00000000;00000;0023;ESCAÑOS EN BLANCO                                      ;00000000;00000;0024;CRT                                                    ;00000000;00000;0025;PODEMOS                                                ;00000000;00000;0026;PFAC                                                   ;00000000;00000;0027;PCTE                                                   ;00000000;00000;0029;PCPE/PCPC                                              ;00000000;00000;0032;SUMAR                                                  ;00000000;00000;0039;PACMA                                                  ;00000000;00000;0040;CREE EN EUROPA                                         ;00000000;00000;0041;PMR                                                    ;00000000;00000;0042;AGRUPACIÓN DE ELECTORES "SE ACABÓ LA FIESTA"           ;00000000;00000;0043;F                                                      ;00000000;00000;0072;EXISTE                                                 ;00000000;00000;0046;Cs                                                     ;00000000;00000;0047;FE de las JONS                                         ;00000000;00000;0048;SAE                                                    ;00000000;00000;0049;J.U.E.X.                                               ;00000000;00000;0050;PH                                                     ;00000000;00000;0051;VOLT                                                   ;00000000;00000;0052;RECORTES CERO                                          ;00000000;00000;0063;EXTREMEÑOS                                             ;00000000;00000;0064;GLG                                                    ;00000000;00000;0065;PIRATAS / REBELDES                                     ;00000000;00000;0070;PREPAL                                                 ;00000000;00000;0000;                                                       ;00000000;00000;0000;                                                       ;00000000;00000;0000;                                                       ;00000000;00000;0000;                                                       ;00000000;00000;0000;                                                       ;00000000;00000;0000;                                                       ;00000000;00000;0000;                                                       ;00000000;00000;0000;                                                       ;00000000;00000;0000;                                                       ;00000000;00000;0000;                                                       ;00000000;00000;0000;                                                       ;00000000;00000;0000;                                                       ;00000000;00000;0000;                                                       ;00000000;00000;0000;                                                       ;00000000;00000;0000;                                                       ;00000000;00000;0000;                                                       ;00000000;00000;0000;                                                       ;00000000;00000;0000;                                                       ;00000000;00000;0000;                                                       ;00000000;00000;0000;                                                       ;00000000;00000;0000;                                                       ;00000000;00000;0000;                                                       ;00000000;00000;0000;                                                       ;00000000;00000;0000;                                                       ;00000000;00000;0000;                                                       ;00000000;00000;0000;                                                       ;00000000;00000;0000;                                                       ;00000000;00000;0000;                                                       ;00000000;00000;0000;                                                       ;00000000;00000;0000;                                                       ;00000000;00000;0000;                                                       ;00000000;00000;0000;                                                       ;00000000;00000;0000;                                                       ;00000000;00000;0000;                                                       ;00000000;00000;0000;                                                       ;00000000;00000;0000;                                                       ;00000000;00000;0000;                                                       ;00000000;00000;0000;                                                       ;00000000;00000;0000;                                                       ;00000000;00000;0000;                                                       ;00000000;00000;0000;                                                       ;00000000;00000;0000;                                                       ;00000000;00000;0000;                                                       ;00000000;00000;0000;                                                       ;00000000;00000;0000;                                                       ;00000000;00000;0000;                                                       ;00000000;00000;
2406100033;08;09;9;369;99;Sotillo de la Ribera                              ;99;99;00001;00000388;00000388;10000;00000209;05386;00000179;04613;00000003;00144;00000002;00095;0022;PP                                                     ;00000084;04057;0017;PSOE                                                   ;00000080;03864;0021;VOX                                                    ;00000013;00628;0032;SUMAR                                                  ;00000006;00289;0025;PODEMOS                                                ;00000004;00193;0046;Cs                                                     ;00000004;00193;0042;AGRUPACIÓN DE ELECTORES "SE ACABÓ LA FIESTA"           ;00000003;00144;0010;AHORA REPÚBLICAS (ERC-EH BILDU-BNG-ARA MÉS)            ;00000002;00096;0048;SAE                                                    ;00000002;00096;0009;FO                                                     ;00000001;00048;0039;PACMA                                                  ;00000001;00048;0041;PMR                                                    ;00000001;00048;0043;F                                                      ;00000001;00048;0072;EXISTE                                                 ;00000001;00048;0052;RECORTES CERO                                          ;00000001;00048;0001;IZQESP                                                 ;00000000;00000;0002;CEUS                                                   ;00000000;00000;0060;JUNTS UE                                               ;00000000;00000;0019;ANDALUCISTAS                                           ;00000000;00000;0020;IE                                                     ;00000000;00000;0023;ESCAÑOS EN BLANCO                                      ;00000000;00000;0024;CRT                                                    ;00000000;00000;0026;PFAC                                                   ;00000000;00000;0027;PCTE                                                   ;00000000;00000;0029;PCPE/PCPC                                              ;00000000;00000;0040;CREE EN EUROPA                                         ;00000000;00000;0047;FE de las JONS                                         ;00000000;00000;0049;J.U.E.X.                                               ;00000000;00000;0050;PH                                                     ;00000000;00000;0051;VOLT                                                   ;00000000;00000;0063;EXTREMEÑOS                                             ;00000000;00000;0064;GLG                                                    ;00000000;00000;0065;PIRATAS / REBELDES                                     ;00000000;00000;0070;PREPAL                                                 ;00000000;00000;0000;                                                       ;00000000;00000;0000;                                                       ;00000000;00000;0000;                                                       ;00000000;00000;0000;                                                       ;00000000;00000;0000;                                                       ;00000000;00000;0000;                                                       ;00000000;00000;0000;                                                       ;00000000;00000;0000;                                                       ;00000000;00000;0000;                                                       ;00000000;00000;0000;                                                       ;00000000;00000;0000;                                                       ;00000000;00000;0000;                                                       ;00000000;00000;0000;                                                       ;00000000;00000;0000;                                                       ;00000000;00000;0000;                                                       ;00000000;00000;0000;                                                       ;00000000;00000;0000;                                                       ;00000000;00000;0000;                                                       ;00000000;00000;0000;                                                       ;00000000;00000;0000;                                                       ;00000000;00000;0000;                                                       ;00000000;00000;0000;                                                       ;00000000;00000;0000;                                                       ;00000000;00000;0000;                                                       ;00000000;00000;0000;                                                       ;00000000;00000;0000;                                                       ;00000000;00000;0000;                                                       ;00000000;00000;0000;                                                       ;00000000;00000;0000;                                                       ;00000000;00000;0000;                                                       ;00000000;00000;0000;                                                       ;00000000;00000;0000;                                                       ;00000000;00000;0000;                                                       ;00000000;00000;0000;                                                       ;00000000;00000;0000;                                                       ;00000000;00000;0000;                                                       ;00000000;00000;0000;                                                       ;00000000;00000;0000;                                                       ;00000000;00000;0000;                                                       ;00000000;00000;0000;                                                       ;00000000;00000;0000;                                                       ;00000000;00000;0000;                                                       ;00000000;00000;0000;                                                       ;00000000;00000;0000;                                                       ;00000000;00000;0000;                                                       ;00000000;00000;0000;                                                       ;00000000;00000;
2406100033;08;09;9;372;99;Sotragero                                         ;99;99;00001;00000240;00000240;10000;00000163;06791;00000077;03208;00000002;00123;00000001;00061;0022;PP                                                     ;00000078;04814;0017;PSOE                                                   ;00000036;02222;0021;VOX                                                    ;00000017;01049;0032;SUMAR                                                  ;00000011;00679;0042;AGRUPACIÓN DE ELECTORES "SE ACABÓ LA FIESTA"           ;00000006;00370;0025;PODEMOS                                                ;00000004;00246;0009;FO                                                     ;00000002;00123;0020;IE                                                     ;00000002;00123;0002;CEUS                                                   ;00000001;00061;0039;PACMA                                                  ;00000001;00061;0048;SAE                                                    ;00000001;00061;0070;PREPAL                                                 ;00000001;00061;0001;IZQESP                                                 ;00000000;00000;0010;AHORA REPÚBLICAS (ERC-EH BILDU-BNG-ARA MÉS)            ;00000000;00000;0060;JUNTS UE                                               ;00000000;00000;0019;ANDALUCISTAS                                           ;00000000;00000;0023;ESCAÑOS EN BLANCO                                      ;00000000;00000;0024;CRT                                                    ;00000000;00000;0026;PFAC                                                   ;00000000;00000;0027;PCTE                                                   ;00000000;00000;0029;PCPE/PCPC                                              ;00000000;00000;0040;CREE EN EUROPA                                         ;00000000;00000;0041;PMR                                                    ;00000000;00000;0043;F                                                      ;00000000;00000;0072;EXISTE                                                 ;00000000;00000;0046;Cs                                                     ;00000000;00000;0047;FE de las JONS                                         ;00000000;00000;0049;J.U.E.X.                                               ;00000000;00000;0050;PH                                                     ;00000000;00000;0051;VOLT                                                   ;00000000;00000;0052;RECORTES CERO                                          ;00000000;00000;0063;EXTREMEÑOS                                             ;00000000;00000;0064;GLG                                                    ;00000000;00000;0065;PIRATAS / REBELDES                                     ;00000000;00000;0000;                                                       ;00000000;00000;0000;                                                       ;00000000;00000;0000;                                                       ;00000000;00000;0000;                                                       ;00000000;00000;0000;                                                       ;00000000;00000;0000;                                                       ;00000000;00000;0000;                                                       ;00000000;00000;0000;                                                       ;00000000;00000;0000;                                                       ;00000000;00000;0000;                                                       ;00000000;00000;0000;                                                       ;00000000;00000;0000;                                                       ;00000000;00000;0000;                                                       ;00000000;00000;0000;                                                       ;00000000;00000;0000;                                                       ;00000000;00000;0000;                                                       ;00000000;00000;0000;                                                       ;00000000;00000;0000;                                                       ;00000000;00000;0000;                                                       ;00000000;00000;0000;                                                       ;00000000;00000;0000;                                                       ;00000000;00000;0000;                                                       ;00000000;00000;0000;                                                       ;00000000;00000;0000;                                                       ;00000000;00000;0000;                                                       ;00000000;00000;0000;                                                       ;00000000;00000;0000;                                                       ;00000000;00000;0000;                                                       ;00000000;00000;0000;                                                       ;00000000;00000;0000;                                                       ;00000000;00000;0000;                                                       ;00000000;00000;0000;                                                       ;00000000;00000;0000;                                                       ;00000000;00000;0000;                                                       ;00000000;00000;0000;                                                       ;00000000;00000;0000;                                                       ;00000000;00000;0000;                                                       ;00000000;00000;0000;                                                       ;00000000;00000;0000;                                                       ;00000000;00000;0000;                                                       ;00000000;00000;0000;                                                       ;00000000;00000;0000;                                                       ;00000000;00000;0000;                                                       ;00000000;00000;0000;                                                       ;00000000;00000;0000;                                                       ;00000000;00000;0000;                                                       ;00000000;00000;
2406100033;08;09;9;373;99;Sotresgudo                                        ;99;99;00001;00000389;00000389;10000;00000214;05501;00000175;04498;00000005;00238;00000004;00186;0022;PP                                                     ;00000128;06095;0021;VOX                                                    ;00000033;01571;0017;PSOE                                                   ;00000022;01047;0042;AGRUPACIÓN DE ELECTORES "SE ACABÓ LA FIESTA"           ;00000010;00476;0025;PODEMOS                                                ;00000003;00142;0046;Cs                                                     ;00000003;00142;0032;SUMAR                                                  ;00000002;00095;0023;ESCAÑOS EN BLANCO                                      ;00000001;00047;0026;PFAC                                                   ;00000001;00047;0029;PCPE/PCPC                                              ;00000001;00047;0072;EXISTE                                                 ;00000001;00047;0001;IZQESP                                                 ;00000000;00000;0002;CEUS                                                   ;00000000;00000;0009;FO                                                     ;00000000;00000;0010;AHORA REPÚBLICAS (ERC-EH BILDU-BNG-ARA MÉS)            ;00000000;00000;0060;JUNTS UE                                               ;00000000;00000;0019;ANDALUCISTAS                                           ;00000000;00000;0020;IE                                                     ;00000000;00000;0024;CRT                                                    ;00000000;00000;0027;PCTE                                                   ;00000000;00000;0039;PACMA                                                  ;00000000;00000;0040;CREE EN EUROPA                                         ;00000000;00000;0041;PMR                                                    ;00000000;00000;0043;F                                                      ;00000000;00000;0047;FE de las JONS                                         ;00000000;00000;0048;SAE                                                    ;00000000;00000;0049;J.U.E.X.                                               ;00000000;00000;0050;PH                                                     ;00000000;00000;0051;VOLT                                                   ;00000000;00000;0052;RECORTES CERO                                          ;00000000;00000;0063;EXTREMEÑOS                                             ;00000000;00000;0064;GLG                                                    ;00000000;00000;0065;PIRATAS / REBELDES                                     ;00000000;00000;0070;PREPAL                                                 ;00000000;00000;0000;                                                       ;00000000;00000;0000;                                                       ;00000000;00000;0000;                                                       ;00000000;00000;0000;                                                       ;00000000;00000;0000;                                                       ;00000000;00000;0000;                                                       ;00000000;00000;0000;                                                       ;00000000;00000;0000;                                                       ;00000000;00000;0000;                                                       ;00000000;00000;0000;                                                       ;00000000;00000;0000;                                                       ;00000000;00000;0000;                                                       ;00000000;00000;0000;                                                       ;00000000;00000;0000;                                                       ;00000000;00000;0000;                                                       ;00000000;00000;0000;                                                       ;00000000;00000;0000;                                                       ;00000000;00000;0000;                                                       ;00000000;00000;0000;                                                       ;00000000;00000;0000;                                                       ;00000000;00000;0000;                                                       ;00000000;00000;0000;                                                       ;00000000;00000;0000;                                                       ;00000000;00000;0000;                                                       ;00000000;00000;0000;                                                       ;00000000;00000;0000;                                                       ;00000000;00000;0000;                                                       ;00000000;00000;0000;                                                       ;00000000;00000;0000;                                                       ;00000000;00000;0000;                                                       ;00000000;00000;0000;                                                       ;00000000;00000;0000;                                                       ;00000000;00000;0000;                                                       ;00000000;00000;0000;                                                       ;00000000;00000;0000;                                                       ;00000000;00000;0000;                                                       ;00000000;00000;0000;                                                       ;00000000;00000;0000;                                                       ;00000000;00000;0000;                                                       ;00000000;00000;0000;                                                       ;00000000;00000;0000;                                                       ;00000000;00000;0000;                                                       ;00000000;00000;0000;                                                       ;00000000;00000;0000;                                                       ;00000000;00000;0000;                                                       ;00000000;00000;0000;                                                       ;00000000;00000;
2406100033;08;09;9;374;99;Susinos del Páramo                                ;99;99;00001;00000106;00000106;10000;00000076;07169;00000030;02830;00000004;00533;00000001;00131;0022;PP                                                     ;00000039;05200;0017;PSOE                                                   ;00000015;02000;0021;VOX                                                    ;00000004;00533;0042;AGRUPACIÓN DE ELECTORES "SE ACABÓ LA FIESTA"           ;00000004;00533;0025;PODEMOS                                                ;00000003;00400;0046;Cs                                                     ;00000002;00266;0001;IZQESP                                                 ;00000001;00133;0023;ESCAÑOS EN BLANCO                                      ;00000001;00133;0032;SUMAR                                                  ;00000001;00133;0048;SAE                                                    ;00000001;00133;0002;CEUS                                                   ;00000000;00000;0009;FO                                                     ;00000000;00000;0010;AHORA REPÚBLICAS (ERC-EH BILDU-BNG-ARA MÉS)            ;00000000;00000;0060;JUNTS UE                                               ;00000000;00000;0019;ANDALUCISTAS                                           ;00000000;00000;0020;IE                                                     ;00000000;00000;0024;CRT                                                    ;00000000;00000;0026;PFAC                                                   ;00000000;00000;0027;PCTE                                                   ;00000000;00000;0029;PCPE/PCPC                                              ;00000000;00000;0039;PACMA                                                  ;00000000;00000;0040;CREE EN EUROPA                                         ;00000000;00000;0041;PMR                                                    ;00000000;00000;0043;F                                                      ;00000000;00000;0072;EXISTE                                                 ;00000000;00000;0047;FE de las JONS                                         ;00000000;00000;0049;J.U.E.X.                                               ;00000000;00000;0050;PH                                                     ;00000000;00000;0051;VOLT                                                   ;00000000;00000;0052;RECORTES CERO                                          ;00000000;00000;0063;EXTREMEÑOS                                             ;00000000;00000;0064;GLG                                                    ;00000000;00000;0065;PIRATAS / REBELDES                                     ;00000000;00000;0070;PREPAL                                                 ;00000000;00000;0000;                                                       ;00000000;00000;0000;                                                       ;00000000;00000;0000;                                                       ;00000000;00000;0000;                                                       ;00000000;00000;0000;                                                       ;00000000;00000;0000;                                                       ;00000000;00000;0000;                                                       ;00000000;00000;0000;                                                       ;00000000;00000;0000;                                                       ;00000000;00000;0000;                                                       ;00000000;00000;0000;                                                       ;00000000;00000;0000;                                                       ;00000000;00000;0000;                                                       ;00000000;00000;0000;                                                       ;00000000;00000;0000;                                                       ;00000000;00000;0000;                                                       ;00000000;00000;0000;                                                       ;00000000;00000;0000;                                                       ;00000000;00000;0000;                                                       ;00000000;00000;0000;                                                       ;00000000;00000;0000;                                                       ;00000000;00000;0000;                                                       ;00000000;00000;0000;                                                       ;00000000;00000;0000;                                                       ;00000000;00000;0000;                                                       ;00000000;00000;0000;                                                       ;00000000;00000;0000;                                                       ;00000000;00000;0000;                                                       ;00000000;00000;0000;                                                       ;00000000;00000;0000;                                                       ;00000000;00000;0000;                                                       ;00000000;00000;0000;                                                       ;00000000;00000;0000;                                                       ;00000000;00000;0000;                                                       ;00000000;00000;0000;                                                       ;00000000;00000;0000;                                                       ;00000000;00000;0000;                                                       ;00000000;00000;0000;                                                       ;00000000;00000;0000;                                                       ;00000000;00000;0000;                                                       ;00000000;00000;0000;                                                       ;00000000;00000;0000;                                                       ;00000000;00000;0000;                                                       ;00000000;00000;0000;                                                       ;00000000;00000;0000;                                                       ;00000000;00000;0000;                                                       ;00000000;00000;
2406100033;08;09;9;375;99;Tamarón                                           ;99;99;00001;00000050;00000050;10000;00000036;07200;00000014;02800;00000000;00000;00000000;00000;0022;PP                                                     ;00000017;04722;0021;VOX                                                    ;00000013;03611;0017;PSOE                                                   ;00000004;01111;0042;AGRUPACIÓN DE ELECTORES "SE ACABÓ LA FIESTA"           ;00000001;00277;0048;SAE                                                    ;00000001;00277;0001;IZQESP                                                 ;00000000;00000;0002;CEUS                                                   ;00000000;00000;0009;FO                                                     ;00000000;00000;0010;AHORA REPÚBLICAS (ERC-EH BILDU-BNG-ARA MÉS)            ;00000000;00000;0060;JUNTS UE                                               ;00000000;00000;0019;ANDALUCISTAS                                           ;00000000;00000;0020;IE                                                     ;00000000;00000;0023;ESCAÑOS EN BLANCO                                      ;00000000;00000;0024;CRT                                                    ;00000000;00000;0025;PODEMOS                                                ;00000000;00000;0026;PFAC                                                   ;00000000;00000;0027;PCTE                                                   ;00000000;00000;0029;PCPE/PCPC                                              ;00000000;00000;0032;SUMAR                                                  ;00000000;00000;0039;PACMA                                                  ;00000000;00000;0040;CREE EN EUROPA                                         ;00000000;00000;0041;PMR                                                    ;00000000;00000;0043;F                                                      ;00000000;00000;0072;EXISTE                                                 ;00000000;00000;0046;Cs                                                     ;00000000;00000;0047;FE de las JONS                                         ;00000000;00000;0049;J.U.E.X.                                               ;00000000;00000;0050;PH                                                     ;00000000;00000;0051;VOLT                                                   ;00000000;00000;0052;RECORTES CERO                                          ;00000000;00000;0063;EXTREMEÑOS                                             ;00000000;00000;0064;GLG                                                    ;00000000;00000;0065;PIRATAS / REBELDES                                     ;00000000;00000;0070;PREPAL                                                 ;00000000;00000;0000;                                                       ;00000000;00000;0000;                                                       ;00000000;00000;0000;                                                       ;00000000;00000;0000;                                                       ;00000000;00000;0000;                                                       ;00000000;00000;0000;                                                       ;00000000;00000;0000;                                                       ;00000000;00000;0000;                                                       ;00000000;00000;0000;                                                       ;00000000;00000;0000;                                                       ;00000000;00000;0000;                                                       ;00000000;00000;0000;                                                       ;00000000;00000;0000;                                                       ;00000000;00000;0000;                                                       ;00000000;00000;0000;                                                       ;00000000;00000;0000;                                                       ;00000000;00000;0000;                                                       ;00000000;00000;0000;                                                       ;00000000;00000;0000;                                                       ;00000000;00000;0000;                                                       ;00000000;00000;0000;                                                       ;00000000;00000;0000;                                                       ;00000000;00000;0000;                                                       ;00000000;00000;0000;                                                       ;00000000;00000;0000;                                                       ;00000000;00000;0000;                                                       ;00000000;00000;0000;                                                       ;00000000;00000;0000;                                                       ;00000000;00000;0000;                                                       ;00000000;00000;0000;                                                       ;00000000;00000;0000;                                                       ;00000000;00000;0000;                                                       ;00000000;00000;0000;                                                       ;00000000;00000;0000;                                                       ;00000000;00000;0000;                                                       ;00000000;00000;0000;                                                       ;00000000;00000;0000;                                                       ;00000000;00000;0000;                                                       ;00000000;00000;0000;                                                       ;00000000;00000;0000;                                                       ;00000000;00000;0000;                                                       ;00000000;00000;0000;                                                       ;00000000;00000;0000;                                                       ;00000000;00000;0000;                                                       ;00000000;00000;0000;                                                       ;00000000;00000;0000;                                                       ;00000000;00000;
2406100033;08;09;9;377;99;Tardajos                                          ;99;99;00001;00000709;00000709;10000;00000374;05275;00000335;04724;00000001;00027;00000005;00133;0022;PP                                                     ;00000189;05121;0017;PSOE                                                   ;00000080;02168;0021;VOX                                                    ;00000045;01219;0042;AGRUPACIÓN DE ELECTORES "SE ACABÓ LA FIESTA"           ;00000026;00704;0025;PODEMOS                                                ;00000007;00189;0046;Cs                                                     ;00000006;00162;0048;SAE                                                    ;00000006;00162;0039;PACMA                                                  ;00000003;00081;0001;IZQESP                                                 ;00000002;00054;0032;SUMAR                                                  ;00000002;00054;0010;AHORA REPÚBLICAS (ERC-EH BILDU-BNG-ARA MÉS)            ;00000001;00027;0063;EXTREMEÑOS                                             ;00000001;00027;0002;CEUS                                                   ;00000000;00000;0009;FO                                                     ;00000000;00000;0060;JUNTS UE                                               ;00000000;00000;0019;ANDALUCISTAS                                           ;00000000;00000;0020;IE                                                     ;00000000;00000;0023;ESCAÑOS EN BLANCO                                      ;00000000;00000;0024;CRT                                                    ;00000000;00000;0026;PFAC                                                   ;00000000;00000;0027;PCTE                                                   ;00000000;00000;0029;PCPE/PCPC                                              ;00000000;00000;0040;CREE EN EUROPA                                         ;00000000;00000;0041;PMR                                                    ;00000000;00000;0043;F                                                      ;00000000;00000;0072;EXISTE                                                 ;00000000;00000;0047;FE de las JONS                                         ;00000000;00000;0049;J.U.E.X.                                               ;00000000;00000;0050;PH                                                     ;00000000;00000;0051;VOLT                                                   ;00000000;00000;0052;RECORTES CERO                                          ;00000000;00000;0064;GLG                                                    ;00000000;00000;0065;PIRATAS / REBELDES                                     ;00000000;00000;0070;PREPAL                                                 ;00000000;00000;0000;                                                       ;00000000;00000;0000;                                                       ;00000000;00000;0000;                                                       ;00000000;00000;0000;                                                       ;00000000;00000;0000;                                                       ;00000000;00000;0000;                                                       ;00000000;00000;0000;                                                       ;00000000;00000;0000;                                                       ;00000000;00000;0000;                                                       ;00000000;00000;0000;                                                       ;00000000;00000;0000;                                                       ;00000000;00000;0000;                                                       ;00000000;00000;0000;                                                       ;00000000;00000;0000;                                                       ;00000000;00000;0000;                                                       ;00000000;00000;0000;                                                       ;00000000;00000;0000;                                                       ;00000000;00000;0000;                                                       ;00000000;00000;0000;                                                       ;00000000;00000;0000;                                                       ;00000000;00000;0000;                                                       ;00000000;00000;0000;                                                       ;00000000;00000;0000;                                                       ;00000000;00000;0000;                                                       ;00000000;00000;0000;                                                       ;00000000;00000;0000;                                                       ;00000000;00000;0000;                                                       ;00000000;00000;0000;                                                       ;00000000;00000;0000;                                                       ;00000000;00000;0000;                                                       ;00000000;00000;0000;                                                       ;00000000;00000;0000;                                                       ;00000000;00000;0000;                                                       ;00000000;00000;0000;                                                       ;00000000;00000;0000;                                                       ;00000000;00000;0000;                                                       ;00000000;00000;0000;                                                       ;00000000;00000;0000;                                                       ;00000000;00000;0000;                                                       ;00000000;00000;0000;                                                       ;00000000;00000;0000;                                                       ;00000000;00000;0000;                                                       ;00000000;00000;0000;                                                       ;00000000;00000;0000;                                                       ;00000000;00000;0000;                                                       ;00000000;00000;0000;                                                       ;00000000;00000;
2406100033;08;09;9;378;99;Tejada                                            ;99;99;00001;00000034;00000034;10000;00000021;06176;00000013;03823;00000000;00000;00000000;00000;0022;PP                                                     ;00000009;04285;0017;PSOE                                                   ;00000004;01904;0025;PODEMOS                                                ;00000004;01904;0072;EXISTE                                                 ;00000002;00952;0021;VOX                                                    ;00000001;00476;0048;SAE                                                    ;00000001;00476;0001;IZQESP                                                 ;00000000;00000;0002;CEUS                                                   ;00000000;00000;0009;FO                                                     ;00000000;00000;0010;AHORA REPÚBLICAS (ERC-EH BILDU-BNG-ARA MÉS)            ;00000000;00000;0060;JUNTS UE                                               ;00000000;00000;0019;ANDALUCISTAS                                           ;00000000;00000;0020;IE                                                     ;00000000;00000;0023;ESCAÑOS EN BLANCO                                      ;00000000;00000;0024;CRT                                                    ;00000000;00000;0026;PFAC                                                   ;00000000;00000;0027;PCTE                                                   ;00000000;00000;0029;PCPE/PCPC                                              ;00000000;00000;0032;SUMAR                                                  ;00000000;00000;0039;PACMA                                                  ;00000000;00000;0040;CREE EN EUROPA                                         ;00000000;00000;0041;PMR                                                    ;00000000;00000;0042;AGRUPACIÓN DE ELECTORES "SE ACABÓ LA FIESTA"           ;00000000;00000;0043;F                                                      ;00000000;00000;0046;Cs                                                     ;00000000;00000;0047;FE de las JONS                                         ;00000000;00000;0049;J.U.E.X.                                               ;00000000;00000;0050;PH                                                     ;00000000;00000;0051;VOLT                                                   ;00000000;00000;0052;RECORTES CERO                                          ;00000000;00000;0063;EXTREMEÑOS                                             ;00000000;00000;0064;GLG                                                    ;00000000;00000;0065;PIRATAS / REBELDES                                     ;00000000;00000;0070;PREPAL                                                 ;00000000;00000;0000;                                                       ;00000000;00000;0000;                                                       ;00000000;00000;0000;                                                       ;00000000;00000;0000;                                                       ;00000000;00000;0000;                                                       ;00000000;00000;0000;                                                       ;00000000;00000;0000;                                                       ;00000000;00000;0000;                                                       ;00000000;00000;0000;                                                       ;00000000;00000;0000;                                                       ;00000000;00000;0000;                                                       ;00000000;00000;0000;                                                       ;00000000;00000;0000;                                                       ;00000000;00000;0000;                                                       ;00000000;00000;0000;                                                       ;00000000;00000;0000;                                                       ;00000000;00000;0000;                                                       ;00000000;00000;0000;                                                       ;00000000;00000;0000;                                                       ;00000000;00000;0000;                                                       ;00000000;00000;0000;                                                       ;00000000;00000;0000;                                                       ;00000000;00000;0000;                                                       ;00000000;00000;0000;                                                       ;00000000;00000;0000;                                                       ;00000000;00000;0000;                                                       ;00000000;00000;0000;                                                       ;00000000;00000;0000;                                                       ;00000000;00000;0000;                                                       ;00000000;00000;0000;                                                       ;00000000;00000;0000;                                                       ;00000000;00000;0000;                                                       ;00000000;00000;0000;                                                       ;00000000;00000;0000;                                                       ;00000000;00000;0000;                                                       ;00000000;00000;0000;                                                       ;00000000;00000;0000;                                                       ;00000000;00000;0000;                                                       ;00000000;00000;0000;                                                       ;00000000;00000;0000;                                                       ;00000000;00000;0000;                                                       ;00000000;00000;0000;                                                       ;00000000;00000;0000;                                                       ;00000000;00000;0000;                                                       ;00000000;00000;0000;                                                       ;00000000;00000;0000;                                                       ;00000000;00000;
2406100033;08;09;9;380;99;Terradillos de Esgueva                            ;99;99;00001;00000058;00000058;10000;00000036;06206;00000022;03793;00000000;00000;00000001;00277;0022;PP                                                     ;00000018;05142;0017;PSOE                                                   ;00000010;02857;0021;VOX                                                    ;00000002;00571;0009;FO                                                     ;00000001;00285;0026;PFAC                                                   ;00000001;00285;0032;SUMAR                                                  ;00000001;00285;0042;AGRUPACIÓN DE ELECTORES "SE ACABÓ LA FIESTA"           ;00000001;00285;0046;Cs                                                     ;00000001;00285;0001;IZQESP                                                 ;00000000;00000;0002;CEUS                                                   ;00000000;00000;0010;AHORA REPÚBLICAS (ERC-EH BILDU-BNG-ARA MÉS)            ;00000000;00000;0060;JUNTS UE                                               ;00000000;00000;0019;ANDALUCISTAS                                           ;00000000;00000;0020;IE                                                     ;00000000;00000;0023;ESCAÑOS EN BLANCO                                      ;00000000;00000;0024;CRT                                                    ;00000000;00000;0025;PODEMOS                                                ;00000000;00000;0027;PCTE                                                   ;00000000;00000;0029;PCPE/PCPC                                              ;00000000;00000;0039;PACMA                                                  ;00000000;00000;0040;CREE EN EUROPA                                         ;00000000;00000;0041;PMR                                                    ;00000000;00000;0043;F                                                      ;00000000;00000;0072;EXISTE                                                 ;00000000;00000;0047;FE de las JONS                                         ;00000000;00000;0048;SAE                                                    ;00000000;00000;0049;J.U.E.X.                                               ;00000000;00000;0050;PH                                                     ;00000000;00000;0051;VOLT                                                   ;00000000;00000;0052;RECORTES CERO                                          ;00000000;00000;0063;EXTREMEÑOS                                             ;00000000;00000;0064;GLG                                                    ;00000000;00000;0065;PIRATAS / REBELDES                                     ;00000000;00000;0070;PREPAL                                                 ;00000000;00000;0000;                                                       ;00000000;00000;0000;                                                       ;00000000;00000;0000;                                                       ;00000000;00000;0000;                                                       ;00000000;00000;0000;                                                       ;00000000;00000;0000;                                                       ;00000000;00000;0000;                                                       ;00000000;00000;0000;                                                       ;00000000;00000;0000;                                                       ;00000000;00000;0000;                                                       ;00000000;00000;0000;                                                       ;00000000;00000;0000;                                                       ;00000000;00000;0000;                                                       ;00000000;00000;0000;                                                       ;00000000;00000;0000;                                                       ;00000000;00000;0000;                                                       ;00000000;00000;0000;                                                       ;00000000;00000;0000;                                                       ;00000000;00000;0000;                                                       ;00000000;00000;0000;                                                       ;00000000;00000;0000;                                                       ;00000000;00000;0000;                                                       ;00000000;00000;0000;                                                       ;00000000;00000;0000;                                                       ;00000000;00000;0000;                                                       ;00000000;00000;0000;                                                       ;00000000;00000;0000;                                                       ;00000000;00000;0000;                                                       ;00000000;00000;0000;                                                       ;00000000;00000;0000;                                                       ;00000000;00000;0000;                                                       ;00000000;00000;0000;                                                       ;00000000;00000;0000;                                                       ;00000000;00000;0000;                                                       ;00000000;00000;0000;                                                       ;00000000;00000;0000;                                                       ;00000000;00000;0000;                                                       ;00000000;00000;0000;                                                       ;00000000;00000;0000;                                                       ;00000000;00000;0000;                                                       ;00000000;00000;0000;                                                       ;00000000;00000;0000;                                                       ;00000000;00000;0000;                                                       ;00000000;00000;0000;                                                       ;00000000;00000;0000;                                                       ;00000000;00000;0000;                                                       ;00000000;00000;
2406100033;08;09;9;381;99;Tinieblas de la Sierra                            ;99;99;00001;00000023;00000023;10000;00000015;06521;00000008;03478;00000000;00000;00000000;00000;0022;PP                                                     ;00000010;06666;0017;PSOE                                                   ;00000002;01333;0021;VOX                                                    ;00000001;00666;0025;PODEMOS                                                ;00000001;00666;0032;SUMAR                                                  ;00000001;00666;0001;IZQESP                                                 ;00000000;00000;0002;CEUS                                                   ;00000000;00000;0009;FO                                                     ;00000000;00000;0010;AHORA REPÚBLICAS (ERC-EH BILDU-BNG-ARA MÉS)            ;00000000;00000;0060;JUNTS UE                                               ;00000000;00000;0019;ANDALUCISTAS                                           ;00000000;00000;0020;IE                                                     ;00000000;00000;0023;ESCAÑOS EN BLANCO                                      ;00000000;00000;0024;CRT                                                    ;00000000;00000;0026;PFAC                                                   ;00000000;00000;0027;PCTE                                                   ;00000000;00000;0029;PCPE/PCPC                                              ;00000000;00000;0039;PACMA                                                  ;00000000;00000;0040;CREE EN EUROPA                                         ;00000000;00000;0041;PMR                                                    ;00000000;00000;0042;AGRUPACIÓN DE ELECTORES "SE ACABÓ LA FIESTA"           ;00000000;00000;0043;F                                                      ;00000000;00000;0072;EXISTE                                                 ;00000000;00000;0046;Cs                                                     ;00000000;00000;0047;FE de las JONS                                         ;00000000;00000;0048;SAE                                                    ;00000000;00000;0049;J.U.E.X.                                               ;00000000;00000;0050;PH                                                     ;00000000;00000;0051;VOLT                                                   ;00000000;00000;0052;RECORTES CERO                                          ;00000000;00000;0063;EXTREMEÑOS                                             ;00000000;00000;0064;GLG                                                    ;00000000;00000;0065;PIRATAS / REBELDES                                     ;00000000;00000;0070;PREPAL                                                 ;00000000;00000;0000;                                                       ;00000000;00000;0000;                                                       ;00000000;00000;0000;                                                       ;00000000;00000;0000;                                                       ;00000000;00000;0000;                                                       ;00000000;00000;0000;                                                       ;00000000;00000;0000;                                                       ;00000000;00000;0000;                                                       ;00000000;00000;0000;                                                       ;00000000;00000;0000;                                                       ;00000000;00000;0000;                                                       ;00000000;00000;0000;                                                       ;00000000;00000;0000;                                                       ;00000000;00000;0000;                                                       ;00000000;00000;0000;                                                       ;00000000;00000;0000;                                                       ;00000000;00000;0000;                                                       ;00000000;00000;0000;                                                       ;00000000;00000;0000;                                                       ;00000000;00000;0000;                                                       ;00000000;00000;0000;                                                       ;00000000;00000;0000;                                                       ;00000000;00000;0000;                                                       ;00000000;00000;0000;                                                       ;00000000;00000;0000;                                                       ;00000000;00000;0000;                                                       ;00000000;00000;0000;                                                       ;00000000;00000;0000;                                                       ;00000000;00000;0000;                                                       ;00000000;00000;0000;                                                       ;00000000;00000;0000;                                                       ;00000000;00000;0000;                                                       ;00000000;00000;0000;                                                       ;00000000;00000;0000;                                                       ;00000000;00000;0000;                                                       ;00000000;00000;0000;                                                       ;00000000;00000;0000;                                                       ;00000000;00000;0000;                                                       ;00000000;00000;0000;                                                       ;00000000;00000;0000;                                                       ;00000000;00000;0000;                                                       ;00000000;00000;0000;                                                       ;00000000;00000;0000;                                                       ;00000000;00000;0000;                                                       ;00000000;00000;0000;                                                       ;00000000;00000;0000;                                                       ;00000000;00000;
2406100033;08;09;9;382;99;Tobar                                             ;99;99;00001;00000027;00000027;10000;00000022;08148;00000005;01851;00000001;00454;00000000;00000;0022;PP                                                     ;00000015;06818;0042;AGRUPACIÓN DE ELECTORES "SE ACABÓ LA FIESTA"           ;00000002;00909;0010;AHORA REPÚBLICAS (ERC-EH BILDU-BNG-ARA MÉS)            ;00000001;00454;0017;PSOE                                                   ;00000001;00454;0025;PODEMOS                                                ;00000001;00454;0046;Cs                                                     ;00000001;00454;0001;IZQESP                                                 ;00000000;00000;0002;CEUS                                                   ;00000000;00000;0009;FO                                                     ;00000000;00000;0060;JUNTS UE                                               ;00000000;00000;0019;ANDALUCISTAS                                           ;00000000;00000;0020;IE                                                     ;00000000;00000;0021;VOX                                                    ;00000000;00000;0023;ESCAÑOS EN BLANCO                                      ;00000000;00000;0024;CRT                                                    ;00000000;00000;0026;PFAC                                                   ;00000000;00000;0027;PCTE                                                   ;00000000;00000;0029;PCPE/PCPC                                              ;00000000;00000;0032;SUMAR                                                  ;00000000;00000;0039;PACMA                                                  ;00000000;00000;0040;CREE EN EUROPA                                         ;00000000;00000;0041;PMR                                                    ;00000000;00000;0043;F                                                      ;00000000;00000;0072;EXISTE                                                 ;00000000;00000;0047;FE de las JONS                                         ;00000000;00000;0048;SAE                                                    ;00000000;00000;0049;J.U.E.X.                                               ;00000000;00000;0050;PH                                                     ;00000000;00000;0051;VOLT                                                   ;00000000;00000;0052;RECORTES CERO                                          ;00000000;00000;0063;EXTREMEÑOS                                             ;00000000;00000;0064;GLG                                                    ;00000000;00000;0065;PIRATAS / REBELDES                                     ;00000000;00000;0070;PREPAL                                                 ;00000000;00000;0000;                                                       ;00000000;00000;0000;                                                       ;00000000;00000;0000;                                                       ;00000000;00000;0000;                                                       ;00000000;00000;0000;                                                       ;00000000;00000;0000;                                                       ;00000000;00000;0000;                                                       ;00000000;00000;0000;                                                       ;00000000;00000;0000;                                                       ;00000000;00000;0000;                                                       ;00000000;00000;0000;                                                       ;00000000;00000;0000;                                                       ;00000000;00000;0000;                                                       ;00000000;00000;0000;                                                       ;00000000;00000;0000;                                                       ;00000000;00000;0000;                                                       ;00000000;00000;0000;                                                       ;00000000;00000;0000;                                                       ;00000000;00000;0000;                                                       ;00000000;00000;0000;                                                       ;00000000;00000;0000;                                                       ;00000000;00000;0000;                                                       ;00000000;00000;0000;                                                       ;00000000;00000;0000;                                                       ;00000000;00000;0000;                                                       ;00000000;00000;0000;                                                       ;00000000;00000;0000;                                                       ;00000000;00000;0000;                                                       ;00000000;00000;0000;                                                       ;00000000;00000;0000;                                                       ;00000000;00000;0000;                                                       ;00000000;00000;0000;                                                       ;00000000;00000;0000;                                                       ;00000000;00000;0000;                                                       ;00000000;00000;0000;                                                       ;00000000;00000;0000;                                                       ;00000000;00000;0000;                                                       ;00000000;00000;0000;                                                       ;00000000;00000;0000;                                                       ;00000000;00000;0000;                                                       ;00000000;00000;0000;                                                       ;00000000;00000;0000;                                                       ;00000000;00000;0000;                                                       ;00000000;00000;0000;                                                       ;00000000;00000;0000;                                                       ;00000000;00000;0000;                                                       ;00000000;00000;
2406100033;08;09;9;384;99;Tordómar                                          ;99;99;00001;00000254;00000254;10000;00000160;06299;00000094;03700;00000001;00064;00000004;00250;0022;PP                                                     ;00000080;05128;0021;VOX                                                    ;00000032;02051;0017;PSOE                                                   ;00000023;01474;0042;AGRUPACIÓN DE ELECTORES "SE ACABÓ LA FIESTA"           ;00000008;00512;0032;SUMAR                                                  ;00000002;00128;0040;CREE EN EUROPA                                         ;00000002;00128;0072;EXISTE                                                 ;00000002;00128;0046;Cs                                                     ;00000002;00128;0009;FO                                                     ;00000001;00064;0023;ESCAÑOS EN BLANCO                                      ;00000001;00064;0025;PODEMOS                                                ;00000001;00064;0039;PACMA                                                  ;00000001;00064;0001;IZQESP                                                 ;00000000;00000;0002;CEUS                                                   ;00000000;00000;0010;AHORA REPÚBLICAS (ERC-EH BILDU-BNG-ARA MÉS)            ;00000000;00000;0060;JUNTS UE                                               ;00000000;00000;0019;ANDALUCISTAS                                           ;00000000;00000;0020;IE                                                     ;00000000;00000;0024;CRT                                                    ;00000000;00000;0026;PFAC                                                   ;00000000;00000;0027;PCTE                                                   ;00000000;00000;0029;PCPE/PCPC                                              ;00000000;00000;0041;PMR                                                    ;00000000;00000;0043;F                                                      ;00000000;00000;0047;FE de las JONS                                         ;00000000;00000;0048;SAE                                                    ;00000000;00000;0049;J.U.E.X.                                               ;00000000;00000;0050;PH                                                     ;00000000;00000;0051;VOLT                                                   ;00000000;00000;0052;RECORTES CERO                                          ;00000000;00000;0063;EXTREMEÑOS                                             ;00000000;00000;0064;GLG                                                    ;00000000;00000;0065;PIRATAS / REBELDES                                     ;00000000;00000;0070;PREPAL                                                 ;00000000;00000;0000;                                                       ;00000000;00000;0000;                                                       ;00000000;00000;0000;                                                       ;00000000;00000;0000;                                                       ;00000000;00000;0000;                                                       ;00000000;00000;0000;                                                       ;00000000;00000;0000;                                                       ;00000000;00000;0000;                                                       ;00000000;00000;0000;                                                       ;00000000;00000;0000;                                                       ;00000000;00000;0000;                                                       ;00000000;00000;0000;                                                       ;00000000;00000;0000;                                                       ;00000000;00000;0000;                                                       ;00000000;00000;0000;                                                       ;00000000;00000;0000;                                                       ;00000000;00000;0000;                                                       ;00000000;00000;0000;                                                       ;00000000;00000;0000;                                                       ;00000000;00000;0000;                                                       ;00000000;00000;0000;                                                       ;00000000;00000;0000;                                                       ;00000000;00000;0000;                                                       ;00000000;00000;0000;                                                       ;00000000;00000;0000;                                                       ;00000000;00000;0000;                                                       ;00000000;00000;0000;                                                       ;00000000;00000;0000;                                                       ;00000000;00000;0000;                                                       ;00000000;00000;0000;                                                       ;00000000;00000;0000;                                                       ;00000000;00000;0000;                                                       ;00000000;00000;0000;                                                       ;00000000;00000;0000;                                                       ;00000000;00000;0000;                                                       ;00000000;00000;0000;                                                       ;00000000;00000;0000;                                                       ;00000000;00000;0000;                                                       ;00000000;00000;0000;                                                       ;00000000;00000;0000;                                                       ;00000000;00000;0000;                                                       ;00000000;00000;0000;                                                       ;00000000;00000;0000;                                                       ;00000000;00000;0000;                                                       ;00000000;00000;0000;                                                       ;00000000;00000;0000;                                                       ;00000000;00000;
2406100033;08;09;9;386;99;Torrecilla del Monte                              ;99;99;00001;00000063;00000063;10000;00000041;06507;00000022;03492;00000001;00243;00000000;00000;0022;PP                                                     ;00000024;05853;0042;AGRUPACIÓN DE ELECTORES "SE ACABÓ LA FIESTA"           ;00000005;01219;0017;PSOE                                                   ;00000004;00975;0021;VOX                                                    ;00000002;00487;0032;SUMAR                                                  ;00000002;00487;0046;Cs                                                     ;00000002;00487;0051;VOLT                                                   ;00000001;00243;0001;IZQESP                                                 ;00000000;00000;0002;CEUS                                                   ;00000000;00000;0009;FO                                                     ;00000000;00000;0010;AHORA REPÚBLICAS (ERC-EH BILDU-BNG-ARA MÉS)            ;00000000;00000;0060;JUNTS UE                                               ;00000000;00000;0019;ANDALUCISTAS                                           ;00000000;00000;0020;IE                                                     ;00000000;00000;0023;ESCAÑOS EN BLANCO                                      ;00000000;00000;0024;CRT                                                    ;00000000;00000;0025;PODEMOS                                                ;00000000;00000;0026;PFAC                                                   ;00000000;00000;0027;PCTE                                                   ;00000000;00000;0029;PCPE/PCPC                                              ;00000000;00000;0039;PACMA                                                  ;00000000;00000;0040;CREE EN EUROPA                                         ;00000000;00000;0041;PMR                                                    ;00000000;00000;0043;F                                                      ;00000000;00000;0072;EXISTE                                                 ;00000000;00000;0047;FE de las JONS                                         ;00000000;00000;0048;SAE                                                    ;00000000;00000;0049;J.U.E.X.                                               ;00000000;00000;0050;PH                                                     ;00000000;00000;0052;RECORTES CERO                                          ;00000000;00000;0063;EXTREMEÑOS                                             ;00000000;00000;0064;GLG                                                    ;00000000;00000;0065;PIRATAS / REBELDES                                     ;00000000;00000;0070;PREPAL                                                 ;00000000;00000;0000;                                                       ;00000000;00000;0000;                                                       ;00000000;00000;0000;                                                       ;00000000;00000;0000;                                                       ;00000000;00000;0000;                                                       ;00000000;00000;0000;                                                       ;00000000;00000;0000;                                                       ;00000000;00000;0000;                                                       ;00000000;00000;0000;                                                       ;00000000;00000;0000;                                                       ;00000000;00000;0000;                                                       ;00000000;00000;0000;                                                       ;00000000;00000;0000;                                                       ;00000000;00000;0000;                                                       ;00000000;00000;0000;                                                       ;00000000;00000;0000;                                                       ;00000000;00000;0000;                                                       ;00000000;00000;0000;                                                       ;00000000;00000;0000;                                                       ;00000000;00000;0000;                                                       ;00000000;00000;0000;                                                       ;00000000;00000;0000;                                                       ;00000000;00000;0000;                                                       ;00000000;00000;0000;                                                       ;00000000;00000;0000;                                                       ;00000000;00000;0000;                                                       ;00000000;00000;0000;                                                       ;00000000;00000;0000;                                                       ;00000000;00000;0000;                                                       ;00000000;00000;0000;                                                       ;00000000;00000;0000;                                                       ;00000000;00000;0000;                                                       ;00000000;00000;0000;                                                       ;00000000;00000;0000;                                                       ;00000000;00000;0000;                                                       ;00000000;00000;0000;                                                       ;00000000;00000;0000;                                                       ;00000000;00000;0000;                                                       ;00000000;00000;0000;                                                       ;00000000;00000;0000;                                                       ;00000000;00000;0000;                                                       ;00000000;00000;0000;                                                       ;00000000;00000;0000;                                                       ;00000000;00000;0000;                                                       ;00000000;00000;0000;                                                       ;00000000;00000;0000;                                                       ;00000000;00000;
2406100033;08;09;9;387;99;Torregalindo                                      ;99;99;00001;00000098;00000098;10000;00000069;07040;00000029;02959;00000000;00000;00000000;00000;0022;PP                                                     ;00000028;04057;0017;PSOE                                                   ;00000022;03188;0032;SUMAR                                                  ;00000006;00869;0025;PODEMOS                                                ;00000004;00579;0046;Cs                                                     ;00000004;00579;0021;VOX                                                    ;00000002;00289;0042;AGRUPACIÓN DE ELECTORES "SE ACABÓ LA FIESTA"           ;00000002;00289;0009;FO                                                     ;00000001;00144;0001;IZQESP                                                 ;00000000;00000;0002;CEUS                                                   ;00000000;00000;0010;AHORA REPÚBLICAS (ERC-EH BILDU-BNG-ARA MÉS)            ;00000000;00000;0060;JUNTS UE                                               ;00000000;00000;0019;ANDALUCISTAS                                           ;00000000;00000;0020;IE                                                     ;00000000;00000;0023;ESCAÑOS EN BLANCO                                      ;00000000;00000;0024;CRT                                                    ;00000000;00000;0026;PFAC                                                   ;00000000;00000;0027;PCTE                                                   ;00000000;00000;0029;PCPE/PCPC                                              ;00000000;00000;0039;PACMA                                                  ;00000000;00000;0040;CREE EN EUROPA                                         ;00000000;00000;0041;PMR                                                    ;00000000;00000;0043;F                                                      ;00000000;00000;0072;EXISTE                                                 ;00000000;00000;0047;FE de las JONS                                         ;00000000;00000;0048;SAE                                                    ;00000000;00000;0049;J.U.E.X.                                               ;00000000;00000;0050;PH                                                     ;00000000;00000;0051;VOLT                                                   ;00000000;00000;0052;RECORTES CERO                                          ;00000000;00000;0063;EXTREMEÑOS                                             ;00000000;00000;0064;GLG                                                    ;00000000;00000;0065;PIRATAS / REBELDES                                     ;00000000;00000;0070;PREPAL                                                 ;00000000;00000;0000;                                                       ;00000000;00000;0000;                                                       ;00000000;00000;0000;                                                       ;00000000;00000;0000;                                                       ;00000000;00000;0000;                                                       ;00000000;00000;0000;                                                       ;00000000;00000;0000;                                                       ;00000000;00000;0000;                                                       ;00000000;00000;0000;                                                       ;00000000;00000;0000;                                                       ;00000000;00000;0000;                                                       ;00000000;00000;0000;                                                       ;00000000;00000;0000;                                                       ;00000000;00000;0000;                                                       ;00000000;00000;0000;                                                       ;00000000;00000;0000;                                                       ;00000000;00000;0000;                                                       ;00000000;00000;0000;                                                       ;00000000;00000;0000;                                                       ;00000000;00000;0000;                                                       ;00000000;00000;0000;                                                       ;00000000;00000;0000;                                                       ;00000000;00000;0000;                                                       ;00000000;00000;0000;                                                       ;00000000;00000;0000;                                                       ;00000000;00000;0000;                                                       ;00000000;00000;0000;                                                       ;00000000;00000;0000;                                                       ;00000000;00000;0000;                                                       ;00000000;00000;0000;                                                       ;00000000;00000;0000;                                                       ;00000000;00000;0000;                                                       ;00000000;00000;0000;                                                       ;00000000;00000;0000;                                                       ;00000000;00000;0000;                                                       ;00000000;00000;0000;                                                       ;00000000;00000;0000;                                                       ;00000000;00000;0000;                                                       ;00000000;00000;0000;                                                       ;00000000;00000;0000;                                                       ;00000000;00000;0000;                                                       ;00000000;00000;0000;                                                       ;00000000;00000;0000;                                                       ;00000000;00000;0000;                                                       ;00000000;00000;0000;                                                       ;00000000;00000;0000;                                                       ;00000000;00000;
2406100033;08;09;9;388;99;Torrelara                                         ;99;99;00001;00000032;00000032;10000;00000019;05937;00000013;04062;00000000;00000;00000000;00000;0022;PP                                                     ;00000008;04210;0017;PSOE                                                   ;00000005;02631;0021;VOX                                                    ;00000002;01052;0009;FO                                                     ;00000001;00526;0020;IE                                                     ;00000001;00526;0025;PODEMOS                                                ;00000001;00526;0042;AGRUPACIÓN DE ELECTORES "SE ACABÓ LA FIESTA"           ;00000001;00526;0001;IZQESP                                                 ;00000000;00000;0002;CEUS                                                   ;00000000;00000;0010;AHORA REPÚBLICAS (ERC-EH BILDU-BNG-ARA MÉS)            ;00000000;00000;0060;JUNTS UE                                               ;00000000;00000;0019;ANDALUCISTAS                                           ;00000000;00000;0023;ESCAÑOS EN BLANCO                                      ;00000000;00000;0024;CRT                                                    ;00000000;00000;0026;PFAC                                                   ;00000000;00000;0027;PCTE                                                   ;00000000;00000;0029;PCPE/PCPC                                              ;00000000;00000;0032;SUMAR                                                  ;00000000;00000;0039;PACMA                                                  ;00000000;00000;0040;CREE EN EUROPA                                         ;00000000;00000;0041;PMR                                                    ;00000000;00000;0043;F                                                      ;00000000;00000;0072;EXISTE                                                 ;00000000;00000;0046;Cs                                                     ;00000000;00000;0047;FE de las JONS                                         ;00000000;00000;0048;SAE                                                    ;00000000;00000;0049;J.U.E.X.                                               ;00000000;00000;0050;PH                                                     ;00000000;00000;0051;VOLT                                                   ;00000000;00000;0052;RECORTES CERO                                          ;00000000;00000;0063;EXTREMEÑOS                                             ;00000000;00000;0064;GLG                                                    ;00000000;00000;0065;PIRATAS / REBELDES                                     ;00000000;00000;0070;PREPAL                                                 ;00000000;00000;0000;                                                       ;00000000;00000;0000;                                                       ;00000000;00000;0000;                                                       ;00000000;00000;0000;                                                       ;00000000;00000;0000;                                                       ;00000000;00000;0000;                                                       ;00000000;00000;0000;                                                       ;00000000;00000;0000;                                                       ;00000000;00000;0000;                                                       ;00000000;00000;0000;                                                       ;00000000;00000;0000;                                                       ;00000000;00000;0000;                                                       ;00000000;00000;0000;                                                       ;00000000;00000;0000;                                                       ;00000000;00000;0000;                                                       ;00000000;00000;0000;                                                       ;00000000;00000;0000;                                                       ;00000000;00000;0000;                                                       ;00000000;00000;0000;                                                       ;00000000;00000;0000;                                                       ;00000000;00000;0000;                                                       ;00000000;00000;0000;                                                       ;00000000;00000;0000;                                                       ;00000000;00000;0000;                                                       ;00000000;00000;0000;                                                       ;00000000;00000;0000;                                                       ;00000000;00000;0000;                                                       ;00000000;00000;0000;                                                       ;00000000;00000;0000;                                                       ;00000000;00000;0000;                                                       ;00000000;00000;0000;                                                       ;00000000;00000;0000;                                                       ;00000000;00000;0000;                                                       ;00000000;00000;0000;                                                       ;00000000;00000;0000;                                                       ;00000000;00000;0000;                                                       ;00000000;00000;0000;                                                       ;00000000;00000;0000;                                                       ;00000000;00000;0000;                                                       ;00000000;00000;0000;                                                       ;00000000;00000;0000;                                                       ;00000000;00000;0000;                                                       ;00000000;00000;0000;                                                       ;00000000;00000;0000;                                                       ;00000000;00000;0000;                                                       ;00000000;00000;0000;                                                       ;00000000;00000;
2406100033;08;09;9;389;99;Torrepadre                                        ;99;99;00001;00000063;00000063;10000;00000045;07142;00000018;02857;00000001;00222;00000000;00000;0022;PP                                                     ;00000028;06222;0017;PSOE                                                   ;00000010;02222;0021;VOX                                                    ;00000002;00444;0048;SAE                                                    ;00000002;00444;0025;PODEMOS                                                ;00000001;00222;0039;PACMA                                                  ;00000001;00222;0001;IZQESP                                                 ;00000000;00000;0002;CEUS                                                   ;00000000;00000;0009;FO                                                     ;00000000;00000;0010;AHORA REPÚBLICAS (ERC-EH BILDU-BNG-ARA MÉS)            ;00000000;00000;0060;JUNTS UE                                               ;00000000;00000;0019;ANDALUCISTAS                                           ;00000000;00000;0020;IE                                                     ;00000000;00000;0023;ESCAÑOS EN BLANCO                                      ;00000000;00000;0024;CRT                                                    ;00000000;00000;0026;PFAC                                                   ;00000000;00000;0027;PCTE                                                   ;00000000;00000;0029;PCPE/PCPC                                              ;00000000;00000;0032;SUMAR                                                  ;00000000;00000;0040;CREE EN EUROPA                                         ;00000000;00000;0041;PMR                                                    ;00000000;00000;0042;AGRUPACIÓN DE ELECTORES "SE ACABÓ LA FIESTA"           ;00000000;00000;0043;F                                                      ;00000000;00000;0072;EXISTE                                                 ;00000000;00000;0046;Cs                                                     ;00000000;00000;0047;FE de las JONS                                         ;00000000;00000;0049;J.U.E.X.                                               ;00000000;00000;0050;PH                                                     ;00000000;00000;0051;VOLT                                                   ;00000000;00000;0052;RECORTES CERO                                          ;00000000;00000;0063;EXTREMEÑOS                                             ;00000000;00000;0064;GLG                                                    ;00000000;00000;0065;PIRATAS / REBELDES                                     ;00000000;00000;0070;PREPAL                                                 ;00000000;00000;0000;                                                       ;00000000;00000;0000;                                                       ;00000000;00000;0000;                                                       ;00000000;00000;0000;                                                       ;00000000;00000;0000;                                                       ;00000000;00000;0000;                                                       ;00000000;00000;0000;                                                       ;00000000;00000;0000;                                                       ;00000000;00000;0000;                                                       ;00000000;00000;0000;                                                       ;00000000;00000;0000;                                                       ;00000000;00000;0000;                                                       ;00000000;00000;0000;                                                       ;00000000;00000;0000;                                                       ;00000000;00000;0000;                                                       ;00000000;00000;0000;                                                       ;00000000;00000;0000;                                                       ;00000000;00000;0000;                                                       ;00000000;00000;0000;                                                       ;00000000;00000;0000;                                                       ;00000000;00000;0000;                                                       ;00000000;00000;0000;                                                       ;00000000;00000;0000;                                                       ;00000000;00000;0000;                                                       ;00000000;00000;0000;                                                       ;00000000;00000;0000;                                                       ;00000000;00000;0000;                                                       ;00000000;00000;0000;                                                       ;00000000;00000;0000;                                                       ;00000000;00000;0000;                                                       ;00000000;00000;0000;                                                       ;00000000;00000;0000;                                                       ;00000000;00000;0000;                                                       ;00000000;00000;0000;                                                       ;00000000;00000;0000;                                                       ;00000000;00000;0000;                                                       ;00000000;00000;0000;                                                       ;00000000;00000;0000;                                                       ;00000000;00000;0000;                                                       ;00000000;00000;0000;                                                       ;00000000;00000;0000;                                                       ;00000000;00000;0000;                                                       ;00000000;00000;0000;                                                       ;00000000;00000;0000;                                                       ;00000000;00000;0000;                                                       ;00000000;00000;0000;                                                       ;00000000;00000;
2406100033;08;09;9;390;99;Torresandino                                      ;99;99;00001;00000516;00000516;10000;00000338;06550;00000178;03449;00000004;00119;00000004;00118;0022;PP                                                     ;00000163;04880;0017;PSOE                                                   ;00000091;02724;0021;VOX                                                    ;00000045;01347;0042;AGRUPACIÓN DE ELECTORES "SE ACABÓ LA FIESTA"           ;00000007;00209;0048;SAE                                                    ;00000005;00149;0025;PODEMOS                                                ;00000004;00119;0046;Cs                                                     ;00000004;00119;0032;SUMAR                                                  ;00000003;00089;0001;IZQESP                                                 ;00000002;00059;0009;FO                                                     ;00000002;00059;0010;AHORA REPÚBLICAS (ERC-EH BILDU-BNG-ARA MÉS)            ;00000001;00029;0026;PFAC                                                   ;00000001;00029;0027;PCTE                                                   ;00000001;00029;0039;PACMA                                                  ;00000001;00029;0002;CEUS                                                   ;00000000;00000;0060;JUNTS UE                                               ;00000000;00000;0019;ANDALUCISTAS                                           ;00000000;00000;0020;IE                                                     ;00000000;00000;0023;ESCAÑOS EN BLANCO                                      ;00000000;00000;0024;CRT                                                    ;00000000;00000;0029;PCPE/PCPC                                              ;00000000;00000;0040;CREE EN EUROPA                                         ;00000000;00000;0041;PMR                                                    ;00000000;00000;0043;F                                                      ;00000000;00000;0072;EXISTE                                                 ;00000000;00000;0047;FE de las JONS                                         ;00000000;00000;0049;J.U.E.X.                                               ;00000000;00000;0050;PH                                                     ;00000000;00000;0051;VOLT                                                   ;00000000;00000;0052;RECORTES CERO                                          ;00000000;00000;0063;EXTREMEÑOS                                             ;00000000;00000;0064;GLG                                                    ;00000000;00000;0065;PIRATAS / REBELDES                                     ;00000000;00000;0070;PREPAL                                                 ;00000000;00000;0000;                                                       ;00000000;00000;0000;                                                       ;00000000;00000;0000;                                                       ;00000000;00000;0000;                                                       ;00000000;00000;0000;                                                       ;00000000;00000;0000;                                                       ;00000000;00000;0000;                                                       ;00000000;00000;0000;                                                       ;00000000;00000;0000;                                                       ;00000000;00000;0000;                                                       ;00000000;00000;0000;                                                       ;00000000;00000;0000;                                                       ;00000000;00000;0000;                                                       ;00000000;00000;0000;                                                       ;00000000;00000;0000;                                                       ;00000000;00000;0000;                                                       ;00000000;00000;0000;                                                       ;00000000;00000;0000;                                                       ;00000000;00000;0000;                                                       ;00000000;00000;0000;                                                       ;00000000;00000;0000;                                                       ;00000000;00000;0000;                                                       ;00000000;00000;0000;                                                       ;00000000;00000;0000;                                                       ;00000000;00000;0000;                                                       ;00000000;00000;0000;                                                       ;00000000;00000;0000;                                                       ;00000000;00000;0000;                                                       ;00000000;00000;0000;                                                       ;00000000;00000;0000;                                                       ;00000000;00000;0000;                                                       ;00000000;00000;0000;                                                       ;00000000;00000;0000;                                                       ;00000000;00000;0000;                                                       ;00000000;00000;0000;                                                       ;00000000;00000;0000;                                                       ;00000000;00000;0000;                                                       ;00000000;00000;0000;                                                       ;00000000;00000;0000;                                                       ;00000000;00000;0000;                                                       ;00000000;00000;0000;                                                       ;00000000;00000;0000;                                                       ;00000000;00000;0000;                                                       ;00000000;00000;0000;                                                       ;00000000;00000;0000;                                                       ;00000000;00000;0000;                                                       ;00000000;00000;
2406100033;08;09;9;391;99;Tórtoles de Esgueva                               ;99;99;00001;00000317;00000317;10000;00000200;06309;00000117;03690;00000001;00050;00000003;00150;0022;PP                                                     ;00000106;05380;0017;PSOE                                                   ;00000045;02284;0021;VOX                                                    ;00000029;01472;0032;SUMAR                                                  ;00000004;00203;0042;AGRUPACIÓN DE ELECTORES "SE ACABÓ LA FIESTA"           ;00000003;00152;0046;Cs                                                     ;00000002;00101;0025;PODEMOS                                                ;00000001;00050;0026;PFAC                                                   ;00000001;00050;0029;PCPE/PCPC                                              ;00000001;00050;0072;EXISTE                                                 ;00000001;00050;0048;SAE                                                    ;00000001;00050;0050;PH                                                     ;00000001;00050;0051;VOLT                                                   ;00000001;00050;0001;IZQESP                                                 ;00000000;00000;0002;CEUS                                                   ;00000000;00000;0009;FO                                                     ;00000000;00000;0010;AHORA REPÚBLICAS (ERC-EH BILDU-BNG-ARA MÉS)            ;00000000;00000;0060;JUNTS UE                                               ;00000000;00000;0019;ANDALUCISTAS                                           ;00000000;00000;0020;IE                                                     ;00000000;00000;0023;ESCAÑOS EN BLANCO                                      ;00000000;00000;0024;CRT                                                    ;00000000;00000;0027;PCTE                                                   ;00000000;00000;0039;PACMA                                                  ;00000000;00000;0040;CREE EN EUROPA                                         ;00000000;00000;0041;PMR                                                    ;00000000;00000;0043;F                                                      ;00000000;00000;0047;FE de las JONS                                         ;00000000;00000;0049;J.U.E.X.                                               ;00000000;00000;0052;RECORTES CERO                                          ;00000000;00000;0063;EXTREMEÑOS                                             ;00000000;00000;0064;GLG                                                    ;00000000;00000;0065;PIRATAS / REBELDES                                     ;00000000;00000;0070;PREPAL                                                 ;00000000;00000;0000;                                                       ;00000000;00000;0000;                                                       ;00000000;00000;0000;                                                       ;00000000;00000;0000;                                                       ;00000000;00000;0000;                                                       ;00000000;00000;0000;                                                       ;00000000;00000;0000;                                                       ;00000000;00000;0000;                                                       ;00000000;00000;0000;                                                       ;00000000;00000;0000;                                                       ;00000000;00000;0000;                                                       ;00000000;00000;0000;                                                       ;00000000;00000;0000;                                                       ;00000000;00000;0000;                                                       ;00000000;00000;0000;                                                       ;00000000;00000;0000;                                                       ;00000000;00000;0000;                                                       ;00000000;00000;0000;                                                       ;00000000;00000;0000;                                                       ;00000000;00000;0000;                                                       ;00000000;00000;0000;                                                       ;00000000;00000;0000;                                                       ;00000000;00000;0000;                                                       ;00000000;00000;0000;                                                       ;00000000;00000;0000;                                                       ;00000000;00000;0000;                                                       ;00000000;00000;0000;                                                       ;00000000;00000;0000;                                                       ;00000000;00000;0000;                                                       ;00000000;00000;0000;                                                       ;00000000;00000;0000;                                                       ;00000000;00000;0000;                                                       ;00000000;00000;0000;                                                       ;00000000;00000;0000;                                                       ;00000000;00000;0000;                                                       ;00000000;00000;0000;                                                       ;00000000;00000;0000;                                                       ;00000000;00000;0000;                                                       ;00000000;00000;0000;                                                       ;00000000;00000;0000;                                                       ;00000000;00000;0000;                                                       ;00000000;00000;0000;                                                       ;00000000;00000;0000;                                                       ;00000000;00000;0000;                                                       ;00000000;00000;0000;                                                       ;00000000;00000;0000;                                                       ;00000000;00000;
2406100033;08;09;9;392;99;Tosantos                                          ;99;99;00001;00000048;00000048;10000;00000032;06666;00000016;03333;00000000;00000;00000000;00000;0022;PP                                                     ;00000014;04375;0017;PSOE                                                   ;00000011;03437;0021;VOX                                                    ;00000003;00937;0009;FO                                                     ;00000002;00625;0046;Cs                                                     ;00000002;00625;0001;IZQESP                                                 ;00000000;00000;0002;CEUS                                                   ;00000000;00000;0010;AHORA REPÚBLICAS (ERC-EH BILDU-BNG-ARA MÉS)            ;00000000;00000;0060;JUNTS UE                                               ;00000000;00000;0019;ANDALUCISTAS                                           ;00000000;00000;0020;IE                                                     ;00000000;00000;0023;ESCAÑOS EN BLANCO                                      ;00000000;00000;0024;CRT                                                    ;00000000;00000;0025;PODEMOS                                                ;00000000;00000;0026;PFAC                                                   ;00000000;00000;0027;PCTE                                                   ;00000000;00000;0029;PCPE/PCPC                                              ;00000000;00000;0032;SUMAR                                                  ;00000000;00000;0039;PACMA                                                  ;00000000;00000;0040;CREE EN EUROPA                                         ;00000000;00000;0041;PMR                                                    ;00000000;00000;0042;AGRUPACIÓN DE ELECTORES "SE ACABÓ LA FIESTA"           ;00000000;00000;0043;F                                                      ;00000000;00000;0072;EXISTE                                                 ;00000000;00000;0047;FE de las JONS                                         ;00000000;00000;0048;SAE                                                    ;00000000;00000;0049;J.U.E.X.                                               ;00000000;00000;0050;PH                                                     ;00000000;00000;0051;VOLT                                                   ;00000000;00000;0052;RECORTES CERO                                          ;00000000;00000;0063;EXTREMEÑOS                                             ;00000000;00000;0064;GLG                                                    ;00000000;00000;0065;PIRATAS / REBELDES                                     ;00000000;00000;0070;PREPAL                                                 ;00000000;00000;0000;                                                       ;00000000;00000;0000;                                                       ;00000000;00000;0000;                                                       ;00000000;00000;0000;                                                       ;00000000;00000;0000;                                                       ;00000000;00000;0000;                                                       ;00000000;00000;0000;                                                       ;00000000;00000;0000;                                                       ;00000000;00000;0000;                                                       ;00000000;00000;0000;                                                       ;00000000;00000;0000;                                                       ;00000000;00000;0000;                                                       ;00000000;00000;0000;                                                       ;00000000;00000;0000;                                                       ;00000000;00000;0000;                                                       ;00000000;00000;0000;                                                       ;00000000;00000;0000;                                                       ;00000000;00000;0000;                                                       ;00000000;00000;0000;                                                       ;00000000;00000;0000;                                                       ;00000000;00000;0000;                                                       ;00000000;00000;0000;                                                       ;00000000;00000;0000;                                                       ;00000000;00000;0000;                                                       ;00000000;00000;0000;                                                       ;00000000;00000;0000;                                                       ;00000000;00000;0000;                                                       ;00000000;00000;0000;                                                       ;00000000;00000;0000;                                                       ;00000000;00000;0000;                                                       ;00000000;00000;0000;                                                       ;00000000;00000;0000;                                                       ;00000000;00000;0000;                                                       ;00000000;00000;0000;                                                       ;00000000;00000;0000;                                                       ;00000000;00000;0000;                                                       ;00000000;00000;0000;                                                       ;00000000;00000;0000;                                                       ;00000000;00000;0000;                                                       ;00000000;00000;0000;                                                       ;00000000;00000;0000;                                                       ;00000000;00000;0000;                                                       ;00000000;00000;0000;                                                       ;00000000;00000;0000;                                                       ;00000000;00000;0000;                                                       ;00000000;00000;0000;                                                       ;00000000;00000;
2406100033;08;09;9;394;99;Trespaderne                                       ;99;99;00001;00000620;00000620;10000;00000313;05048;00000307;04951;00000002;00064;00000001;00031;0017;PSOE                                                   ;00000135;04326;0022;PP                                                     ;00000134;04294;0021;VOX                                                    ;00000018;00576;0042;AGRUPACIÓN DE ELECTORES "SE ACABÓ LA FIESTA"           ;00000006;00192;0032;SUMAR                                                  ;00000005;00160;0025;PODEMOS                                                ;00000004;00128;0046;Cs                                                     ;00000003;00096;0002;CEUS                                                   ;00000001;00032;0009;FO                                                     ;00000001;00032;0010;AHORA REPÚBLICAS (ERC-EH BILDU-BNG-ARA MÉS)            ;00000001;00032;0060;JUNTS UE                                               ;00000001;00032;0039;PACMA                                                  ;00000001;00032;0001;IZQESP                                                 ;00000000;00000;0019;ANDALUCISTAS                                           ;00000000;00000;0020;IE                                                     ;00000000;00000;0023;ESCAÑOS EN BLANCO                                      ;00000000;00000;0024;CRT                                                    ;00000000;00000;0026;PFAC                                                   ;00000000;00000;0027;PCTE                                                   ;00000000;00000;0029;PCPE/PCPC                                              ;00000000;00000;0040;CREE EN EUROPA                                         ;00000000;00000;0041;PMR                                                    ;00000000;00000;0043;F                                                      ;00000000;00000;0072;EXISTE                                                 ;00000000;00000;0047;FE de las JONS                                         ;00000000;00000;0048;SAE                                                    ;00000000;00000;0049;J.U.E.X.                                               ;00000000;00000;0050;PH                                                     ;00000000;00000;0051;VOLT                                                   ;00000000;00000;0052;RECORTES CERO                                          ;00000000;00000;0063;EXTREMEÑOS                                             ;00000000;00000;0064;GLG                                                    ;00000000;00000;0065;PIRATAS / REBELDES                                     ;00000000;00000;0070;PREPAL                                                 ;00000000;00000;0000;                                                       ;00000000;00000;0000;                                                       ;00000000;00000;0000;                                                       ;00000000;00000;0000;                                                       ;00000000;00000;0000;                                                       ;00000000;00000;0000;                                                       ;00000000;00000;0000;                                                       ;00000000;00000;0000;                                                       ;00000000;00000;0000;                                                       ;00000000;00000;0000;                                                       ;00000000;00000;0000;                                                       ;00000000;00000;0000;                                                       ;00000000;00000;0000;                                                       ;00000000;00000;0000;                                                       ;00000000;00000;0000;                                                       ;00000000;00000;0000;                                                       ;00000000;00000;0000;                                                       ;00000000;00000;0000;                                                       ;00000000;00000;0000;                                                       ;00000000;00000;0000;                                                       ;00000000;00000;0000;                                                       ;00000000;00000;0000;                                                       ;00000000;00000;0000;                                                       ;00000000;00000;0000;                                                       ;00000000;00000;0000;                                                       ;00000000;00000;0000;                                                       ;00000000;00000;0000;                                                       ;00000000;00000;0000;                                                       ;00000000;00000;0000;                                                       ;00000000;00000;0000;                                                       ;00000000;00000;0000;                                                       ;00000000;00000;0000;                                                       ;00000000;00000;0000;                                                       ;00000000;00000;0000;                                                       ;00000000;00000;0000;                                                       ;00000000;00000;0000;                                                       ;00000000;00000;0000;                                                       ;00000000;00000;0000;                                                       ;00000000;00000;0000;                                                       ;00000000;00000;0000;                                                       ;00000000;00000;0000;                                                       ;00000000;00000;0000;                                                       ;00000000;00000;0000;                                                       ;00000000;00000;0000;                                                       ;00000000;00000;0000;                                                       ;00000000;00000;0000;                                                       ;00000000;00000;
2406100033;08;09;9;395;99;Tubilla del Agua                                  ;99;99;00001;00000117;00000117;10000;00000074;06324;00000043;03675;00000001;00135;00000000;00000;0022;PP                                                     ;00000028;03783;0017;PSOE                                                   ;00000018;02432;0021;VOX                                                    ;00000010;01351;0032;SUMAR                                                  ;00000007;00945;0042;AGRUPACIÓN DE ELECTORES "SE ACABÓ LA FIESTA"           ;00000007;00945;0025;PODEMOS                                                ;00000001;00135;0046;Cs                                                     ;00000001;00135;0065;PIRATAS / REBELDES                                     ;00000001;00135;0001;IZQESP                                                 ;00000000;00000;0002;CEUS                                                   ;00000000;00000;0009;FO                                                     ;00000000;00000;0010;AHORA REPÚBLICAS (ERC-EH BILDU-BNG-ARA MÉS)            ;00000000;00000;0060;JUNTS UE                                               ;00000000;00000;0019;ANDALUCISTAS                                           ;00000000;00000;0020;IE                                                     ;00000000;00000;0023;ESCAÑOS EN BLANCO                                      ;00000000;00000;0024;CRT                                                    ;00000000;00000;0026;PFAC                                                   ;00000000;00000;0027;PCTE                                                   ;00000000;00000;0029;PCPE/PCPC                                              ;00000000;00000;0039;PACMA                                                  ;00000000;00000;0040;CREE EN EUROPA                                         ;00000000;00000;0041;PMR                                                    ;00000000;00000;0043;F                                                      ;00000000;00000;0072;EXISTE                                                 ;00000000;00000;0047;FE de las JONS                                         ;00000000;00000;0048;SAE                                                    ;00000000;00000;0049;J.U.E.X.                                               ;00000000;00000;0050;PH                                                     ;00000000;00000;0051;VOLT                                                   ;00000000;00000;0052;RECORTES CERO                                          ;00000000;00000;0063;EXTREMEÑOS                                             ;00000000;00000;0064;GLG                                                    ;00000000;00000;0070;PREPAL                                                 ;00000000;00000;0000;                                                       ;00000000;00000;0000;                                                       ;00000000;00000;0000;                                                       ;00000000;00000;0000;                                                       ;00000000;00000;0000;                                                       ;00000000;00000;0000;                                                       ;00000000;00000;0000;                                                       ;00000000;00000;0000;                                                       ;00000000;00000;0000;                                                       ;00000000;00000;0000;                                                       ;00000000;00000;0000;                                                       ;00000000;00000;0000;                                                       ;00000000;00000;0000;                                                       ;00000000;00000;0000;                                                       ;00000000;00000;0000;                                                       ;00000000;00000;0000;                                                       ;00000000;00000;0000;                                                       ;00000000;00000;0000;                                                       ;00000000;00000;0000;                                                       ;00000000;00000;0000;                                                       ;00000000;00000;0000;                                                       ;00000000;00000;0000;                                                       ;00000000;00000;0000;                                                       ;00000000;00000;0000;                                                       ;00000000;00000;0000;                                                       ;00000000;00000;0000;                                                       ;00000000;00000;0000;                                                       ;00000000;00000;0000;                                                       ;00000000;00000;0000;                                                       ;00000000;00000;0000;                                                       ;00000000;00000;0000;                                                       ;00000000;00000;0000;                                                       ;00000000;00000;0000;                                                       ;00000000;00000;0000;                                                       ;00000000;00000;0000;                                                       ;00000000;00000;0000;                                                       ;00000000;00000;0000;                                                       ;00000000;00000;0000;                                                       ;00000000;00000;0000;                                                       ;00000000;00000;0000;                                                       ;00000000;00000;0000;                                                       ;00000000;00000;0000;                                                       ;00000000;00000;0000;                                                       ;00000000;00000;0000;                                                       ;00000000;00000;0000;                                                       ;00000000;00000;0000;                                                       ;00000000;00000;
2406100033;08;09;9;396;99;Tubilla del Lago                                  ;99;99;00001;00000143;00000143;10000;00000087;06083;00000056;03916;00000000;00000;00000001;00114;0022;PP                                                     ;00000053;06162;0017;PSOE                                                   ;00000013;01511;0021;VOX                                                    ;00000012;01395;0048;SAE                                                    ;00000003;00348;0025;PODEMOS                                                ;00000002;00232;0060;JUNTS UE                                               ;00000001;00116;0029;PCPE/PCPC                                              ;00000001;00116;0052;RECORTES CERO                                          ;00000001;00116;0001;IZQESP                                                 ;00000000;00000;0002;CEUS                                                   ;00000000;00000;0009;FO                                                     ;00000000;00000;0010;AHORA REPÚBLICAS (ERC-EH BILDU-BNG-ARA MÉS)            ;00000000;00000;0019;ANDALUCISTAS                                           ;00000000;00000;0020;IE                                                     ;00000000;00000;0023;ESCAÑOS EN BLANCO                                      ;00000000;00000;0024;CRT                                                    ;00000000;00000;0026;PFAC                                                   ;00000000;00000;0027;PCTE                                                   ;00000000;00000;0032;SUMAR                                                  ;00000000;00000;0039;PACMA                                                  ;00000000;00000;0040;CREE EN EUROPA                                         ;00000000;00000;0041;PMR                                                    ;00000000;00000;0042;AGRUPACIÓN DE ELECTORES "SE ACABÓ LA FIESTA"           ;00000000;00000;0043;F                                                      ;00000000;00000;0072;EXISTE                                                 ;00000000;00000;0046;Cs                                                     ;00000000;00000;0047;FE de las JONS                                         ;00000000;00000;0049;J.U.E.X.                                               ;00000000;00000;0050;PH                                                     ;00000000;00000;0051;VOLT                                                   ;00000000;00000;0063;EXTREMEÑOS                                             ;00000000;00000;0064;GLG                                                    ;00000000;00000;0065;PIRATAS / REBELDES                                     ;00000000;00000;0070;PREPAL                                                 ;00000000;00000;0000;                                                       ;00000000;00000;0000;                                                       ;00000000;00000;0000;                                                       ;00000000;00000;0000;                                                       ;00000000;00000;0000;                                                       ;00000000;00000;0000;                                                       ;00000000;00000;0000;                                                       ;00000000;00000;0000;                                                       ;00000000;00000;0000;                                                       ;00000000;00000;0000;                                                       ;00000000;00000;0000;                                                       ;00000000;00000;0000;                                                       ;00000000;00000;0000;                                                       ;00000000;00000;0000;                                                       ;00000000;00000;0000;                                                       ;00000000;00000;0000;                                                       ;00000000;00000;0000;                                                       ;00000000;00000;0000;                                                       ;00000000;00000;0000;                                                       ;00000000;00000;0000;                                                       ;00000000;00000;0000;                                                       ;00000000;00000;0000;                                                       ;00000000;00000;0000;                                                       ;00000000;00000;0000;                                                       ;00000000;00000;0000;                                                       ;00000000;00000;0000;                                                       ;00000000;00000;0000;                                                       ;00000000;00000;0000;                                                       ;00000000;00000;0000;                                                       ;00000000;00000;0000;                                                       ;00000000;00000;0000;                                                       ;00000000;00000;0000;                                                       ;00000000;00000;0000;                                                       ;00000000;00000;0000;                                                       ;00000000;00000;0000;                                                       ;00000000;00000;0000;                                                       ;00000000;00000;0000;                                                       ;00000000;00000;0000;                                                       ;00000000;00000;0000;                                                       ;00000000;00000;0000;                                                       ;00000000;00000;0000;                                                       ;00000000;00000;0000;                                                       ;00000000;00000;0000;                                                       ;00000000;00000;0000;                                                       ;00000000;00000;0000;                                                       ;00000000;00000;0000;                                                       ;00000000;00000;
2406100033;08;09;9;398;99;Úrbel del Castillo                                ;99;99;00001;00000056;00000056;10000;00000037;06607;00000019;03392;00000000;00000;00000000;00000;0022;PP                                                     ;00000017;04594;0017;PSOE                                                   ;00000014;03783;0021;VOX                                                    ;00000004;01081;0032;SUMAR                                                  ;00000001;00270;0042;AGRUPACIÓN DE ELECTORES "SE ACABÓ LA FIESTA"           ;00000001;00270;0001;IZQESP                                                 ;00000000;00000;0002;CEUS                                                   ;00000000;00000;0009;FO                                                     ;00000000;00000;0010;AHORA REPÚBLICAS (ERC-EH BILDU-BNG-ARA MÉS)            ;00000000;00000;0060;JUNTS UE                                               ;00000000;00000;0019;ANDALUCISTAS                                           ;00000000;00000;0020;IE                                                     ;00000000;00000;0023;ESCAÑOS EN BLANCO                                      ;00000000;00000;0024;CRT                                                    ;00000000;00000;0025;PODEMOS                                                ;00000000;00000;0026;PFAC                                                   ;00000000;00000;0027;PCTE                                                   ;00000000;00000;0029;PCPE/PCPC                                              ;00000000;00000;0039;PACMA                                                  ;00000000;00000;0040;CREE EN EUROPA                                         ;00000000;00000;0041;PMR                                                    ;00000000;00000;0043;F                                                      ;00000000;00000;0072;EXISTE                                                 ;00000000;00000;0046;Cs                                                     ;00000000;00000;0047;FE de las JONS                                         ;00000000;00000;0048;SAE                                                    ;00000000;00000;0049;J.U.E.X.                                               ;00000000;00000;0050;PH                                                     ;00000000;00000;0051;VOLT                                                   ;00000000;00000;0052;RECORTES CERO                                          ;00000000;00000;0063;EXTREMEÑOS                                             ;00000000;00000;0064;GLG                                                    ;00000000;00000;0065;PIRATAS / REBELDES                                     ;00000000;00000;0070;PREPAL                                                 ;00000000;00000;0000;                                                       ;00000000;00000;0000;                                                       ;00000000;00000;0000;                                                       ;00000000;00000;0000;                                                       ;00000000;00000;0000;                                                       ;00000000;00000;0000;                                                       ;00000000;00000;0000;                                                       ;00000000;00000;0000;                                                       ;00000000;00000;0000;                                                       ;00000000;00000;0000;                                                       ;00000000;00000;0000;                                                       ;00000000;00000;0000;                                                       ;00000000;00000;0000;                                                       ;00000000;00000;0000;                                                       ;00000000;00000;0000;                                                       ;00000000;00000;0000;                                                       ;00000000;00000;0000;                                                       ;00000000;00000;0000;                                                       ;00000000;00000;0000;                                                       ;00000000;00000;0000;                                                       ;00000000;00000;0000;                                                       ;00000000;00000;0000;                                                       ;00000000;00000;0000;                                                       ;00000000;00000;0000;                                                       ;00000000;00000;0000;                                                       ;00000000;00000;0000;                                                       ;00000000;00000;0000;                                                       ;00000000;00000;0000;                                                       ;00000000;00000;0000;                                                       ;00000000;00000;0000;                                                       ;00000000;00000;0000;                                                       ;00000000;00000;0000;                                                       ;00000000;00000;0000;                                                       ;00000000;00000;0000;                                                       ;00000000;00000;0000;                                                       ;00000000;00000;0000;                                                       ;00000000;00000;0000;                                                       ;00000000;00000;0000;                                                       ;00000000;00000;0000;                                                       ;00000000;00000;0000;                                                       ;00000000;00000;0000;                                                       ;00000000;00000;0000;                                                       ;00000000;00000;0000;                                                       ;00000000;00000;0000;                                                       ;00000000;00000;0000;                                                       ;00000000;00000;0000;                                                       ;00000000;00000;
2406100033;08;09;9;400;99;Vadocondes                                        ;99;99;00001;00000299;00000299;10000;00000196;06555;00000103;03444;00000000;00000;00000003;00153;0017;PSOE                                                   ;00000076;03937;0022;PP                                                     ;00000071;03678;0021;VOX                                                    ;00000016;00829;0042;AGRUPACIÓN DE ELECTORES "SE ACABÓ LA FIESTA"           ;00000006;00310;0032;SUMAR                                                  ;00000005;00259;0072;EXISTE                                                 ;00000004;00207;0010;AHORA REPÚBLICAS (ERC-EH BILDU-BNG-ARA MÉS)            ;00000003;00155;0025;PODEMOS                                                ;00000003;00155;0048;SAE                                                    ;00000003;00155;0029;PCPE/PCPC                                              ;00000002;00103;0009;FO                                                     ;00000001;00051;0039;PACMA                                                  ;00000001;00051;0046;Cs                                                     ;00000001;00051;0051;VOLT                                                   ;00000001;00051;0001;IZQESP                                                 ;00000000;00000;0002;CEUS                                                   ;00000000;00000;0060;JUNTS UE                                               ;00000000;00000;0019;ANDALUCISTAS                                           ;00000000;00000;0020;IE                                                     ;00000000;00000;0023;ESCAÑOS EN BLANCO                                      ;00000000;00000;0024;CRT                                                    ;00000000;00000;0026;PFAC                                                   ;00000000;00000;0027;PCTE                                                   ;00000000;00000;0040;CREE EN EUROPA                                         ;00000000;00000;0041;PMR                                                    ;00000000;00000;0043;F                                                      ;00000000;00000;0047;FE de las JONS                                         ;00000000;00000;0049;J.U.E.X.                                               ;00000000;00000;0050;PH                                                     ;00000000;00000;0052;RECORTES CERO                                          ;00000000;00000;0063;EXTREMEÑOS                                             ;00000000;00000;0064;GLG                                                    ;00000000;00000;0065;PIRATAS / REBELDES                                     ;00000000;00000;0070;PREPAL                                                 ;00000000;00000;0000;                                                       ;00000000;00000;0000;                                                       ;00000000;00000;0000;                                                       ;00000000;00000;0000;                                                       ;00000000;00000;0000;                                                       ;00000000;00000;0000;                                                       ;00000000;00000;0000;                                                       ;00000000;00000;0000;                                                       ;00000000;00000;0000;                                                       ;00000000;00000;0000;                                                       ;00000000;00000;0000;                                                       ;00000000;00000;0000;                                                       ;00000000;00000;0000;                                                       ;00000000;00000;0000;                                                       ;00000000;00000;0000;                                                       ;00000000;00000;0000;                                                       ;00000000;00000;0000;                                                       ;00000000;00000;0000;                                                       ;00000000;00000;0000;                                                       ;00000000;00000;0000;                                                       ;00000000;00000;0000;                                                       ;00000000;00000;0000;                                                       ;00000000;00000;0000;                                                       ;00000000;00000;0000;                                                       ;00000000;00000;0000;                                                       ;00000000;00000;0000;                                                       ;00000000;00000;0000;                                                       ;00000000;00000;0000;                                                       ;00000000;00000;0000;                                                       ;00000000;00000;0000;                                                       ;00000000;00000;0000;                                                       ;00000000;00000;0000;                                                       ;00000000;00000;0000;                                                       ;00000000;00000;0000;                                                       ;00000000;00000;0000;                                                       ;00000000;00000;0000;                                                       ;00000000;00000;0000;                                                       ;00000000;00000;0000;                                                       ;00000000;00000;0000;                                                       ;00000000;00000;0000;                                                       ;00000000;00000;0000;                                                       ;00000000;00000;0000;                                                       ;00000000;00000;0000;                                                       ;00000000;00000;0000;                                                       ;00000000;00000;0000;                                                       ;00000000;00000;0000;                                                       ;00000000;00000;
2406100033;08;09;9;403;99;Valdeande                                         ;99;99;00001;00000091;00000091;10000;00000061;06703;00000030;03296;00000000;00000;00000001;00163;0022;PP                                                     ;00000038;06333;0017;PSOE                                                   ;00000014;02333;0021;VOX                                                    ;00000005;00833;0032;SUMAR                                                  ;00000001;00166;0042;AGRUPACIÓN DE ELECTORES "SE ACABÓ LA FIESTA"           ;00000001;00166;0072;EXISTE                                                 ;00000001;00166;0001;IZQESP                                                 ;00000000;00000;0002;CEUS                                                   ;00000000;00000;0009;FO                                                     ;00000000;00000;0010;AHORA REPÚBLICAS (ERC-EH BILDU-BNG-ARA MÉS)            ;00000000;00000;0060;JUNTS UE                                               ;00000000;00000;0019;ANDALUCISTAS                                           ;00000000;00000;0020;IE                                                     ;00000000;00000;0023;ESCAÑOS EN BLANCO                                      ;00000000;00000;0024;CRT                                                    ;00000000;00000;0025;PODEMOS                                                ;00000000;00000;0026;PFAC                                                   ;00000000;00000;0027;PCTE                                                   ;00000000;00000;0029;PCPE/PCPC                                              ;00000000;00000;0039;PACMA                                                  ;00000000;00000;0040;CREE EN EUROPA                                         ;00000000;00000;0041;PMR                                                    ;00000000;00000;0043;F                                                      ;00000000;00000;0046;Cs                                                     ;00000000;00000;0047;FE de las JONS                                         ;00000000;00000;0048;SAE                                                    ;00000000;00000;0049;J.U.E.X.                                               ;00000000;00000;0050;PH                                                     ;00000000;00000;0051;VOLT                                                   ;00000000;00000;0052;RECORTES CERO                                          ;00000000;00000;0063;EXTREMEÑOS                                             ;00000000;00000;0064;GLG                                                    ;00000000;00000;0065;PIRATAS / REBELDES                                     ;00000000;00000;0070;PREPAL                                                 ;00000000;00000;0000;                                                       ;00000000;00000;0000;                                                       ;00000000;00000;0000;                                                       ;00000000;00000;0000;                                                       ;00000000;00000;0000;                                                       ;00000000;00000;0000;                                                       ;00000000;00000;0000;                                                       ;00000000;00000;0000;                                                       ;00000000;00000;0000;                                                       ;00000000;00000;0000;                                                       ;00000000;00000;0000;                                                       ;00000000;00000;0000;                                                       ;00000000;00000;0000;                                                       ;00000000;00000;0000;                                                       ;00000000;00000;0000;                                                       ;00000000;00000;0000;                                                       ;00000000;00000;0000;                                                       ;00000000;00000;0000;                                                       ;00000000;00000;0000;                                                       ;00000000;00000;0000;                                                       ;00000000;00000;0000;                                                       ;00000000;00000;0000;                                                       ;00000000;00000;0000;                                                       ;00000000;00000;0000;                                                       ;00000000;00000;0000;                                                       ;00000000;00000;0000;                                                       ;00000000;00000;0000;                                                       ;00000000;00000;0000;                                                       ;00000000;00000;0000;                                                       ;00000000;00000;0000;                                                       ;00000000;00000;0000;                                                       ;00000000;00000;0000;                                                       ;00000000;00000;0000;                                                       ;00000000;00000;0000;                                                       ;00000000;00000;0000;                                                       ;00000000;00000;0000;                                                       ;00000000;00000;0000;                                                       ;00000000;00000;0000;                                                       ;00000000;00000;0000;                                                       ;00000000;00000;0000;                                                       ;00000000;00000;0000;                                                       ;00000000;00000;0000;                                                       ;00000000;00000;0000;                                                       ;00000000;00000;0000;                                                       ;00000000;00000;0000;                                                       ;00000000;00000;0000;                                                       ;00000000;00000;
2406100033;08;09;9;405;99;Valdezate                                         ;99;99;00001;00000114;00000114;10000;00000075;06578;00000039;03421;00000000;00000;00000000;00000;0022;PP                                                     ;00000038;05066;0017;PSOE                                                   ;00000017;02266;0021;VOX                                                    ;00000008;01066;0042;AGRUPACIÓN DE ELECTORES "SE ACABÓ LA FIESTA"           ;00000006;00800;0009;FO                                                     ;00000001;00133;0020;IE                                                     ;00000001;00133;0032;SUMAR                                                  ;00000001;00133;0072;EXISTE                                                 ;00000001;00133;0046;Cs                                                     ;00000001;00133;0048;SAE                                                    ;00000001;00133;0001;IZQESP                                                 ;00000000;00000;0002;CEUS                                                   ;00000000;00000;0010;AHORA REPÚBLICAS (ERC-EH BILDU-BNG-ARA MÉS)            ;00000000;00000;0060;JUNTS UE                                               ;00000000;00000;0019;ANDALUCISTAS                                           ;00000000;00000;0023;ESCAÑOS EN BLANCO                                      ;00000000;00000;0024;CRT                                                    ;00000000;00000;0025;PODEMOS                                                ;00000000;00000;0026;PFAC                                                   ;00000000;00000;0027;PCTE                                                   ;00000000;00000;0029;PCPE/PCPC                                              ;00000000;00000;0039;PACMA                                                  ;00000000;00000;0040;CREE EN EUROPA                                         ;00000000;00000;0041;PMR                                                    ;00000000;00000;0043;F                                                      ;00000000;00000;0047;FE de las JONS                                         ;00000000;00000;0049;J.U.E.X.                                               ;00000000;00000;0050;PH                                                     ;00000000;00000;0051;VOLT                                                   ;00000000;00000;0052;RECORTES CERO                                          ;00000000;00000;0063;EXTREMEÑOS                                             ;00000000;00000;0064;GLG                                                    ;00000000;00000;0065;PIRATAS / REBELDES                                     ;00000000;00000;0070;PREPAL                                                 ;00000000;00000;0000;                                                       ;00000000;00000;0000;                                                       ;00000000;00000;0000;                                                       ;00000000;00000;0000;                                                       ;00000000;00000;0000;                                                       ;00000000;00000;0000;                                                       ;00000000;00000;0000;                                                       ;00000000;00000;0000;                                                       ;00000000;00000;0000;                                                       ;00000000;00000;0000;                                                       ;00000000;00000;0000;                                                       ;00000000;00000;0000;                                                       ;00000000;00000;0000;                                                       ;00000000;00000;0000;                                                       ;00000000;00000;0000;                                                       ;00000000;00000;0000;                                                       ;00000000;00000;0000;                                                       ;00000000;00000;0000;                                                       ;00000000;00000;0000;                                                       ;00000000;00000;0000;                                                       ;00000000;00000;0000;                                                       ;00000000;00000;0000;                                                       ;00000000;00000;0000;                                                       ;00000000;00000;0000;                                                       ;00000000;00000;0000;                                                       ;00000000;00000;0000;                                                       ;00000000;00000;0000;                                                       ;00000000;00000;0000;                                                       ;00000000;00000;0000;                                                       ;00000000;00000;0000;                                                       ;00000000;00000;0000;                                                       ;00000000;00000;0000;                                                       ;00000000;00000;0000;                                                       ;00000000;00000;0000;                                                       ;00000000;00000;0000;                                                       ;00000000;00000;0000;                                                       ;00000000;00000;0000;                                                       ;00000000;00000;0000;                                                       ;00000000;00000;0000;                                                       ;00000000;00000;0000;                                                       ;00000000;00000;0000;                                                       ;00000000;00000;0000;                                                       ;00000000;00000;0000;                                                       ;00000000;00000;0000;                                                       ;00000000;00000;0000;                                                       ;00000000;00000;0000;                                                       ;00000000;00000;
2406100033;08;09;9;406;99;Valdorros                                         ;99;99;00001;00000286;00000286;10000;00000157;05489;00000129;04510;00000003;00194;00000003;00191;0022;PP                                                     ;00000053;03441;0017;PSOE                                                   ;00000033;02142;0021;VOX                                                    ;00000017;01103;0025;PODEMOS                                                ;00000015;00974;0032;SUMAR                                                  ;00000010;00649;0042;AGRUPACIÓN DE ELECTORES "SE ACABÓ LA FIESTA"           ;00000005;00324;0046;Cs                                                     ;00000005;00324;0009;FO                                                     ;00000004;00259;0039;PACMA                                                  ;00000003;00194;0020;IE                                                     ;00000002;00129;0010;AHORA REPÚBLICAS (ERC-EH BILDU-BNG-ARA MÉS)            ;00000001;00064;0060;JUNTS UE                                               ;00000001;00064;0019;ANDALUCISTAS                                           ;00000001;00064;0040;CREE EN EUROPA                                         ;00000001;00064;0001;IZQESP                                                 ;00000000;00000;0002;CEUS                                                   ;00000000;00000;0023;ESCAÑOS EN BLANCO                                      ;00000000;00000;0024;CRT                                                    ;00000000;00000;0026;PFAC                                                   ;00000000;00000;0027;PCTE                                                   ;00000000;00000;0029;PCPE/PCPC                                              ;00000000;00000;0041;PMR                                                    ;00000000;00000;0043;F                                                      ;00000000;00000;0072;EXISTE                                                 ;00000000;00000;0047;FE de las JONS                                         ;00000000;00000;0048;SAE                                                    ;00000000;00000;0049;J.U.E.X.                                               ;00000000;00000;0050;PH                                                     ;00000000;00000;0051;VOLT                                                   ;00000000;00000;0052;RECORTES CERO                                          ;00000000;00000;0063;EXTREMEÑOS                                             ;00000000;00000;0064;GLG                                                    ;00000000;00000;0065;PIRATAS / REBELDES                                     ;00000000;00000;0070;PREPAL                                                 ;00000000;00000;0000;                                                       ;00000000;00000;0000;                                                       ;00000000;00000;0000;                                                       ;00000000;00000;0000;                                                       ;00000000;00000;0000;                                                       ;00000000;00000;0000;                                                       ;00000000;00000;0000;                                                       ;00000000;00000;0000;                                                       ;00000000;00000;0000;                                                       ;00000000;00000;0000;                                                       ;00000000;00000;0000;                                                       ;00000000;00000;0000;                                                       ;00000000;00000;0000;                                                       ;00000000;00000;0000;                                                       ;00000000;00000;0000;                                                       ;00000000;00000;0000;                                                       ;00000000;00000;0000;                                                       ;00000000;00000;0000;                                                       ;00000000;00000;0000;                                                       ;00000000;00000;0000;                                                       ;00000000;00000;0000;                                                       ;00000000;00000;0000;                                                       ;00000000;00000;0000;                                                       ;00000000;00000;0000;                                                       ;00000000;00000;0000;                                                       ;00000000;00000;0000;                                                       ;00000000;00000;0000;                                                       ;00000000;00000;0000;                                                       ;00000000;00000;0000;                                                       ;00000000;00000;0000;                                                       ;00000000;00000;0000;                                                       ;00000000;00000;0000;                                                       ;00000000;00000;0000;                                                       ;00000000;00000;0000;                                                       ;00000000;00000;0000;                                                       ;00000000;00000;0000;                                                       ;00000000;00000;0000;                                                       ;00000000;00000;0000;                                                       ;00000000;00000;0000;                                                       ;00000000;00000;0000;                                                       ;00000000;00000;0000;                                                       ;00000000;00000;0000;                                                       ;00000000;00000;0000;                                                       ;00000000;00000;0000;                                                       ;00000000;00000;0000;                                                       ;00000000;00000;0000;                                                       ;00000000;00000;
2406100033;08;09;9;407;99;Valmala                                           ;99;99;00001;00000024;00000024;10000;00000018;07500;00000006;02500;00000000;00000;00000001;00555;0022;PP                                                     ;00000010;05882;0017;PSOE                                                   ;00000005;02941;0032;SUMAR                                                  ;00000001;00588;0042;AGRUPACIÓN DE ELECTORES "SE ACABÓ LA FIESTA"           ;00000001;00588;0001;IZQESP                                                 ;00000000;00000;0002;CEUS                                                   ;00000000;00000;0009;FO                                                     ;00000000;00000;0010;AHORA REPÚBLICAS (ERC-EH BILDU-BNG-ARA MÉS)            ;00000000;00000;0060;JUNTS UE                                               ;00000000;00000;0019;ANDALUCISTAS                                           ;00000000;00000;0020;IE                                                     ;00000000;00000;0021;VOX                                                    ;00000000;00000;0023;ESCAÑOS EN BLANCO                                      ;00000000;00000;0024;CRT                                                    ;00000000;00000;0025;PODEMOS                                                ;00000000;00000;0026;PFAC                                                   ;00000000;00000;0027;PCTE                                                   ;00000000;00000;0029;PCPE/PCPC                                              ;00000000;00000;0039;PACMA                                                  ;00000000;00000;0040;CREE EN EUROPA                                         ;00000000;00000;0041;PMR                                                    ;00000000;00000;0043;F                                                      ;00000000;00000;0072;EXISTE                                                 ;00000000;00000;0046;Cs                                                     ;00000000;00000;0047;FE de las JONS                                         ;00000000;00000;0048;SAE                                                    ;00000000;00000;0049;J.U.E.X.                                               ;00000000;00000;0050;PH                                                     ;00000000;00000;0051;VOLT                                                   ;00000000;00000;0052;RECORTES CERO                                          ;00000000;00000;0063;EXTREMEÑOS                                             ;00000000;00000;0064;GLG                                                    ;00000000;00000;0065;PIRATAS / REBELDES                                     ;00000000;00000;0070;PREPAL                                                 ;00000000;00000;0000;                                                       ;00000000;00000;0000;                                                       ;00000000;00000;0000;                                                       ;00000000;00000;0000;                                                       ;00000000;00000;0000;                                                       ;00000000;00000;0000;                                                       ;00000000;00000;0000;                                                       ;00000000;00000;0000;                                                       ;00000000;00000;0000;                                                       ;00000000;00000;0000;                                                       ;00000000;00000;0000;                                                       ;00000000;00000;0000;                                                       ;00000000;00000;0000;                                                       ;00000000;00000;0000;                                                       ;00000000;00000;0000;                                                       ;00000000;00000;0000;                                                       ;00000000;00000;0000;                                                       ;00000000;00000;0000;                                                       ;00000000;00000;0000;                                                       ;00000000;00000;0000;                                                       ;00000000;00000;0000;                                                       ;00000000;00000;0000;                                                       ;00000000;00000;0000;                                                       ;00000000;00000;0000;                                                       ;00000000;00000;0000;                                                       ;00000000;00000;0000;                                                       ;00000000;00000;0000;                                                       ;00000000;00000;0000;                                                       ;00000000;00000;0000;                                                       ;00000000;00000;0000;                                                       ;00000000;00000;0000;                                                       ;00000000;00000;0000;                                                       ;00000000;00000;0000;                                                       ;00000000;00000;0000;                                                       ;00000000;00000;0000;                                                       ;00000000;00000;0000;                                                       ;00000000;00000;0000;                                                       ;00000000;00000;0000;                                                       ;00000000;00000;0000;                                                       ;00000000;00000;0000;                                                       ;00000000;00000;0000;                                                       ;00000000;00000;0000;                                                       ;00000000;00000;0000;                                                       ;00000000;00000;0000;                                                       ;00000000;00000;0000;                                                       ;00000000;00000;0000;                                                       ;00000000;00000;
2406100033;08;09;9;408;99;Vallarta de Bureba                                ;99;99;00001;00000041;00000041;10000;00000029;07073;00000012;02926;00000000;00000;00000001;00344;0022;PP                                                     ;00000016;05714;0021;VOX                                                    ;00000007;02500;0017;PSOE                                                   ;00000004;01428;0032;SUMAR                                                  ;00000001;00357;0001;IZQESP                                                 ;00000000;00000;0002;CEUS                                                   ;00000000;00000;0009;FO                                                     ;00000000;00000;0010;AHORA REPÚBLICAS (ERC-EH BILDU-BNG-ARA MÉS)            ;00000000;00000;0060;JUNTS UE                                               ;00000000;00000;0019;ANDALUCISTAS                                           ;00000000;00000;0020;IE                                                     ;00000000;00000;0023;ESCAÑOS EN BLANCO                                      ;00000000;00000;0024;CRT                                                    ;00000000;00000;0025;PODEMOS                                                ;00000000;00000;0026;PFAC                                                   ;00000000;00000;0027;PCTE                                                   ;00000000;00000;0029;PCPE/PCPC                                              ;00000000;00000;0039;PACMA                                                  ;00000000;00000;0040;CREE EN EUROPA                                         ;00000000;00000;0041;PMR                                                    ;00000000;00000;0042;AGRUPACIÓN DE ELECTORES "SE ACABÓ LA FIESTA"           ;00000000;00000;0043;F                                                      ;00000000;00000;0072;EXISTE                                                 ;00000000;00000;0046;Cs                                                     ;00000000;00000;0047;FE de las JONS                                         ;00000000;00000;0048;SAE                                                    ;00000000;00000;0049;J.U.E.X.                                               ;00000000;00000;0050;PH                                                     ;00000000;00000;0051;VOLT                                                   ;00000000;00000;0052;RECORTES CERO                                          ;00000000;00000;0063;EXTREMEÑOS                                             ;00000000;00000;0064;GLG                                                    ;00000000;00000;0065;PIRATAS / REBELDES                                     ;00000000;00000;0070;PREPAL                                                 ;00000000;00000;0000;                                                       ;00000000;00000;0000;                                                       ;00000000;00000;0000;                                                       ;00000000;00000;0000;                                                       ;00000000;00000;0000;                                                       ;00000000;00000;0000;                                                       ;00000000;00000;0000;                                                       ;00000000;00000;0000;                                                       ;00000000;00000;0000;                                                       ;00000000;00000;0000;                                                       ;00000000;00000;0000;                                                       ;00000000;00000;0000;                                                       ;00000000;00000;0000;                                                       ;00000000;00000;0000;                                                       ;00000000;00000;0000;                                                       ;00000000;00000;0000;                                                       ;00000000;00000;0000;                                                       ;00000000;00000;0000;                                                       ;00000000;00000;0000;                                                       ;00000000;00000;0000;                                                       ;00000000;00000;0000;                                                       ;00000000;00000;0000;                                                       ;00000000;00000;0000;                                                       ;00000000;00000;0000;                                                       ;00000000;00000;0000;                                                       ;00000000;00000;0000;                                                       ;00000000;00000;0000;                                                       ;00000000;00000;0000;                                                       ;00000000;00000;0000;                                                       ;00000000;00000;0000;                                                       ;00000000;00000;0000;                                                       ;00000000;00000;0000;                                                       ;00000000;00000;0000;                                                       ;00000000;00000;0000;                                                       ;00000000;00000;0000;                                                       ;00000000;00000;0000;                                                       ;00000000;00000;0000;                                                       ;00000000;00000;0000;                                                       ;00000000;00000;0000;                                                       ;00000000;00000;0000;                                                       ;00000000;00000;0000;                                                       ;00000000;00000;0000;                                                       ;00000000;00000;0000;                                                       ;00000000;00000;0000;                                                       ;00000000;00000;0000;                                                       ;00000000;00000;0000;                                                       ;00000000;00000;
2406100033;08;09;9;409;99;Valle de Manzanedo                                ;99;99;00001;00000110;00000110;10000;00000067;06090;00000043;03909;00000001;00151;00000001;00149;0022;PP                                                     ;00000022;03333;0017;PSOE                                                   ;00000021;03181;0042;AGRUPACIÓN DE ELECTORES "SE ACABÓ LA FIESTA"           ;00000006;00909;0021;VOX                                                    ;00000005;00757;0032;SUMAR                                                  ;00000004;00606;0010;AHORA REPÚBLICAS (ERC-EH BILDU-BNG-ARA MÉS)            ;00000003;00454;0009;FO                                                     ;00000002;00303;0020;IE                                                     ;00000001;00151;0072;EXISTE                                                 ;00000001;00151;0001;IZQESP                                                 ;00000000;00000;0002;CEUS                                                   ;00000000;00000;0060;JUNTS UE                                               ;00000000;00000;0019;ANDALUCISTAS                                           ;00000000;00000;0023;ESCAÑOS EN BLANCO                                      ;00000000;00000;0024;CRT                                                    ;00000000;00000;0025;PODEMOS                                                ;00000000;00000;0026;PFAC                                                   ;00000000;00000;0027;PCTE                                                   ;00000000;00000;0029;PCPE/PCPC                                              ;00000000;00000;0039;PACMA                                                  ;00000000;00000;0040;CREE EN EUROPA                                         ;00000000;00000;0041;PMR                                                    ;00000000;00000;0043;F                                                      ;00000000;00000;0046;Cs                                                     ;00000000;00000;0047;FE de las JONS                                         ;00000000;00000;0048;SAE                                                    ;00000000;00000;0049;J.U.E.X.                                               ;00000000;00000;0050;PH                                                     ;00000000;00000;0051;VOLT                                                   ;00000000;00000;0052;RECORTES CERO                                          ;00000000;00000;0063;EXTREMEÑOS                                             ;00000000;00000;0064;GLG                                                    ;00000000;00000;0065;PIRATAS / REBELDES                                     ;00000000;00000;0070;PREPAL                                                 ;00000000;00000;0000;                                                       ;00000000;00000;0000;                                                       ;00000000;00000;0000;                                                       ;00000000;00000;0000;                                                       ;00000000;00000;0000;                                                       ;00000000;00000;0000;                                                       ;00000000;00000;0000;                                                       ;00000000;00000;0000;                                                       ;00000000;00000;0000;                                                       ;00000000;00000;0000;                                                       ;00000000;00000;0000;                                                       ;00000000;00000;0000;                                                       ;00000000;00000;0000;                                                       ;00000000;00000;0000;                                                       ;00000000;00000;0000;                                                       ;00000000;00000;0000;                                                       ;00000000;00000;0000;                                                       ;00000000;00000;0000;                                                       ;00000000;00000;0000;                                                       ;00000000;00000;0000;                                                       ;00000000;00000;0000;                                                       ;00000000;00000;0000;                                                       ;00000000;00000;0000;                                                       ;00000000;00000;0000;                                                       ;00000000;00000;0000;                                                       ;00000000;00000;0000;                                                       ;00000000;00000;0000;                                                       ;00000000;00000;0000;                                                       ;00000000;00000;0000;                                                       ;00000000;00000;0000;                                                       ;00000000;00000;0000;                                                       ;00000000;00000;0000;                                                       ;00000000;00000;0000;                                                       ;00000000;00000;0000;                                                       ;00000000;00000;0000;                                                       ;00000000;00000;0000;                                                       ;00000000;00000;0000;                                                       ;00000000;00000;0000;                                                       ;00000000;00000;0000;                                                       ;00000000;00000;0000;                                                       ;00000000;00000;0000;                                                       ;00000000;00000;0000;                                                       ;00000000;00000;0000;                                                       ;00000000;00000;0000;                                                       ;00000000;00000;0000;                                                       ;00000000;00000;0000;                                                       ;00000000;00000;
2406100033;08;09;9;410;99;Valle de Mena                                     ;99;99;00007;00003251;00003251;10000;00001481;04555;00001770;05444;00000012;00081;00000014;00094;0017;PSOE                                                   ;00000709;04832;0022;PP                                                     ;00000340;02317;0021;VOX                                                    ;00000123;00838;0032;SUMAR                                                  ;00000091;00620;0025;PODEMOS                                                ;00000052;00354;0042;AGRUPACIÓN DE ELECTORES "SE ACABÓ LA FIESTA"           ;00000051;00347;0010;AHORA REPÚBLICAS (ERC-EH BILDU-BNG-ARA MÉS)            ;00000027;00184;0039;PACMA                                                  ;00000019;00129;0002;CEUS                                                   ;00000009;00061;0009;FO                                                     ;00000009;00061;0072;EXISTE                                                 ;00000004;00027;0001;IZQESP                                                 ;00000003;00020;0020;IE                                                     ;00000002;00013;0026;PFAC                                                   ;00000002;00013;0029;PCPE/PCPC                                              ;00000002;00013;0043;F                                                      ;00000002;00013;0048;SAE                                                    ;00000002;00013;0050;PH                                                     ;00000002;00013;0019;ANDALUCISTAS                                           ;00000001;00006;0023;ESCAÑOS EN BLANCO                                      ;00000001;00006;0027;PCTE                                                   ;00000001;00006;0046;Cs                                                     ;00000001;00006;0052;RECORTES CERO                                          ;00000001;00006;0065;PIRATAS / REBELDES                                     ;00000001;00006;0060;JUNTS UE                                               ;00000000;00000;0024;CRT                                                    ;00000000;00000;0040;CREE EN EUROPA                                         ;00000000;00000;0041;PMR                                                    ;00000000;00000;0047;FE de las JONS                                         ;00000000;00000;0049;J.U.E.X.                                               ;00000000;00000;0051;VOLT                                                   ;00000000;00000;0063;EXTREMEÑOS                                             ;00000000;00000;0064;GLG                                                    ;00000000;00000;0070;PREPAL                                                 ;00000000;00000;0000;                                                       ;00000000;00000;0000;                                                       ;00000000;00000;0000;                                                       ;00000000;00000;0000;                                                       ;00000000;00000;0000;                                                       ;00000000;00000;0000;                                                       ;00000000;00000;0000;                                                       ;00000000;00000;0000;                                                       ;00000000;00000;0000;                                                       ;00000000;00000;0000;                                                       ;00000000;00000;0000;                                                       ;00000000;00000;0000;                                                       ;00000000;00000;0000;                                                       ;00000000;00000;0000;                                                       ;00000000;00000;0000;                                                       ;00000000;00000;0000;                                                       ;00000000;00000;0000;                                                       ;00000000;00000;0000;                                                       ;00000000;00000;0000;                                                       ;00000000;00000;0000;                                                       ;00000000;00000;0000;                                                       ;00000000;00000;0000;                                                       ;00000000;00000;0000;                                                       ;00000000;00000;0000;                                                       ;00000000;00000;0000;                                                       ;00000000;00000;0000;                                                       ;00000000;00000;0000;                                                       ;00000000;00000;0000;                                                       ;00000000;00000;0000;                                                       ;00000000;00000;0000;                                                       ;00000000;00000;0000;                                                       ;00000000;00000;0000;                                                       ;00000000;00000;0000;                                                       ;00000000;00000;0000;                                                       ;00000000;00000;0000;                                                       ;00000000;00000;0000;                                                       ;00000000;00000;0000;                                                       ;00000000;00000;0000;                                                       ;00000000;00000;0000;                                                       ;00000000;00000;0000;                                                       ;00000000;00000;0000;                                                       ;00000000;00000;0000;                                                       ;00000000;00000;0000;                                                       ;00000000;00000;0000;                                                       ;00000000;00000;0000;                                                       ;00000000;00000;0000;                                                       ;00000000;00000;
2406100033;08;09;9;411;99;Valle de Oca                                      ;99;99;00001;00000148;00000148;10000;00000074;05000;00000074;05000;00000001;00135;00000000;00000;0022;PP                                                     ;00000026;03513;0017;PSOE                                                   ;00000025;03378;0021;VOX                                                    ;00000014;01891;0032;SUMAR                                                  ;00000003;00405;0009;FO                                                     ;00000002;00270;0010;AHORA REPÚBLICAS (ERC-EH BILDU-BNG-ARA MÉS)            ;00000001;00135;0025;PODEMOS                                                ;00000001;00135;0042;AGRUPACIÓN DE ELECTORES "SE ACABÓ LA FIESTA"           ;00000001;00135;0001;IZQESP                                                 ;00000000;00000;0002;CEUS                                                   ;00000000;00000;0060;JUNTS UE                                               ;00000000;00000;0019;ANDALUCISTAS                                           ;00000000;00000;0020;IE                                                     ;00000000;00000;0023;ESCAÑOS EN BLANCO                                      ;00000000;00000;0024;CRT                                                    ;00000000;00000;0026;PFAC                                                   ;00000000;00000;0027;PCTE                                                   ;00000000;00000;0029;PCPE/PCPC                                              ;00000000;00000;0039;PACMA                                                  ;00000000;00000;0040;CREE EN EUROPA                                         ;00000000;00000;0041;PMR                                                    ;00000000;00000;0043;F                                                      ;00000000;00000;0072;EXISTE                                                 ;00000000;00000;0046;Cs                                                     ;00000000;00000;0047;FE de las JONS                                         ;00000000;00000;0048;SAE                                                    ;00000000;00000;0049;J.U.E.X.                                               ;00000000;00000;0050;PH                                                     ;00000000;00000;0051;VOLT                                                   ;00000000;00000;0052;RECORTES CERO                                          ;00000000;00000;0063;EXTREMEÑOS                                             ;00000000;00000;0064;GLG                                                    ;00000000;00000;0065;PIRATAS / REBELDES                                     ;00000000;00000;0070;PREPAL                                                 ;00000000;00000;0000;                                                       ;00000000;00000;0000;                                                       ;00000000;00000;0000;                                                       ;00000000;00000;0000;                                                       ;00000000;00000;0000;                                                       ;00000000;00000;0000;                                                       ;00000000;00000;0000;                                                       ;00000000;00000;0000;                                                       ;00000000;00000;0000;                                                       ;00000000;00000;0000;                                                       ;00000000;00000;0000;                                                       ;00000000;00000;0000;                                                       ;00000000;00000;0000;                                                       ;00000000;00000;0000;                                                       ;00000000;00000;0000;                                                       ;00000000;00000;0000;                                                       ;00000000;00000;0000;                                                       ;00000000;00000;0000;                                                       ;00000000;00000;0000;                                                       ;00000000;00000;0000;                                                       ;00000000;00000;0000;                                                       ;00000000;00000;0000;                                                       ;00000000;00000;0000;                                                       ;00000000;00000;0000;                                                       ;00000000;00000;0000;                                                       ;00000000;00000;0000;                                                       ;00000000;00000;0000;                                                       ;00000000;00000;0000;                                                       ;00000000;00000;0000;                                                       ;00000000;00000;0000;                                                       ;00000000;00000;0000;                                                       ;00000000;00000;0000;                                                       ;00000000;00000;0000;                                                       ;00000000;00000;0000;                                                       ;00000000;00000;0000;                                                       ;00000000;00000;0000;                                                       ;00000000;00000;0000;                                                       ;00000000;00000;0000;                                                       ;00000000;00000;0000;                                                       ;00000000;00000;0000;                                                       ;00000000;00000;0000;                                                       ;00000000;00000;0000;                                                       ;00000000;00000;0000;                                                       ;00000000;00000;0000;                                                       ;00000000;00000;0000;                                                       ;00000000;00000;0000;                                                       ;00000000;00000;
2406100033;08;09;9;412;99;Valle de Tobalina                                 ;99;99;00001;00000732;00000732;10000;00000363;04959;00000369;05040;00000001;00027;00000003;00082;0022;PP                                                     ;00000155;04305;0017;PSOE                                                   ;00000100;02777;0021;VOX                                                    ;00000040;01111;0032;SUMAR                                                  ;00000022;00611;0042;AGRUPACIÓN DE ELECTORES "SE ACABÓ LA FIESTA"           ;00000016;00444;0010;AHORA REPÚBLICAS (ERC-EH BILDU-BNG-ARA MÉS)            ;00000008;00222;0025;PODEMOS                                                ;00000006;00166;0002;CEUS                                                   ;00000002;00055;0039;PACMA                                                  ;00000002;00055;0060;JUNTS UE                                               ;00000001;00027;0023;ESCAÑOS EN BLANCO                                      ;00000001;00027;0027;PCTE                                                   ;00000001;00027;0029;PCPE/PCPC                                              ;00000001;00027;0046;Cs                                                     ;00000001;00027;0048;SAE                                                    ;00000001;00027;0051;VOLT                                                   ;00000001;00027;0070;PREPAL                                                 ;00000001;00027;0001;IZQESP                                                 ;00000000;00000;0009;FO                                                     ;00000000;00000;0019;ANDALUCISTAS                                           ;00000000;00000;0020;IE                                                     ;00000000;00000;0024;CRT                                                    ;00000000;00000;0026;PFAC                                                   ;00000000;00000;0040;CREE EN EUROPA                                         ;00000000;00000;0041;PMR                                                    ;00000000;00000;0043;F                                                      ;00000000;00000;0072;EXISTE                                                 ;00000000;00000;0047;FE de las JONS                                         ;00000000;00000;0049;J.U.E.X.                                               ;00000000;00000;0050;PH                                                     ;00000000;00000;0052;RECORTES CERO                                          ;00000000;00000;0063;EXTREMEÑOS                                             ;00000000;00000;0064;GLG                                                    ;00000000;00000;0065;PIRATAS / REBELDES                                     ;00000000;00000;0000;                                                       ;00000000;00000;0000;                                                       ;00000000;00000;0000;                                                       ;00000000;00000;0000;                                                       ;00000000;00000;0000;                                                       ;00000000;00000;0000;                                                       ;00000000;00000;0000;                                                       ;00000000;00000;0000;                                                       ;00000000;00000;0000;                                                       ;00000000;00000;0000;                                                       ;00000000;00000;0000;                                                       ;00000000;00000;0000;                                                       ;00000000;00000;0000;                                                       ;00000000;00000;0000;                                                       ;00000000;00000;0000;                                                       ;00000000;00000;0000;                                                       ;00000000;00000;0000;                                                       ;00000000;00000;0000;                                                       ;00000000;00000;0000;                                                       ;00000000;00000;0000;                                                       ;00000000;00000;0000;                                                       ;00000000;00000;0000;                                                       ;00000000;00000;0000;                                                       ;00000000;00000;0000;                                                       ;00000000;00000;0000;                                                       ;00000000;00000;0000;                                                       ;00000000;00000;0000;                                                       ;00000000;00000;0000;                                                       ;00000000;00000;0000;                                                       ;00000000;00000;0000;                                                       ;00000000;00000;0000;                                                       ;00000000;00000;0000;                                                       ;00000000;00000;0000;                                                       ;00000000;00000;0000;                                                       ;00000000;00000;0000;                                                       ;00000000;00000;0000;                                                       ;00000000;00000;0000;                                                       ;00000000;00000;0000;                                                       ;00000000;00000;0000;                                                       ;00000000;00000;0000;                                                       ;00000000;00000;0000;                                                       ;00000000;00000;0000;                                                       ;00000000;00000;0000;                                                       ;00000000;00000;0000;                                                       ;00000000;00000;0000;                                                       ;00000000;00000;0000;                                                       ;00000000;00000;
2406100033;08;09;9;413;99;Valle de Valdebezana                              ;99;99;00001;00000405;00000405;10000;00000196;04839;00000209;05160;00000000;00000;00000002;00102;0022;PP                                                     ;00000091;04690;0017;PSOE                                                   ;00000060;03092;0021;VOX                                                    ;00000016;00824;0042;AGRUPACIÓN DE ELECTORES "SE ACABÓ LA FIESTA"           ;00000009;00463;0032;SUMAR                                                  ;00000007;00360;0046;Cs                                                     ;00000005;00257;0025;PODEMOS                                                ;00000003;00154;0010;AHORA REPÚBLICAS (ERC-EH BILDU-BNG-ARA MÉS)            ;00000001;00051;0023;ESCAÑOS EN BLANCO                                      ;00000001;00051;0039;PACMA                                                  ;00000001;00051;0001;IZQESP                                                 ;00000000;00000;0002;CEUS                                                   ;00000000;00000;0009;FO                                                     ;00000000;00000;0060;JUNTS UE                                               ;00000000;00000;0019;ANDALUCISTAS                                           ;00000000;00000;0020;IE                                                     ;00000000;00000;0024;CRT                                                    ;00000000;00000;0026;PFAC                                                   ;00000000;00000;0027;PCTE                                                   ;00000000;00000;0029;PCPE/PCPC                                              ;00000000;00000;0040;CREE EN EUROPA                                         ;00000000;00000;0041;PMR                                                    ;00000000;00000;0043;F                                                      ;00000000;00000;0072;EXISTE                                                 ;00000000;00000;0047;FE de las JONS                                         ;00000000;00000;0048;SAE                                                    ;00000000;00000;0049;J.U.E.X.                                               ;00000000;00000;0050;PH                                                     ;00000000;00000;0051;VOLT                                                   ;00000000;00000;0052;RECORTES CERO                                          ;00000000;00000;0063;EXTREMEÑOS                                             ;00000000;00000;0064;GLG                                                    ;00000000;00000;0065;PIRATAS / REBELDES                                     ;00000000;00000;0070;PREPAL                                                 ;00000000;00000;0000;                                                       ;00000000;00000;0000;                                                       ;00000000;00000;0000;                                                       ;00000000;00000;0000;                                                       ;00000000;00000;0000;                                                       ;00000000;00000;0000;                                                       ;00000000;00000;0000;                                                       ;00000000;00000;0000;                                                       ;00000000;00000;0000;                                                       ;00000000;00000;0000;                                                       ;00000000;00000;0000;                                                       ;00000000;00000;0000;                                                       ;00000000;00000;0000;                                                       ;00000000;00000;0000;                                                       ;00000000;00000;0000;                                                       ;00000000;00000;0000;                                                       ;00000000;00000;0000;                                                       ;00000000;00000;0000;                                                       ;00000000;00000;0000;                                                       ;00000000;00000;0000;                                                       ;00000000;00000;0000;                                                       ;00000000;00000;0000;                                                       ;00000000;00000;0000;                                                       ;00000000;00000;0000;                                                       ;00000000;00000;0000;                                                       ;00000000;00000;0000;                                                       ;00000000;00000;0000;                                                       ;00000000;00000;0000;                                                       ;00000000;00000;0000;                                                       ;00000000;00000;0000;                                                       ;00000000;00000;0000;                                                       ;00000000;00000;0000;                                                       ;00000000;00000;0000;                                                       ;00000000;00000;0000;                                                       ;00000000;00000;0000;                                                       ;00000000;00000;0000;                                                       ;00000000;00000;0000;                                                       ;00000000;00000;0000;                                                       ;00000000;00000;0000;                                                       ;00000000;00000;0000;                                                       ;00000000;00000;0000;                                                       ;00000000;00000;0000;                                                       ;00000000;00000;0000;                                                       ;00000000;00000;0000;                                                       ;00000000;00000;0000;                                                       ;00000000;00000;0000;                                                       ;00000000;00000;
2406100033;08;09;9;414;99;Valle de Valdelaguna                              ;99;99;00001;00000171;00000171;10000;00000117;06842;00000054;03157;00000001;00086;00000001;00085;0022;PP                                                     ;00000060;05172;0017;PSOE                                                   ;00000037;03189;0021;VOX                                                    ;00000008;00689;0042;AGRUPACIÓN DE ELECTORES "SE ACABÓ LA FIESTA"           ;00000004;00344;0032;SUMAR                                                  ;00000002;00172;0009;FO                                                     ;00000001;00086;0023;ESCAÑOS EN BLANCO                                      ;00000001;00086;0046;Cs                                                     ;00000001;00086;0050;PH                                                     ;00000001;00086;0001;IZQESP                                                 ;00000000;00000;0002;CEUS                                                   ;00000000;00000;0010;AHORA REPÚBLICAS (ERC-EH BILDU-BNG-ARA MÉS)            ;00000000;00000;0060;JUNTS UE                                               ;00000000;00000;0019;ANDALUCISTAS                                           ;00000000;00000;0020;IE                                                     ;00000000;00000;0024;CRT                                                    ;00000000;00000;0025;PODEMOS                                                ;00000000;00000;0026;PFAC                                                   ;00000000;00000;0027;PCTE                                                   ;00000000;00000;0029;PCPE/PCPC                                              ;00000000;00000;0039;PACMA                                                  ;00000000;00000;0040;CREE EN EUROPA                                         ;00000000;00000;0041;PMR                                                    ;00000000;00000;0043;F                                                      ;00000000;00000;0072;EXISTE                                                 ;00000000;00000;0047;FE de las JONS                                         ;00000000;00000;0048;SAE                                                    ;00000000;00000;0049;J.U.E.X.                                               ;00000000;00000;0051;VOLT                                                   ;00000000;00000;0052;RECORTES CERO                                          ;00000000;00000;0063;EXTREMEÑOS                                             ;00000000;00000;0064;GLG                                                    ;00000000;00000;0065;PIRATAS / REBELDES                                     ;00000000;00000;0070;PREPAL                                                 ;00000000;00000;0000;                                                       ;00000000;00000;0000;                                                       ;00000000;00000;0000;                                                       ;00000000;00000;0000;                                                       ;00000000;00000;0000;                                                       ;00000000;00000;0000;                                                       ;00000000;00000;0000;                                                       ;00000000;00000;0000;                                                       ;00000000;00000;0000;                                                       ;00000000;00000;0000;                                                       ;00000000;00000;0000;                                                       ;00000000;00000;0000;                                                       ;00000000;00000;0000;                                                       ;00000000;00000;0000;                                                       ;00000000;00000;0000;                                                       ;00000000;00000;0000;                                                       ;00000000;00000;0000;                                                       ;00000000;00000;0000;                                                       ;00000000;00000;0000;                                                       ;00000000;00000;0000;                                                       ;00000000;00000;0000;                                                       ;00000000;00000;0000;                                                       ;00000000;00000;0000;                                                       ;00000000;00000;0000;                                                       ;00000000;00000;0000;                                                       ;00000000;00000;0000;                                                       ;00000000;00000;0000;                                                       ;00000000;00000;0000;                                                       ;00000000;00000;0000;                                                       ;00000000;00000;0000;                                                       ;00000000;00000;0000;                                                       ;00000000;00000;0000;                                                       ;00000000;00000;0000;                                                       ;00000000;00000;0000;                                                       ;00000000;00000;0000;                                                       ;00000000;00000;0000;                                                       ;00000000;00000;0000;                                                       ;00000000;00000;0000;                                                       ;00000000;00000;0000;                                                       ;00000000;00000;0000;                                                       ;00000000;00000;0000;                                                       ;00000000;00000;0000;                                                       ;00000000;00000;0000;                                                       ;00000000;00000;0000;                                                       ;00000000;00000;0000;                                                       ;00000000;00000;0000;                                                       ;00000000;00000;
2406100033;08;09;9;415;99;Valle de Valdelucio                               ;99;99;00001;00000286;00000286;10000;00000172;06013;00000114;03986;00000000;00000;00000000;00000;0022;PP                                                     ;00000099;05755;0017;PSOE                                                   ;00000030;01744;0021;VOX                                                    ;00000023;01337;0042;AGRUPACIÓN DE ELECTORES "SE ACABÓ LA FIESTA"           ;00000007;00406;0032;SUMAR                                                  ;00000005;00290;0009;FO                                                     ;00000002;00116;0046;Cs                                                     ;00000002;00116;0020;IE                                                     ;00000001;00058;0025;PODEMOS                                                ;00000001;00058;0048;SAE                                                    ;00000001;00058;0051;VOLT                                                   ;00000001;00058;0001;IZQESP                                                 ;00000000;00000;0002;CEUS                                                   ;00000000;00000;0010;AHORA REPÚBLICAS (ERC-EH BILDU-BNG-ARA MÉS)            ;00000000;00000;0060;JUNTS UE                                               ;00000000;00000;0019;ANDALUCISTAS                                           ;00000000;00000;0023;ESCAÑOS EN BLANCO                                      ;00000000;00000;0024;CRT                                                    ;00000000;00000;0026;PFAC                                                   ;00000000;00000;0027;PCTE                                                   ;00000000;00000;0029;PCPE/PCPC                                              ;00000000;00000;0039;PACMA                                                  ;00000000;00000;0040;CREE EN EUROPA                                         ;00000000;00000;0041;PMR                                                    ;00000000;00000;0043;F                                                      ;00000000;00000;0072;EXISTE                                                 ;00000000;00000;0047;FE de las JONS                                         ;00000000;00000;0049;J.U.E.X.                                               ;00000000;00000;0050;PH                                                     ;00000000;00000;0052;RECORTES CERO                                          ;00000000;00000;0063;EXTREMEÑOS                                             ;00000000;00000;0064;GLG                                                    ;00000000;00000;0065;PIRATAS / REBELDES                                     ;00000000;00000;0070;PREPAL                                                 ;00000000;00000;0000;                                                       ;00000000;00000;0000;                                                       ;00000000;00000;0000;                                                       ;00000000;00000;0000;                                                       ;00000000;00000;0000;                                                       ;00000000;00000;0000;                                                       ;00000000;00000;0000;                                                       ;00000000;00000;0000;                                                       ;00000000;00000;0000;                                                       ;00000000;00000;0000;                                                       ;00000000;00000;0000;                                                       ;00000000;00000;0000;                                                       ;00000000;00000;0000;                                                       ;00000000;00000;0000;                                                       ;00000000;00000;0000;                                                       ;00000000;00000;0000;                                                       ;00000000;00000;0000;                                                       ;00000000;00000;0000;                                                       ;00000000;00000;0000;                                                       ;00000000;00000;0000;                                                       ;00000000;00000;0000;                                                       ;00000000;00000;0000;                                                       ;00000000;00000;0000;                                                       ;00000000;00000;0000;                                                       ;00000000;00000;0000;                                                       ;00000000;00000;0000;                                                       ;00000000;00000;0000;                                                       ;00000000;00000;0000;                                                       ;00000000;00000;0000;                                                       ;00000000;00000;0000;                                                       ;00000000;00000;0000;                                                       ;00000000;00000;0000;                                                       ;00000000;00000;0000;                                                       ;00000000;00000;0000;                                                       ;00000000;00000;0000;                                                       ;00000000;00000;0000;                                                       ;00000000;00000;0000;                                                       ;00000000;00000;0000;                                                       ;00000000;00000;0000;                                                       ;00000000;00000;0000;                                                       ;00000000;00000;0000;                                                       ;00000000;00000;0000;                                                       ;00000000;00000;0000;                                                       ;00000000;00000;0000;                                                       ;00000000;00000;0000;                                                       ;00000000;00000;0000;                                                       ;00000000;00000;
2406100033;08;09;9;416;99;Valle de Zamanzas                                 ;99;99;00001;00000041;00000041;10000;00000027;06585;00000014;03414;00000001;00370;00000000;00000;0025;PODEMOS                                                ;00000007;02592;0022;PP                                                     ;00000005;01851;0017;PSOE                                                   ;00000004;01481;0021;VOX                                                    ;00000003;01111;0032;SUMAR                                                  ;00000003;01111;0042;AGRUPACIÓN DE ELECTORES "SE ACABÓ LA FIESTA"           ;00000002;00740;0010;AHORA REPÚBLICAS (ERC-EH BILDU-BNG-ARA MÉS)            ;00000001;00370;0046;Cs                                                     ;00000001;00370;0001;IZQESP                                                 ;00000000;00000;0002;CEUS                                                   ;00000000;00000;0009;FO                                                     ;00000000;00000;0060;JUNTS UE                                               ;00000000;00000;0019;ANDALUCISTAS                                           ;00000000;00000;0020;IE                                                     ;00000000;00000;0023;ESCAÑOS EN BLANCO                                      ;00000000;00000;0024;CRT                                                    ;00000000;00000;0026;PFAC                                                   ;00000000;00000;0027;PCTE                                                   ;00000000;00000;0029;PCPE/PCPC                                              ;00000000;00000;0039;PACMA                                                  ;00000000;00000;0040;CREE EN EUROPA                                         ;00000000;00000;0041;PMR                                                    ;00000000;00000;0043;F                                                      ;00000000;00000;0072;EXISTE                                                 ;00000000;00000;0047;FE de las JONS                                         ;00000000;00000;0048;SAE                                                    ;00000000;00000;0049;J.U.E.X.                                               ;00000000;00000;0050;PH                                                     ;00000000;00000;0051;VOLT                                                   ;00000000;00000;0052;RECORTES CERO                                          ;00000000;00000;0063;EXTREMEÑOS                                             ;00000000;00000;0064;GLG                                                    ;00000000;00000;0065;PIRATAS / REBELDES                                     ;00000000;00000;0070;PREPAL                                                 ;00000000;00000;0000;                                                       ;00000000;00000;0000;                                                       ;00000000;00000;0000;                                                       ;00000000;00000;0000;                                                       ;00000000;00000;0000;                                                       ;00000000;00000;0000;                                                       ;00000000;00000;0000;                                                       ;00000000;00000;0000;                                                       ;00000000;00000;0000;                                                       ;00000000;00000;0000;                                                       ;00000000;00000;0000;                                                       ;00000000;00000;0000;                                                       ;00000000;00000;0000;                                                       ;00000000;00000;0000;                                                       ;00000000;00000;0000;                                                       ;00000000;00000;0000;                                                       ;00000000;00000;0000;                                                       ;00000000;00000;0000;                                                       ;00000000;00000;0000;                                                       ;00000000;00000;0000;                                                       ;00000000;00000;0000;                                                       ;00000000;00000;0000;                                                       ;00000000;00000;0000;                                                       ;00000000;00000;0000;                                                       ;00000000;00000;0000;                                                       ;00000000;00000;0000;                                                       ;00000000;00000;0000;                                                       ;00000000;00000;0000;                                                       ;00000000;00000;0000;                                                       ;00000000;00000;0000;                                                       ;00000000;00000;0000;                                                       ;00000000;00000;0000;                                                       ;00000000;00000;0000;                                                       ;00000000;00000;0000;                                                       ;00000000;00000;0000;                                                       ;00000000;00000;0000;                                                       ;00000000;00000;0000;                                                       ;00000000;00000;0000;                                                       ;00000000;00000;0000;                                                       ;00000000;00000;0000;                                                       ;00000000;00000;0000;                                                       ;00000000;00000;0000;                                                       ;00000000;00000;0000;                                                       ;00000000;00000;0000;                                                       ;00000000;00000;0000;                                                       ;00000000;00000;0000;                                                       ;00000000;00000;
2406100033;08;09;9;417;99;Vallejera                                         ;99;99;00001;00000038;00000038;10000;00000027;07105;00000011;02894;00000000;00000;00000000;00000;0022;PP                                                     ;00000017;06296;0021;VOX                                                    ;00000004;01481;0042;AGRUPACIÓN DE ELECTORES "SE ACABÓ LA FIESTA"           ;00000004;01481;0017;PSOE                                                   ;00000002;00740;0001;IZQESP                                                 ;00000000;00000;0002;CEUS                                                   ;00000000;00000;0009;FO                                                     ;00000000;00000;0010;AHORA REPÚBLICAS (ERC-EH BILDU-BNG-ARA MÉS)            ;00000000;00000;0060;JUNTS UE                                               ;00000000;00000;0019;ANDALUCISTAS                                           ;00000000;00000;0020;IE                                                     ;00000000;00000;0023;ESCAÑOS EN BLANCO                                      ;00000000;00000;0024;CRT                                                    ;00000000;00000;0025;PODEMOS                                                ;00000000;00000;0026;PFAC                                                   ;00000000;00000;0027;PCTE                                                   ;00000000;00000;0029;PCPE/PCPC                                              ;00000000;00000;0032;SUMAR                                                  ;00000000;00000;0039;PACMA                                                  ;00000000;00000;0040;CREE EN EUROPA                                         ;00000000;00000;0041;PMR                                                    ;00000000;00000;0043;F                                                      ;00000000;00000;0072;EXISTE                                                 ;00000000;00000;0046;Cs                                                     ;00000000;00000;0047;FE de las JONS                                         ;00000000;00000;0048;SAE                                                    ;00000000;00000;0049;J.U.E.X.                                               ;00000000;00000;0050;PH                                                     ;00000000;00000;0051;VOLT                                                   ;00000000;00000;0052;RECORTES CERO                                          ;00000000;00000;0063;EXTREMEÑOS                                             ;00000000;00000;0064;GLG                                                    ;00000000;00000;0065;PIRATAS / REBELDES                                     ;00000000;00000;0070;PREPAL                                                 ;00000000;00000;0000;                                                       ;00000000;00000;0000;                                                       ;00000000;00000;0000;                                                       ;00000000;00000;0000;                                                       ;00000000;00000;0000;                                                       ;00000000;00000;0000;                                                       ;00000000;00000;0000;                                                       ;00000000;00000;0000;                                                       ;00000000;00000;0000;                                                       ;00000000;00000;0000;                                                       ;00000000;00000;0000;                                                       ;00000000;00000;0000;                                                       ;00000000;00000;0000;                                                       ;00000000;00000;0000;                                                       ;00000000;00000;0000;                                                       ;00000000;00000;0000;                                                       ;00000000;00000;0000;                                                       ;00000000;00000;0000;                                                       ;00000000;00000;0000;                                                       ;00000000;00000;0000;                                                       ;00000000;00000;0000;                                                       ;00000000;00000;0000;                                                       ;00000000;00000;0000;                                                       ;00000000;00000;0000;                                                       ;00000000;00000;0000;                                                       ;00000000;00000;0000;                                                       ;00000000;00000;0000;                                                       ;00000000;00000;0000;                                                       ;00000000;00000;0000;                                                       ;00000000;00000;0000;                                                       ;00000000;00000;0000;                                                       ;00000000;00000;0000;                                                       ;00000000;00000;0000;                                                       ;00000000;00000;0000;                                                       ;00000000;00000;0000;                                                       ;00000000;00000;0000;                                                       ;00000000;00000;0000;                                                       ;00000000;00000;0000;                                                       ;00000000;00000;0000;                                                       ;00000000;00000;0000;                                                       ;00000000;00000;0000;                                                       ;00000000;00000;0000;                                                       ;00000000;00000;0000;                                                       ;00000000;00000;0000;                                                       ;00000000;00000;0000;                                                       ;00000000;00000;0000;                                                       ;00000000;00000;
2406100033;08;09;9;418;99;Valles de Palenzuela                              ;99;99;00001;00000069;00000069;10000;00000045;06521;00000024;03478;00000002;00465;00000002;00444;0022;PP                                                     ;00000025;05813;0021;VOX                                                    ;00000009;02093;0017;PSOE                                                   ;00000007;01627;0001;IZQESP                                                 ;00000000;00000;0002;CEUS                                                   ;00000000;00000;0009;FO                                                     ;00000000;00000;0010;AHORA REPÚBLICAS (ERC-EH BILDU-BNG-ARA MÉS)            ;00000000;00000;0060;JUNTS UE                                               ;00000000;00000;0019;ANDALUCISTAS                                           ;00000000;00000;0020;IE                                                     ;00000000;00000;0023;ESCAÑOS EN BLANCO                                      ;00000000;00000;0024;CRT                                                    ;00000000;00000;0025;PODEMOS                                                ;00000000;00000;0026;PFAC                                                   ;00000000;00000;0027;PCTE                                                   ;00000000;00000;0029;PCPE/PCPC                                              ;00000000;00000;0032;SUMAR                                                  ;00000000;00000;0039;PACMA                                                  ;00000000;00000;0040;CREE EN EUROPA                                         ;00000000;00000;0041;PMR                                                    ;00000000;00000;0042;AGRUPACIÓN DE ELECTORES "SE ACABÓ LA FIESTA"           ;00000000;00000;0043;F                                                      ;00000000;00000;0072;EXISTE                                                 ;00000000;00000;0046;Cs                                                     ;00000000;00000;0047;FE de las JONS                                         ;00000000;00000;0048;SAE                                                    ;00000000;00000;0049;J.U.E.X.                                               ;00000000;00000;0050;PH                                                     ;00000000;00000;0051;VOLT                                                   ;00000000;00000;0052;RECORTES CERO                                          ;00000000;00000;0063;EXTREMEÑOS                                             ;00000000;00000;0064;GLG                                                    ;00000000;00000;0065;PIRATAS / REBELDES                                     ;00000000;00000;0070;PREPAL                                                 ;00000000;00000;0000;                                                       ;00000000;00000;0000;                                                       ;00000000;00000;0000;                                                       ;00000000;00000;0000;                                                       ;00000000;00000;0000;                                                       ;00000000;00000;0000;                                                       ;00000000;00000;0000;                                                       ;00000000;00000;0000;                                                       ;00000000;00000;0000;                                                       ;00000000;00000;0000;                                                       ;00000000;00000;0000;                                                       ;00000000;00000;0000;                                                       ;00000000;00000;0000;                                                       ;00000000;00000;0000;                                                       ;00000000;00000;0000;                                                       ;00000000;00000;0000;                                                       ;00000000;00000;0000;                                                       ;00000000;00000;0000;                                                       ;00000000;00000;0000;                                                       ;00000000;00000;0000;                                                       ;00000000;00000;0000;                                                       ;00000000;00000;0000;                                                       ;00000000;00000;0000;                                                       ;00000000;00000;0000;                                                       ;00000000;00000;0000;                                                       ;00000000;00000;0000;                                                       ;00000000;00000;0000;                                                       ;00000000;00000;0000;                                                       ;00000000;00000;0000;                                                       ;00000000;00000;0000;                                                       ;00000000;00000;0000;                                                       ;00000000;00000;0000;                                                       ;00000000;00000;0000;                                                       ;00000000;00000;0000;                                                       ;00000000;00000;0000;                                                       ;00000000;00000;0000;                                                       ;00000000;00000;0000;                                                       ;00000000;00000;0000;                                                       ;00000000;00000;0000;                                                       ;00000000;00000;0000;                                                       ;00000000;00000;0000;                                                       ;00000000;00000;0000;                                                       ;00000000;00000;0000;                                                       ;00000000;00000;0000;                                                       ;00000000;00000;0000;                                                       ;00000000;00000;0000;                                                       ;00000000;00000;
2406100033;08;09;9;419;99;Valluércanes                                      ;99;99;00001;00000060;00000060;10000;00000044;07333;00000016;02666;00000000;00000;00000005;01136;0022;PP                                                     ;00000030;07692;0021;VOX                                                    ;00000006;01538;0017;PSOE                                                   ;00000002;00512;0032;SUMAR                                                  ;00000001;00256;0001;IZQESP                                                 ;00000000;00000;0002;CEUS                                                   ;00000000;00000;0009;FO                                                     ;00000000;00000;0010;AHORA REPÚBLICAS (ERC-EH BILDU-BNG-ARA MÉS)            ;00000000;00000;0060;JUNTS UE                                               ;00000000;00000;0019;ANDALUCISTAS                                           ;00000000;00000;0020;IE                                                     ;00000000;00000;0023;ESCAÑOS EN BLANCO                                      ;00000000;00000;0024;CRT                                                    ;00000000;00000;0025;PODEMOS                                                ;00000000;00000;0026;PFAC                                                   ;00000000;00000;0027;PCTE                                                   ;00000000;00000;0029;PCPE/PCPC                                              ;00000000;00000;0039;PACMA                                                  ;00000000;00000;0040;CREE EN EUROPA                                         ;00000000;00000;0041;PMR                                                    ;00000000;00000;0042;AGRUPACIÓN DE ELECTORES "SE ACABÓ LA FIESTA"           ;00000000;00000;0043;F                                                      ;00000000;00000;0072;EXISTE                                                 ;00000000;00000;0046;Cs                                                     ;00000000;00000;0047;FE de las JONS                                         ;00000000;00000;0048;SAE                                                    ;00000000;00000;0049;J.U.E.X.                                               ;00000000;00000;0050;PH                                                     ;00000000;00000;0051;VOLT                                                   ;00000000;00000;0052;RECORTES CERO                                          ;00000000;00000;0063;EXTREMEÑOS                                             ;00000000;00000;0064;GLG                                                    ;00000000;00000;0065;PIRATAS / REBELDES                                     ;00000000;00000;0070;PREPAL                                                 ;00000000;00000;0000;                                                       ;00000000;00000;0000;                                                       ;00000000;00000;0000;                                                       ;00000000;00000;0000;                                                       ;00000000;00000;0000;                                                       ;00000000;00000;0000;                                                       ;00000000;00000;0000;                                                       ;00000000;00000;0000;                                                       ;00000000;00000;0000;                                                       ;00000000;00000;0000;                                                       ;00000000;00000;0000;                                                       ;00000000;00000;0000;                                                       ;00000000;00000;0000;                                                       ;00000000;00000;0000;                                                       ;00000000;00000;0000;                                                       ;00000000;00000;0000;                                                       ;00000000;00000;0000;                                                       ;00000000;00000;0000;                                                       ;00000000;00000;0000;                                                       ;00000000;00000;0000;                                                       ;00000000;00000;0000;                                                       ;00000000;00000;0000;                                                       ;00000000;00000;0000;                                                       ;00000000;00000;0000;                                                       ;00000000;00000;0000;                                                       ;00000000;00000;0000;                                                       ;00000000;00000;0000;                                                       ;00000000;00000;0000;                                                       ;00000000;00000;0000;                                                       ;00000000;00000;0000;                                                       ;00000000;00000;0000;                                                       ;00000000;00000;0000;                                                       ;00000000;00000;0000;                                                       ;00000000;00000;0000;                                                       ;00000000;00000;0000;                                                       ;00000000;00000;0000;                                                       ;00000000;00000;0000;                                                       ;00000000;00000;0000;                                                       ;00000000;00000;0000;                                                       ;00000000;00000;0000;                                                       ;00000000;00000;0000;                                                       ;00000000;00000;0000;                                                       ;00000000;00000;0000;                                                       ;00000000;00000;0000;                                                       ;00000000;00000;0000;                                                       ;00000000;00000;0000;                                                       ;00000000;00000;
2406100033;08;09;9;421;99;La Vid y Barrios                                  ;99;99;00001;00000221;00000221;10000;00000146;06606;00000075;03393;00000003;00205;00000000;00000;0022;PP                                                     ;00000068;04657;0017;PSOE                                                   ;00000047;03219;0021;VOX                                                    ;00000015;01027;0025;PODEMOS                                                ;00000004;00273;0042;AGRUPACIÓN DE ELECTORES "SE ACABÓ LA FIESTA"           ;00000002;00136;0072;EXISTE                                                 ;00000002;00136;0046;Cs                                                     ;00000002;00136;0023;ESCAÑOS EN BLANCO                                      ;00000001;00068;0032;SUMAR                                                  ;00000001;00068;0047;FE de las JONS                                         ;00000001;00068;0001;IZQESP                                                 ;00000000;00000;0002;CEUS                                                   ;00000000;00000;0009;FO                                                     ;00000000;00000;0010;AHORA REPÚBLICAS (ERC-EH BILDU-BNG-ARA MÉS)            ;00000000;00000;0060;JUNTS UE                                               ;00000000;00000;0019;ANDALUCISTAS                                           ;00000000;00000;0020;IE                                                     ;00000000;00000;0024;CRT                                                    ;00000000;00000;0026;PFAC                                                   ;00000000;00000;0027;PCTE                                                   ;00000000;00000;0029;PCPE/PCPC                                              ;00000000;00000;0039;PACMA                                                  ;00000000;00000;0040;CREE EN EUROPA                                         ;00000000;00000;0041;PMR                                                    ;00000000;00000;0043;F                                                      ;00000000;00000;0048;SAE                                                    ;00000000;00000;0049;J.U.E.X.                                               ;00000000;00000;0050;PH                                                     ;00000000;00000;0051;VOLT                                                   ;00000000;00000;0052;RECORTES CERO                                          ;00000000;00000;0063;EXTREMEÑOS                                             ;00000000;00000;0064;GLG                                                    ;00000000;00000;0065;PIRATAS / REBELDES                                     ;00000000;00000;0070;PREPAL                                                 ;00000000;00000;0000;                                                       ;00000000;00000;0000;                                                       ;00000000;00000;0000;                                                       ;00000000;00000;0000;                                                       ;00000000;00000;0000;                                                       ;00000000;00000;0000;                                                       ;00000000;00000;0000;                                                       ;00000000;00000;0000;                                                       ;00000000;00000;0000;                                                       ;00000000;00000;0000;                                                       ;00000000;00000;0000;                                                       ;00000000;00000;0000;                                                       ;00000000;00000;0000;                                                       ;00000000;00000;0000;                                                       ;00000000;00000;0000;                                                       ;00000000;00000;0000;                                                       ;00000000;00000;0000;                                                       ;00000000;00000;0000;                                                       ;00000000;00000;0000;                                                       ;00000000;00000;0000;                                                       ;00000000;00000;0000;                                                       ;00000000;00000;0000;                                                       ;00000000;00000;0000;                                                       ;00000000;00000;0000;                                                       ;00000000;00000;0000;                                                       ;00000000;00000;0000;                                                       ;00000000;00000;0000;                                                       ;00000000;00000;0000;                                                       ;00000000;00000;0000;                                                       ;00000000;00000;0000;                                                       ;00000000;00000;0000;                                                       ;00000000;00000;0000;                                                       ;00000000;00000;0000;                                                       ;00000000;00000;0000;                                                       ;00000000;00000;0000;                                                       ;00000000;00000;0000;                                                       ;00000000;00000;0000;                                                       ;00000000;00000;0000;                                                       ;00000000;00000;0000;                                                       ;00000000;00000;0000;                                                       ;00000000;00000;0000;                                                       ;00000000;00000;0000;                                                       ;00000000;00000;0000;                                                       ;00000000;00000;0000;                                                       ;00000000;00000;0000;                                                       ;00000000;00000;0000;                                                       ;00000000;00000;
2406100033;08;09;9;422;99;La Vid de Bureba                                  ;99;99;00001;00000022;00000022;10000;00000014;06363;00000008;03636;00000000;00000;00000000;00000;0022;PP                                                     ;00000013;09285;0042;AGRUPACIÓN DE ELECTORES "SE ACABÓ LA FIESTA"           ;00000001;00714;0001;IZQESP                                                 ;00000000;00000;0002;CEUS                                                   ;00000000;00000;0009;FO                                                     ;00000000;00000;0010;AHORA REPÚBLICAS (ERC-EH BILDU-BNG-ARA MÉS)            ;00000000;00000;0060;JUNTS UE                                               ;00000000;00000;0017;PSOE                                                   ;00000000;00000;0019;ANDALUCISTAS                                           ;00000000;00000;0020;IE                                                     ;00000000;00000;0021;VOX                                                    ;00000000;00000;0023;ESCAÑOS EN BLANCO                                      ;00000000;00000;0024;CRT                                                    ;00000000;00000;0025;PODEMOS                                                ;00000000;00000;0026;PFAC                                                   ;00000000;00000;0027;PCTE                                                   ;00000000;00000;0029;PCPE/PCPC                                              ;00000000;00000;0032;SUMAR                                                  ;00000000;00000;0039;PACMA                                                  ;00000000;00000;0040;CREE EN EUROPA                                         ;00000000;00000;0041;PMR                                                    ;00000000;00000;0043;F                                                      ;00000000;00000;0072;EXISTE                                                 ;00000000;00000;0046;Cs                                                     ;00000000;00000;0047;FE de las JONS                                         ;00000000;00000;0048;SAE                                                    ;00000000;00000;0049;J.U.E.X.                                               ;00000000;00000;0050;PH                                                     ;00000000;00000;0051;VOLT                                                   ;00000000;00000;0052;RECORTES CERO                                          ;00000000;00000;0063;EXTREMEÑOS                                             ;00000000;00000;0064;GLG                                                    ;00000000;00000;0065;PIRATAS / REBELDES                                     ;00000000;00000;0070;PREPAL                                                 ;00000000;00000;0000;                                                       ;00000000;00000;0000;                                                       ;00000000;00000;0000;                                                       ;00000000;00000;0000;                                                       ;00000000;00000;0000;                                                       ;00000000;00000;0000;                                                       ;00000000;00000;0000;                                                       ;00000000;00000;0000;                                                       ;00000000;00000;0000;                                                       ;00000000;00000;0000;                                                       ;00000000;00000;0000;                                                       ;00000000;00000;0000;                                                       ;00000000;00000;0000;                                                       ;00000000;00000;0000;                                                       ;00000000;00000;0000;                                                       ;00000000;00000;0000;                                                       ;00000000;00000;0000;                                                       ;00000000;00000;0000;                                                       ;00000000;00000;0000;                                                       ;00000000;00000;0000;                                                       ;00000000;00000;0000;                                                       ;00000000;00000;0000;                                                       ;00000000;00000;0000;                                                       ;00000000;00000;0000;                                                       ;00000000;00000;0000;                                                       ;00000000;00000;0000;                                                       ;00000000;00000;0000;                                                       ;00000000;00000;0000;                                                       ;00000000;00000;0000;                                                       ;00000000;00000;0000;                                                       ;00000000;00000;0000;                                                       ;00000000;00000;0000;                                                       ;00000000;00000;0000;                                                       ;00000000;00000;0000;                                                       ;00000000;00000;0000;                                                       ;00000000;00000;0000;                                                       ;00000000;00000;0000;                                                       ;00000000;00000;0000;                                                       ;00000000;00000;0000;                                                       ;00000000;00000;0000;                                                       ;00000000;00000;0000;                                                       ;00000000;00000;0000;                                                       ;00000000;00000;0000;                                                       ;00000000;00000;0000;                                                       ;00000000;00000;0000;                                                       ;00000000;00000;0000;                                                       ;00000000;00000;
2406100033;08;09;9;423;99;Vileña                                            ;99;99;00001;00000025;00000025;10000;00000020;08000;00000005;02000;00000000;00000;00000000;00000;0022;PP                                                     ;00000012;06000;0021;VOX                                                    ;00000003;01500;0017;PSOE                                                   ;00000002;01000;0046;Cs                                                     ;00000002;01000;0039;PACMA                                                  ;00000001;00500;0001;IZQESP                                                 ;00000000;00000;0002;CEUS                                                   ;00000000;00000;0009;FO                                                     ;00000000;00000;0010;AHORA REPÚBLICAS (ERC-EH BILDU-BNG-ARA MÉS)            ;00000000;00000;0060;JUNTS UE                                               ;00000000;00000;0019;ANDALUCISTAS                                           ;00000000;00000;0020;IE                                                     ;00000000;00000;0023;ESCAÑOS EN BLANCO                                      ;00000000;00000;0024;CRT                                                    ;00000000;00000;0025;PODEMOS                                                ;00000000;00000;0026;PFAC                                                   ;00000000;00000;0027;PCTE                                                   ;00000000;00000;0029;PCPE/PCPC                                              ;00000000;00000;0032;SUMAR                                                  ;00000000;00000;0040;CREE EN EUROPA                                         ;00000000;00000;0041;PMR                                                    ;00000000;00000;0042;AGRUPACIÓN DE ELECTORES "SE ACABÓ LA FIESTA"           ;00000000;00000;0043;F                                                      ;00000000;00000;0072;EXISTE                                                 ;00000000;00000;0047;FE de las JONS                                         ;00000000;00000;0048;SAE                                                    ;00000000;00000;0049;J.U.E.X.                                               ;00000000;00000;0050;PH                                                     ;00000000;00000;0051;VOLT                                                   ;00000000;00000;0052;RECORTES CERO                                          ;00000000;00000;0063;EXTREMEÑOS                                             ;00000000;00000;0064;GLG                                                    ;00000000;00000;0065;PIRATAS / REBELDES                                     ;00000000;00000;0070;PREPAL                                                 ;00000000;00000;0000;                                                       ;00000000;00000;0000;                                                       ;00000000;00000;0000;                                                       ;00000000;00000;0000;                                                       ;00000000;00000;0000;                                                       ;00000000;00000;0000;                                                       ;00000000;00000;0000;                                                       ;00000000;00000;0000;                                                       ;00000000;00000;0000;                                                       ;00000000;00000;0000;                                                       ;00000000;00000;0000;                                                       ;00000000;00000;0000;                                                       ;00000000;00000;0000;                                                       ;00000000;00000;0000;                                                       ;00000000;00000;0000;                                                       ;00000000;00000;0000;                                                       ;00000000;00000;0000;                                                       ;00000000;00000;0000;                                                       ;00000000;00000;0000;                                                       ;00000000;00000;0000;                                                       ;00000000;00000;0000;                                                       ;00000000;00000;0000;                                                       ;00000000;00000;0000;                                                       ;00000000;00000;0000;                                                       ;00000000;00000;0000;                                                       ;00000000;00000;0000;                                                       ;00000000;00000;0000;                                                       ;00000000;00000;0000;                                                       ;00000000;00000;0000;                                                       ;00000000;00000;0000;                                                       ;00000000;00000;0000;                                                       ;00000000;00000;0000;                                                       ;00000000;00000;0000;                                                       ;00000000;00000;0000;                                                       ;00000000;00000;0000;                                                       ;00000000;00000;0000;                                                       ;00000000;00000;0000;                                                       ;00000000;00000;0000;                                                       ;00000000;00000;0000;                                                       ;00000000;00000;0000;                                                       ;00000000;00000;0000;                                                       ;00000000;00000;0000;                                                       ;00000000;00000;0000;                                                       ;00000000;00000;0000;                                                       ;00000000;00000;0000;                                                       ;00000000;00000;0000;                                                       ;00000000;00000;
2406100033;08;09;9;424;99;Viloria de Rioja                                  ;99;99;00001;00000034;00000034;10000;00000026;07647;00000008;02352;00000001;00384;00000000;00000;0022;PP                                                     ;00000016;06153;0021;VOX                                                    ;00000004;01538;0017;PSOE                                                   ;00000003;01153;0025;PODEMOS                                                ;00000001;00384;0042;AGRUPACIÓN DE ELECTORES "SE ACABÓ LA FIESTA"           ;00000001;00384;0001;IZQESP                                                 ;00000000;00000;0002;CEUS                                                   ;00000000;00000;0009;FO                                                     ;00000000;00000;0010;AHORA REPÚBLICAS (ERC-EH BILDU-BNG-ARA MÉS)            ;00000000;00000;0060;JUNTS UE                                               ;00000000;00000;0019;ANDALUCISTAS                                           ;00000000;00000;0020;IE                                                     ;00000000;00000;0023;ESCAÑOS EN BLANCO                                      ;00000000;00000;0024;CRT                                                    ;00000000;00000;0026;PFAC                                                   ;00000000;00000;0027;PCTE                                                   ;00000000;00000;0029;PCPE/PCPC                                              ;00000000;00000;0032;SUMAR                                                  ;00000000;00000;0039;PACMA                                                  ;00000000;00000;0040;CREE EN EUROPA                                         ;00000000;00000;0041;PMR                                                    ;00000000;00000;0043;F                                                      ;00000000;00000;0072;EXISTE                                                 ;00000000;00000;0046;Cs                                                     ;00000000;00000;0047;FE de las JONS                                         ;00000000;00000;0048;SAE                                                    ;00000000;00000;0049;J.U.E.X.                                               ;00000000;00000;0050;PH                                                     ;00000000;00000;0051;VOLT                                                   ;00000000;00000;0052;RECORTES CERO                                          ;00000000;00000;0063;EXTREMEÑOS                                             ;00000000;00000;0064;GLG                                                    ;00000000;00000;0065;PIRATAS / REBELDES                                     ;00000000;00000;0070;PREPAL                                                 ;00000000;00000;0000;                                                       ;00000000;00000;0000;                                                       ;00000000;00000;0000;                                                       ;00000000;00000;0000;                                                       ;00000000;00000;0000;                                                       ;00000000;00000;0000;                                                       ;00000000;00000;0000;                                                       ;00000000;00000;0000;                                                       ;00000000;00000;0000;                                                       ;00000000;00000;0000;                                                       ;00000000;00000;0000;                                                       ;00000000;00000;0000;                                                       ;00000000;00000;0000;                                                       ;00000000;00000;0000;                                                       ;00000000;00000;0000;                                                       ;00000000;00000;0000;                                                       ;00000000;00000;0000;                                                       ;00000000;00000;0000;                                                       ;00000000;00000;0000;                                                       ;00000000;00000;0000;                                                       ;00000000;00000;0000;                                                       ;00000000;00000;0000;                                                       ;00000000;00000;0000;                                                       ;00000000;00000;0000;                                                       ;00000000;00000;0000;                                                       ;00000000;00000;0000;                                                       ;00000000;00000;0000;                                                       ;00000000;00000;0000;                                                       ;00000000;00000;0000;                                                       ;00000000;00000;0000;                                                       ;00000000;00000;0000;                                                       ;00000000;00000;0000;                                                       ;00000000;00000;0000;                                                       ;00000000;00000;0000;                                                       ;00000000;00000;0000;                                                       ;00000000;00000;0000;                                                       ;00000000;00000;0000;                                                       ;00000000;00000;0000;                                                       ;00000000;00000;0000;                                                       ;00000000;00000;0000;                                                       ;00000000;00000;0000;                                                       ;00000000;00000;0000;                                                       ;00000000;00000;0000;                                                       ;00000000;00000;0000;                                                       ;00000000;00000;0000;                                                       ;00000000;00000;0000;                                                       ;00000000;00000;
2406100033;08;09;9;425;99;Vilviestre del Pinar                              ;99;99;00001;00000464;00000464;10000;00000253;05452;00000211;04547;00000004;00160;00000003;00118;0017;PSOE                                                   ;00000103;04119;0022;PP                                                     ;00000088;03519;0021;VOX                                                    ;00000020;00800;0025;PODEMOS                                                ;00000014;00560;0072;EXISTE                                                 ;00000007;00280;0032;SUMAR                                                  ;00000006;00239;0042;AGRUPACIÓN DE ELECTORES "SE ACABÓ LA FIESTA"           ;00000004;00160;0009;FO                                                     ;00000003;00119;0027;PCTE                                                   ;00000001;00040;0001;IZQESP                                                 ;00000000;00000;0002;CEUS                                                   ;00000000;00000;0010;AHORA REPÚBLICAS (ERC-EH BILDU-BNG-ARA MÉS)            ;00000000;00000;0060;JUNTS UE                                               ;00000000;00000;0019;ANDALUCISTAS                                           ;00000000;00000;0020;IE                                                     ;00000000;00000;0023;ESCAÑOS EN BLANCO                                      ;00000000;00000;0024;CRT                                                    ;00000000;00000;0026;PFAC                                                   ;00000000;00000;0029;PCPE/PCPC                                              ;00000000;00000;0039;PACMA                                                  ;00000000;00000;0040;CREE EN EUROPA                                         ;00000000;00000;0041;PMR                                                    ;00000000;00000;0043;F                                                      ;00000000;00000;0046;Cs                                                     ;00000000;00000;0047;FE de las JONS                                         ;00000000;00000;0048;SAE                                                    ;00000000;00000;0049;J.U.E.X.                                               ;00000000;00000;0050;PH                                                     ;00000000;00000;0051;VOLT                                                   ;00000000;00000;0052;RECORTES CERO                                          ;00000000;00000;0063;EXTREMEÑOS                                             ;00000000;00000;0064;GLG                                                    ;00000000;00000;0065;PIRATAS / REBELDES                                     ;00000000;00000;0070;PREPAL                                                 ;00000000;00000;0000;                                                       ;00000000;00000;0000;                                                       ;00000000;00000;0000;                                                       ;00000000;00000;0000;                                                       ;00000000;00000;0000;                                                       ;00000000;00000;0000;                                                       ;00000000;00000;0000;                                                       ;00000000;00000;0000;                                                       ;00000000;00000;0000;                                                       ;00000000;00000;0000;                                                       ;00000000;00000;0000;                                                       ;00000000;00000;0000;                                                       ;00000000;00000;0000;                                                       ;00000000;00000;0000;                                                       ;00000000;00000;0000;                                                       ;00000000;00000;0000;                                                       ;00000000;00000;0000;                                                       ;00000000;00000;0000;                                                       ;00000000;00000;0000;                                                       ;00000000;00000;0000;                                                       ;00000000;00000;0000;                                                       ;00000000;00000;0000;                                                       ;00000000;00000;0000;                                                       ;00000000;00000;0000;                                                       ;00000000;00000;0000;                                                       ;00000000;00000;0000;                                                       ;00000000;00000;0000;                                                       ;00000000;00000;0000;                                                       ;00000000;00000;0000;                                                       ;00000000;00000;0000;                                                       ;00000000;00000;0000;                                                       ;00000000;00000;0000;                                                       ;00000000;00000;0000;                                                       ;00000000;00000;0000;                                                       ;00000000;00000;0000;                                                       ;00000000;00000;0000;                                                       ;00000000;00000;0000;                                                       ;00000000;00000;0000;                                                       ;00000000;00000;0000;                                                       ;00000000;00000;0000;                                                       ;00000000;00000;0000;                                                       ;00000000;00000;0000;                                                       ;00000000;00000;0000;                                                       ;00000000;00000;0000;                                                       ;00000000;00000;0000;                                                       ;00000000;00000;0000;                                                       ;00000000;00000;
2406100033;08;09;9;427;99;Villadiego                                        ;99;99;00002;00001286;00001286;10000;00000696;05412;00000590;04587;00000009;00130;00000004;00057;0022;PP                                                     ;00000385;05563;0017;PSOE                                                   ;00000142;02052;0021;VOX                                                    ;00000071;01026;0042;AGRUPACIÓN DE ELECTORES "SE ACABÓ LA FIESTA"           ;00000019;00274;0032;SUMAR                                                  ;00000016;00231;0025;PODEMOS                                                ;00000013;00187;0009;FO                                                     ;00000005;00072;0039;PACMA                                                  ;00000005;00072;0046;Cs                                                     ;00000004;00057;0048;SAE                                                    ;00000004;00057;0001;IZQESP                                                 ;00000003;00043;0010;AHORA REPÚBLICAS (ERC-EH BILDU-BNG-ARA MÉS)            ;00000003;00043;0052;RECORTES CERO                                          ;00000003;00043;0029;PCPE/PCPC                                              ;00000002;00028;0072;EXISTE                                                 ;00000002;00028;0020;IE                                                     ;00000001;00014;0023;ESCAÑOS EN BLANCO                                      ;00000001;00014;0027;PCTE                                                   ;00000001;00014;0047;FE de las JONS                                         ;00000001;00014;0064;GLG                                                    ;00000001;00014;0065;PIRATAS / REBELDES                                     ;00000001;00014;0002;CEUS                                                   ;00000000;00000;0060;JUNTS UE                                               ;00000000;00000;0019;ANDALUCISTAS                                           ;00000000;00000;0024;CRT                                                    ;00000000;00000;0026;PFAC                                                   ;00000000;00000;0040;CREE EN EUROPA                                         ;00000000;00000;0041;PMR                                                    ;00000000;00000;0043;F                                                      ;00000000;00000;0049;J.U.E.X.                                               ;00000000;00000;0050;PH                                                     ;00000000;00000;0051;VOLT                                                   ;00000000;00000;0063;EXTREMEÑOS                                             ;00000000;00000;0070;PREPAL                                                 ;00000000;00000;0000;                                                       ;00000000;00000;0000;                                                       ;00000000;00000;0000;                                                       ;00000000;00000;0000;                                                       ;00000000;00000;0000;                                                       ;00000000;00000;0000;                                                       ;00000000;00000;0000;                                                       ;00000000;00000;0000;                                                       ;00000000;00000;0000;                                                       ;00000000;00000;0000;                                                       ;00000000;00000;0000;                                                       ;00000000;00000;0000;                                                       ;00000000;00000;0000;                                                       ;00000000;00000;0000;                                                       ;00000000;00000;0000;                                                       ;00000000;00000;0000;                                                       ;00000000;00000;0000;                                                       ;00000000;00000;0000;                                                       ;00000000;00000;0000;                                                       ;00000000;00000;0000;                                                       ;00000000;00000;0000;                                                       ;00000000;00000;0000;                                                       ;00000000;00000;0000;                                                       ;00000000;00000;0000;                                                       ;00000000;00000;0000;                                                       ;00000000;00000;0000;                                                       ;00000000;00000;0000;                                                       ;00000000;00000;0000;                                                       ;00000000;00000;0000;                                                       ;00000000;00000;0000;                                                       ;00000000;00000;0000;                                                       ;00000000;00000;0000;                                                       ;00000000;00000;0000;                                                       ;00000000;00000;0000;                                                       ;00000000;00000;0000;                                                       ;00000000;00000;0000;                                                       ;00000000;00000;0000;                                                       ;00000000;00000;0000;                                                       ;00000000;00000;0000;                                                       ;00000000;00000;0000;                                                       ;00000000;00000;0000;                                                       ;00000000;00000;0000;                                                       ;00000000;00000;0000;                                                       ;00000000;00000;0000;                                                       ;00000000;00000;0000;                                                       ;00000000;00000;0000;                                                       ;00000000;00000;
2406100033;08;09;9;428;99;Villaescusa de Roa                                ;99;99;00001;00000085;00000085;10000;00000063;07411;00000022;02588;00000001;00158;00000000;00000;0022;PP                                                     ;00000031;04920;0017;PSOE                                                   ;00000019;03015;0021;VOX                                                    ;00000006;00952;0042;AGRUPACIÓN DE ELECTORES "SE ACABÓ LA FIESTA"           ;00000003;00476;0025;PODEMOS                                                ;00000002;00317;0041;PMR                                                    ;00000001;00158;0001;IZQESP                                                 ;00000000;00000;0002;CEUS                                                   ;00000000;00000;0009;FO                                                     ;00000000;00000;0010;AHORA REPÚBLICAS (ERC-EH BILDU-BNG-ARA MÉS)            ;00000000;00000;0060;JUNTS UE                                               ;00000000;00000;0019;ANDALUCISTAS                                           ;00000000;00000;0020;IE                                                     ;00000000;00000;0023;ESCAÑOS EN BLANCO                                      ;00000000;00000;0024;CRT                                                    ;00000000;00000;0026;PFAC                                                   ;00000000;00000;0027;PCTE                                                   ;00000000;00000;0029;PCPE/PCPC                                              ;00000000;00000;0032;SUMAR                                                  ;00000000;00000;0039;PACMA                                                  ;00000000;00000;0040;CREE EN EUROPA                                         ;00000000;00000;0043;F                                                      ;00000000;00000;0072;EXISTE                                                 ;00000000;00000;0046;Cs                                                     ;00000000;00000;0047;FE de las JONS                                         ;00000000;00000;0048;SAE                                                    ;00000000;00000;0049;J.U.E.X.                                               ;00000000;00000;0050;PH                                                     ;00000000;00000;0051;VOLT                                                   ;00000000;00000;0052;RECORTES CERO                                          ;00000000;00000;0063;EXTREMEÑOS                                             ;00000000;00000;0064;GLG                                                    ;00000000;00000;0065;PIRATAS / REBELDES                                     ;00000000;00000;0070;PREPAL                                                 ;00000000;00000;0000;                                                       ;00000000;00000;0000;                                                       ;00000000;00000;0000;                                                       ;00000000;00000;0000;                                                       ;00000000;00000;0000;                                                       ;00000000;00000;0000;                                                       ;00000000;00000;0000;                                                       ;00000000;00000;0000;                                                       ;00000000;00000;0000;                                                       ;00000000;00000;0000;                                                       ;00000000;00000;0000;                                                       ;00000000;00000;0000;                                                       ;00000000;00000;0000;                                                       ;00000000;00000;0000;                                                       ;00000000;00000;0000;                                                       ;00000000;00000;0000;                                                       ;00000000;00000;0000;                                                       ;00000000;00000;0000;                                                       ;00000000;00000;0000;                                                       ;00000000;00000;0000;                                                       ;00000000;00000;0000;                                                       ;00000000;00000;0000;                                                       ;00000000;00000;0000;                                                       ;00000000;00000;0000;                                                       ;00000000;00000;0000;                                                       ;00000000;00000;0000;                                                       ;00000000;00000;0000;                                                       ;00000000;00000;0000;                                                       ;00000000;00000;0000;                                                       ;00000000;00000;0000;                                                       ;00000000;00000;0000;                                                       ;00000000;00000;0000;                                                       ;00000000;00000;0000;                                                       ;00000000;00000;0000;                                                       ;00000000;00000;0000;                                                       ;00000000;00000;0000;                                                       ;00000000;00000;0000;                                                       ;00000000;00000;0000;                                                       ;00000000;00000;0000;                                                       ;00000000;00000;0000;                                                       ;00000000;00000;0000;                                                       ;00000000;00000;0000;                                                       ;00000000;00000;0000;                                                       ;00000000;00000;0000;                                                       ;00000000;00000;0000;                                                       ;00000000;00000;0000;                                                       ;00000000;00000;
2406100033;08;09;9;429;99;Villaescusa la Sombría                            ;99;99;00001;00000048;00000048;10000;00000032;06666;00000016;03333;00000000;00000;00000000;00000;0022;PP                                                     ;00000011;03437;0021;VOX                                                    ;00000010;03125;0017;PSOE                                                   ;00000007;02187;0048;SAE                                                    ;00000003;00937;0009;FO                                                     ;00000001;00312;0001;IZQESP                                                 ;00000000;00000;0002;CEUS                                                   ;00000000;00000;0010;AHORA REPÚBLICAS (ERC-EH BILDU-BNG-ARA MÉS)            ;00000000;00000;0060;JUNTS UE                                               ;00000000;00000;0019;ANDALUCISTAS                                           ;00000000;00000;0020;IE                                                     ;00000000;00000;0023;ESCAÑOS EN BLANCO                                      ;00000000;00000;0024;CRT                                                    ;00000000;00000;0025;PODEMOS                                                ;00000000;00000;0026;PFAC                                                   ;00000000;00000;0027;PCTE                                                   ;00000000;00000;0029;PCPE/PCPC                                              ;00000000;00000;0032;SUMAR                                                  ;00000000;00000;0039;PACMA                                                  ;00000000;00000;0040;CREE EN EUROPA                                         ;00000000;00000;0041;PMR                                                    ;00000000;00000;0042;AGRUPACIÓN DE ELECTORES "SE ACABÓ LA FIESTA"           ;00000000;00000;0043;F                                                      ;00000000;00000;0072;EXISTE                                                 ;00000000;00000;0046;Cs                                                     ;00000000;00000;0047;FE de las JONS                                         ;00000000;00000;0049;J.U.E.X.                                               ;00000000;00000;0050;PH                                                     ;00000000;00000;0051;VOLT                                                   ;00000000;00000;0052;RECORTES CERO                                          ;00000000;00000;0063;EXTREMEÑOS                                             ;00000000;00000;0064;GLG                                                    ;00000000;00000;0065;PIRATAS / REBELDES                                     ;00000000;00000;0070;PREPAL                                                 ;00000000;00000;0000;                                                       ;00000000;00000;0000;                                                       ;00000000;00000;0000;                                                       ;00000000;00000;0000;                                                       ;00000000;00000;0000;                                                       ;00000000;00000;0000;                                                       ;00000000;00000;0000;                                                       ;00000000;00000;0000;                                                       ;00000000;00000;0000;                                                       ;00000000;00000;0000;                                                       ;00000000;00000;0000;                                                       ;00000000;00000;0000;                                                       ;00000000;00000;0000;                                                       ;00000000;00000;0000;                                                       ;00000000;00000;0000;                                                       ;00000000;00000;0000;                                                       ;00000000;00000;0000;                                                       ;00000000;00000;0000;                                                       ;00000000;00000;0000;                                                       ;00000000;00000;0000;                                                       ;00000000;00000;0000;                                                       ;00000000;00000;0000;                                                       ;00000000;00000;0000;                                                       ;00000000;00000;0000;                                                       ;00000000;00000;0000;                                                       ;00000000;00000;0000;                                                       ;00000000;00000;0000;                                                       ;00000000;00000;0000;                                                       ;00000000;00000;0000;                                                       ;00000000;00000;0000;                                                       ;00000000;00000;0000;                                                       ;00000000;00000;0000;                                                       ;00000000;00000;0000;                                                       ;00000000;00000;0000;                                                       ;00000000;00000;0000;                                                       ;00000000;00000;0000;                                                       ;00000000;00000;0000;                                                       ;00000000;00000;0000;                                                       ;00000000;00000;0000;                                                       ;00000000;00000;0000;                                                       ;00000000;00000;0000;                                                       ;00000000;00000;0000;                                                       ;00000000;00000;0000;                                                       ;00000000;00000;0000;                                                       ;00000000;00000;0000;                                                       ;00000000;00000;0000;                                                       ;00000000;00000;
2406100033;08;09;9;430;99;Villaespasa                                       ;99;99;00001;00000020;00000020;10000;00000019;09500;00000001;00500;00000001;00526;00000000;00000;0017;PSOE                                                   ;00000008;04210;0022;PP                                                     ;00000005;02631;0021;VOX                                                    ;00000003;01578;0032;SUMAR                                                  ;00000001;00526;0046;Cs                                                     ;00000001;00526;0001;IZQESP                                                 ;00000000;00000;0002;CEUS                                                   ;00000000;00000;0009;FO                                                     ;00000000;00000;0010;AHORA REPÚBLICAS (ERC-EH BILDU-BNG-ARA MÉS)            ;00000000;00000;0060;JUNTS UE                                               ;00000000;00000;0019;ANDALUCISTAS                                           ;00000000;00000;0020;IE                                                     ;00000000;00000;0023;ESCAÑOS EN BLANCO                                      ;00000000;00000;0024;CRT                                                    ;00000000;00000;0025;PODEMOS                                                ;00000000;00000;0026;PFAC                                                   ;00000000;00000;0027;PCTE                                                   ;00000000;00000;0029;PCPE/PCPC                                              ;00000000;00000;0039;PACMA                                                  ;00000000;00000;0040;CREE EN EUROPA                                         ;00000000;00000;0041;PMR                                                    ;00000000;00000;0042;AGRUPACIÓN DE ELECTORES "SE ACABÓ LA FIESTA"           ;00000000;00000;0043;F                                                      ;00000000;00000;0072;EXISTE                                                 ;00000000;00000;0047;FE de las JONS                                         ;00000000;00000;0048;SAE                                                    ;00000000;00000;0049;J.U.E.X.                                               ;00000000;00000;0050;PH                                                     ;00000000;00000;0051;VOLT                                                   ;00000000;00000;0052;RECORTES CERO                                          ;00000000;00000;0063;EXTREMEÑOS                                             ;00000000;00000;0064;GLG                                                    ;00000000;00000;0065;PIRATAS / REBELDES                                     ;00000000;00000;0070;PREPAL                                                 ;00000000;00000;0000;                                                       ;00000000;00000;0000;                                                       ;00000000;00000;0000;                                                       ;00000000;00000;0000;                                                       ;00000000;00000;0000;                                                       ;00000000;00000;0000;                                                       ;00000000;00000;0000;                                                       ;00000000;00000;0000;                                                       ;00000000;00000;0000;                                                       ;00000000;00000;0000;                                                       ;00000000;00000;0000;                                                       ;00000000;00000;0000;                                                       ;00000000;00000;0000;                                                       ;00000000;00000;0000;                                                       ;00000000;00000;0000;                                                       ;00000000;00000;0000;                                                       ;00000000;00000;0000;                                                       ;00000000;00000;0000;                                                       ;00000000;00000;0000;                                                       ;00000000;00000;0000;                                                       ;00000000;00000;0000;                                                       ;00000000;00000;0000;                                                       ;00000000;00000;0000;                                                       ;00000000;00000;0000;                                                       ;00000000;00000;0000;                                                       ;00000000;00000;0000;                                                       ;00000000;00000;0000;                                                       ;00000000;00000;0000;                                                       ;00000000;00000;0000;                                                       ;00000000;00000;0000;                                                       ;00000000;00000;0000;                                                       ;00000000;00000;0000;                                                       ;00000000;00000;0000;                                                       ;00000000;00000;0000;                                                       ;00000000;00000;0000;                                                       ;00000000;00000;0000;                                                       ;00000000;00000;0000;                                                       ;00000000;00000;0000;                                                       ;00000000;00000;0000;                                                       ;00000000;00000;0000;                                                       ;00000000;00000;0000;                                                       ;00000000;00000;0000;                                                       ;00000000;00000;0000;                                                       ;00000000;00000;0000;                                                       ;00000000;00000;0000;                                                       ;00000000;00000;0000;                                                       ;00000000;00000;
2406100033;08;09;9;431;99;Villafranca Montes de Oca                         ;99;99;00001;00000115;00000115;10000;00000085;07391;00000030;02608;00000003;00357;00000001;00117;0022;PP                                                     ;00000040;04761;0017;PSOE                                                   ;00000019;02261;0021;VOX                                                    ;00000012;01428;0042;AGRUPACIÓN DE ELECTORES "SE ACABÓ LA FIESTA"           ;00000003;00357;0025;PODEMOS                                                ;00000002;00238;0009;FO                                                     ;00000001;00119;0027;PCTE                                                   ;00000001;00119;0032;SUMAR                                                  ;00000001;00119;0039;PACMA                                                  ;00000001;00119;0050;PH                                                     ;00000001;00119;0001;IZQESP                                                 ;00000000;00000;0002;CEUS                                                   ;00000000;00000;0010;AHORA REPÚBLICAS (ERC-EH BILDU-BNG-ARA MÉS)            ;00000000;00000;0060;JUNTS UE                                               ;00000000;00000;0019;ANDALUCISTAS                                           ;00000000;00000;0020;IE                                                     ;00000000;00000;0023;ESCAÑOS EN BLANCO                                      ;00000000;00000;0024;CRT                                                    ;00000000;00000;0026;PFAC                                                   ;00000000;00000;0029;PCPE/PCPC                                              ;00000000;00000;0040;CREE EN EUROPA                                         ;00000000;00000;0041;PMR                                                    ;00000000;00000;0043;F                                                      ;00000000;00000;0072;EXISTE                                                 ;00000000;00000;0046;Cs                                                     ;00000000;00000;0047;FE de las JONS                                         ;00000000;00000;0048;SAE                                                    ;00000000;00000;0049;J.U.E.X.                                               ;00000000;00000;0051;VOLT                                                   ;00000000;00000;0052;RECORTES CERO                                          ;00000000;00000;0063;EXTREMEÑOS                                             ;00000000;00000;0064;GLG                                                    ;00000000;00000;0065;PIRATAS / REBELDES                                     ;00000000;00000;0070;PREPAL                                                 ;00000000;00000;0000;                                                       ;00000000;00000;0000;                                                       ;00000000;00000;0000;                                                       ;00000000;00000;0000;                                                       ;00000000;00000;0000;                                                       ;00000000;00000;0000;                                                       ;00000000;00000;0000;                                                       ;00000000;00000;0000;                                                       ;00000000;00000;0000;                                                       ;00000000;00000;0000;                                                       ;00000000;00000;0000;                                                       ;00000000;00000;0000;                                                       ;00000000;00000;0000;                                                       ;00000000;00000;0000;                                                       ;00000000;00000;0000;                                                       ;00000000;00000;0000;                                                       ;00000000;00000;0000;                                                       ;00000000;00000;0000;                                                       ;00000000;00000;0000;                                                       ;00000000;00000;0000;                                                       ;00000000;00000;0000;                                                       ;00000000;00000;0000;                                                       ;00000000;00000;0000;                                                       ;00000000;00000;0000;                                                       ;00000000;00000;0000;                                                       ;00000000;00000;0000;                                                       ;00000000;00000;0000;                                                       ;00000000;00000;0000;                                                       ;00000000;00000;0000;                                                       ;00000000;00000;0000;                                                       ;00000000;00000;0000;                                                       ;00000000;00000;0000;                                                       ;00000000;00000;0000;                                                       ;00000000;00000;0000;                                                       ;00000000;00000;0000;                                                       ;00000000;00000;0000;                                                       ;00000000;00000;0000;                                                       ;00000000;00000;0000;                                                       ;00000000;00000;0000;                                                       ;00000000;00000;0000;                                                       ;00000000;00000;0000;                                                       ;00000000;00000;0000;                                                       ;00000000;00000;0000;                                                       ;00000000;00000;0000;                                                       ;00000000;00000;0000;                                                       ;00000000;00000;0000;                                                       ;00000000;00000;
2406100033;08;09;9;432;99;Villafruela                                       ;99;99;00001;00000138;00000138;10000;00000104;07536;00000034;02463;00000004;00404;00000005;00480;0022;PP                                                     ;00000042;04242;0017;PSOE                                                   ;00000033;03333;0025;PODEMOS                                                ;00000007;00707;0032;SUMAR                                                  ;00000004;00404;0039;PACMA                                                  ;00000003;00303;0042;AGRUPACIÓN DE ELECTORES "SE ACABÓ LA FIESTA"           ;00000003;00303;0010;AHORA REPÚBLICAS (ERC-EH BILDU-BNG-ARA MÉS)            ;00000002;00202;0021;VOX                                                    ;00000001;00101;0001;IZQESP                                                 ;00000000;00000;0002;CEUS                                                   ;00000000;00000;0009;FO                                                     ;00000000;00000;0060;JUNTS UE                                               ;00000000;00000;0019;ANDALUCISTAS                                           ;00000000;00000;0020;IE                                                     ;00000000;00000;0023;ESCAÑOS EN BLANCO                                      ;00000000;00000;0024;CRT                                                    ;00000000;00000;0026;PFAC                                                   ;00000000;00000;0027;PCTE                                                   ;00000000;00000;0029;PCPE/PCPC                                              ;00000000;00000;0040;CREE EN EUROPA                                         ;00000000;00000;0041;PMR                                                    ;00000000;00000;0043;F                                                      ;00000000;00000;0072;EXISTE                                                 ;00000000;00000;0046;Cs                                                     ;00000000;00000;0047;FE de las JONS                                         ;00000000;00000;0048;SAE                                                    ;00000000;00000;0049;J.U.E.X.                                               ;00000000;00000;0050;PH                                                     ;00000000;00000;0051;VOLT                                                   ;00000000;00000;0052;RECORTES CERO                                          ;00000000;00000;0063;EXTREMEÑOS                                             ;00000000;00000;0064;GLG                                                    ;00000000;00000;0065;PIRATAS / REBELDES                                     ;00000000;00000;0070;PREPAL                                                 ;00000000;00000;0000;                                                       ;00000000;00000;0000;                                                       ;00000000;00000;0000;                                                       ;00000000;00000;0000;                                                       ;00000000;00000;0000;                                                       ;00000000;00000;0000;                                                       ;00000000;00000;0000;                                                       ;00000000;00000;0000;                                                       ;00000000;00000;0000;                                                       ;00000000;00000;0000;                                                       ;00000000;00000;0000;                                                       ;00000000;00000;0000;                                                       ;00000000;00000;0000;                                                       ;00000000;00000;0000;                                                       ;00000000;00000;0000;                                                       ;00000000;00000;0000;                                                       ;00000000;00000;0000;                                                       ;00000000;00000;0000;                                                       ;00000000;00000;0000;                                                       ;00000000;00000;0000;                                                       ;00000000;00000;0000;                                                       ;00000000;00000;0000;                                                       ;00000000;00000;0000;                                                       ;00000000;00000;0000;                                                       ;00000000;00000;0000;                                                       ;00000000;00000;0000;                                                       ;00000000;00000;0000;                                                       ;00000000;00000;0000;                                                       ;00000000;00000;0000;                                                       ;00000000;00000;0000;                                                       ;00000000;00000;0000;                                                       ;00000000;00000;0000;                                                       ;00000000;00000;0000;                                                       ;00000000;00000;0000;                                                       ;00000000;00000;0000;                                                       ;00000000;00000;0000;                                                       ;00000000;00000;0000;                                                       ;00000000;00000;0000;                                                       ;00000000;00000;0000;                                                       ;00000000;00000;0000;                                                       ;00000000;00000;0000;                                                       ;00000000;00000;0000;                                                       ;00000000;00000;0000;                                                       ;00000000;00000;0000;                                                       ;00000000;00000;0000;                                                       ;00000000;00000;0000;                                                       ;00000000;00000;
2406100033;08;09;9;433;99;Villagalijo                                       ;99;99;00001;00000048;00000048;10000;00000043;08958;00000005;01041;00000001;00232;00000000;00000;0017;PSOE                                                   ;00000019;04418;0022;PP                                                     ;00000014;03255;0032;SUMAR                                                  ;00000004;00930;0042;AGRUPACIÓN DE ELECTORES "SE ACABÓ LA FIESTA"           ;00000002;00465;0025;PODEMOS                                                ;00000001;00232;0072;EXISTE                                                 ;00000001;00232;0046;Cs                                                     ;00000001;00232;0001;IZQESP                                                 ;00000000;00000;0002;CEUS                                                   ;00000000;00000;0009;FO                                                     ;00000000;00000;0010;AHORA REPÚBLICAS (ERC-EH BILDU-BNG-ARA MÉS)            ;00000000;00000;0060;JUNTS UE                                               ;00000000;00000;0019;ANDALUCISTAS                                           ;00000000;00000;0020;IE                                                     ;00000000;00000;0021;VOX                                                    ;00000000;00000;0023;ESCAÑOS EN BLANCO                                      ;00000000;00000;0024;CRT                                                    ;00000000;00000;0026;PFAC                                                   ;00000000;00000;0027;PCTE                                                   ;00000000;00000;0029;PCPE/PCPC                                              ;00000000;00000;0039;PACMA                                                  ;00000000;00000;0040;CREE EN EUROPA                                         ;00000000;00000;0041;PMR                                                    ;00000000;00000;0043;F                                                      ;00000000;00000;0047;FE de las JONS                                         ;00000000;00000;0048;SAE                                                    ;00000000;00000;0049;J.U.E.X.                                               ;00000000;00000;0050;PH                                                     ;00000000;00000;0051;VOLT                                                   ;00000000;00000;0052;RECORTES CERO                                          ;00000000;00000;0063;EXTREMEÑOS                                             ;00000000;00000;0064;GLG                                                    ;00000000;00000;0065;PIRATAS / REBELDES                                     ;00000000;00000;0070;PREPAL                                                 ;00000000;00000;0000;                                                       ;00000000;00000;0000;                                                       ;00000000;00000;0000;                                                       ;00000000;00000;0000;                                                       ;00000000;00000;0000;                                                       ;00000000;00000;0000;                                                       ;00000000;00000;0000;                                                       ;00000000;00000;0000;                                                       ;00000000;00000;0000;                                                       ;00000000;00000;0000;                                                       ;00000000;00000;0000;                                                       ;00000000;00000;0000;                                                       ;00000000;00000;0000;                                                       ;00000000;00000;0000;                                                       ;00000000;00000;0000;                                                       ;00000000;00000;0000;                                                       ;00000000;00000;0000;                                                       ;00000000;00000;0000;                                                       ;00000000;00000;0000;                                                       ;00000000;00000;0000;                                                       ;00000000;00000;0000;                                                       ;00000000;00000;0000;                                                       ;00000000;00000;0000;                                                       ;00000000;00000;0000;                                                       ;00000000;00000;0000;                                                       ;00000000;00000;0000;                                                       ;00000000;00000;0000;                                                       ;00000000;00000;0000;                                                       ;00000000;00000;0000;                                                       ;00000000;00000;0000;                                                       ;00000000;00000;0000;                                                       ;00000000;00000;0000;                                                       ;00000000;00000;0000;                                                       ;00000000;00000;0000;                                                       ;00000000;00000;0000;                                                       ;00000000;00000;0000;                                                       ;00000000;00000;0000;                                                       ;00000000;00000;0000;                                                       ;00000000;00000;0000;                                                       ;00000000;00000;0000;                                                       ;00000000;00000;0000;                                                       ;00000000;00000;0000;                                                       ;00000000;00000;0000;                                                       ;00000000;00000;0000;                                                       ;00000000;00000;0000;                                                       ;00000000;00000;0000;                                                       ;00000000;00000;
2406100033;08;09;9;434;99;Villagonzalo Pedernales                           ;99;99;00002;00001339;00001339;10000;00000792;05914;00000547;04085;00000006;00076;00000012;00151;0022;PP                                                     ;00000298;03820;0017;PSOE                                                   ;00000222;02846;0021;VOX                                                    ;00000107;01371;0042;AGRUPACIÓN DE ELECTORES "SE ACABÓ LA FIESTA"           ;00000042;00538;0025;PODEMOS                                                ;00000032;00410;0032;SUMAR                                                  ;00000031;00397;0009;FO                                                     ;00000007;00089;0046;Cs                                                     ;00000007;00089;0010;AHORA REPÚBLICAS (ERC-EH BILDU-BNG-ARA MÉS)            ;00000004;00051;0039;PACMA                                                  ;00000004;00051;0072;EXISTE                                                 ;00000004;00051;0026;PFAC                                                   ;00000003;00038;0048;SAE                                                    ;00000003;00038;0052;RECORTES CERO                                          ;00000003;00038;0020;IE                                                     ;00000002;00025;0051;VOLT                                                   ;00000002;00025;0027;PCTE                                                   ;00000001;00012;0049;J.U.E.X.                                               ;00000001;00012;0050;PH                                                     ;00000001;00012;0001;IZQESP                                                 ;00000000;00000;0002;CEUS                                                   ;00000000;00000;0060;JUNTS UE                                               ;00000000;00000;0019;ANDALUCISTAS                                           ;00000000;00000;0023;ESCAÑOS EN BLANCO                                      ;00000000;00000;0024;CRT                                                    ;00000000;00000;0029;PCPE/PCPC                                              ;00000000;00000;0040;CREE EN EUROPA                                         ;00000000;00000;0041;PMR                                                    ;00000000;00000;0043;F                                                      ;00000000;00000;0047;FE de las JONS                                         ;00000000;00000;0063;EXTREMEÑOS                                             ;00000000;00000;0064;GLG                                                    ;00000000;00000;0065;PIRATAS / REBELDES                                     ;00000000;00000;0070;PREPAL                                                 ;00000000;00000;0000;                                                       ;00000000;00000;0000;                                                       ;00000000;00000;0000;                                                       ;00000000;00000;0000;                                                       ;00000000;00000;0000;                                                       ;00000000;00000;0000;                                                       ;00000000;00000;0000;                                                       ;00000000;00000;0000;                                                       ;00000000;00000;0000;                                                       ;00000000;00000;0000;                                                       ;00000000;00000;0000;                                                       ;00000000;00000;0000;                                                       ;00000000;00000;0000;                                                       ;00000000;00000;0000;                                                       ;00000000;00000;0000;                                                       ;00000000;00000;0000;                                                       ;00000000;00000;0000;                                                       ;00000000;00000;0000;                                                       ;00000000;00000;0000;                                                       ;00000000;00000;0000;                                                       ;00000000;00000;0000;                                                       ;00000000;00000;0000;                                                       ;00000000;00000;0000;                                                       ;00000000;00000;0000;                                                       ;00000000;00000;0000;                                                       ;00000000;00000;0000;                                                       ;00000000;00000;0000;                                                       ;00000000;00000;0000;                                                       ;00000000;00000;0000;                                                       ;00000000;00000;0000;                                                       ;00000000;00000;0000;                                                       ;00000000;00000;0000;                                                       ;00000000;00000;0000;                                                       ;00000000;00000;0000;                                                       ;00000000;00000;0000;                                                       ;00000000;00000;0000;                                                       ;00000000;00000;0000;                                                       ;00000000;00000;0000;                                                       ;00000000;00000;0000;                                                       ;00000000;00000;0000;                                                       ;00000000;00000;0000;                                                       ;00000000;00000;0000;                                                       ;00000000;00000;0000;                                                       ;00000000;00000;0000;                                                       ;00000000;00000;0000;                                                       ;00000000;00000;0000;                                                       ;00000000;00000;
2406100033;08;09;9;437;99;Villahoz                                          ;99;99;00001;00000246;00000246;10000;00000158;06422;00000088;03577;00000000;00000;00000000;00000;0022;PP                                                     ;00000075;04746;0017;PSOE                                                   ;00000045;02848;0021;VOX                                                    ;00000025;01582;0042;AGRUPACIÓN DE ELECTORES "SE ACABÓ LA FIESTA"           ;00000007;00443;0032;SUMAR                                                  ;00000002;00126;0072;EXISTE                                                 ;00000002;00126;0025;PODEMOS                                                ;00000001;00063;0049;J.U.E.X.                                               ;00000001;00063;0001;IZQESP                                                 ;00000000;00000;0002;CEUS                                                   ;00000000;00000;0009;FO                                                     ;00000000;00000;0010;AHORA REPÚBLICAS (ERC-EH BILDU-BNG-ARA MÉS)            ;00000000;00000;0060;JUNTS UE                                               ;00000000;00000;0019;ANDALUCISTAS                                           ;00000000;00000;0020;IE                                                     ;00000000;00000;0023;ESCAÑOS EN BLANCO                                      ;00000000;00000;0024;CRT                                                    ;00000000;00000;0026;PFAC                                                   ;00000000;00000;0027;PCTE                                                   ;00000000;00000;0029;PCPE/PCPC                                              ;00000000;00000;0039;PACMA                                                  ;00000000;00000;0040;CREE EN EUROPA                                         ;00000000;00000;0041;PMR                                                    ;00000000;00000;0043;F                                                      ;00000000;00000;0046;Cs                                                     ;00000000;00000;0047;FE de las JONS                                         ;00000000;00000;0048;SAE                                                    ;00000000;00000;0050;PH                                                     ;00000000;00000;0051;VOLT                                                   ;00000000;00000;0052;RECORTES CERO                                          ;00000000;00000;0063;EXTREMEÑOS                                             ;00000000;00000;0064;GLG                                                    ;00000000;00000;0065;PIRATAS / REBELDES                                     ;00000000;00000;0070;PREPAL                                                 ;00000000;00000;0000;                                                       ;00000000;00000;0000;                                                       ;00000000;00000;0000;                                                       ;00000000;00000;0000;                                                       ;00000000;00000;0000;                                                       ;00000000;00000;0000;                                                       ;00000000;00000;0000;                                                       ;00000000;00000;0000;                                                       ;00000000;00000;0000;                                                       ;00000000;00000;0000;                                                       ;00000000;00000;0000;                                                       ;00000000;00000;0000;                                                       ;00000000;00000;0000;                                                       ;00000000;00000;0000;                                                       ;00000000;00000;0000;                                                       ;00000000;00000;0000;                                                       ;00000000;00000;0000;                                                       ;00000000;00000;0000;                                                       ;00000000;00000;0000;                                                       ;00000000;00000;0000;                                                       ;00000000;00000;0000;                                                       ;00000000;00000;0000;                                                       ;00000000;00000;0000;                                                       ;00000000;00000;0000;                                                       ;00000000;00000;0000;                                                       ;00000000;00000;0000;                                                       ;00000000;00000;0000;                                                       ;00000000;00000;0000;                                                       ;00000000;00000;0000;                                                       ;00000000;00000;0000;                                                       ;00000000;00000;0000;                                                       ;00000000;00000;0000;                                                       ;00000000;00000;0000;                                                       ;00000000;00000;0000;                                                       ;00000000;00000;0000;                                                       ;00000000;00000;0000;                                                       ;00000000;00000;0000;                                                       ;00000000;00000;0000;                                                       ;00000000;00000;0000;                                                       ;00000000;00000;0000;                                                       ;00000000;00000;0000;                                                       ;00000000;00000;0000;                                                       ;00000000;00000;0000;                                                       ;00000000;00000;0000;                                                       ;00000000;00000;0000;                                                       ;00000000;00000;0000;                                                       ;00000000;00000;
2406100033;08;09;9;438;99;Villalba de Duero                                 ;99;99;00001;00000570;00000570;10000;00000386;06771;00000184;03228;00000001;00026;00000005;00129;0022;PP                                                     ;00000169;04435;0017;PSOE                                                   ;00000102;02677;0021;VOX                                                    ;00000038;00997;0042;AGRUPACIÓN DE ELECTORES "SE ACABÓ LA FIESTA"           ;00000021;00551;0025;PODEMOS                                                ;00000019;00498;0032;SUMAR                                                  ;00000011;00288;0046;Cs                                                     ;00000006;00157;0048;SAE                                                    ;00000003;00078;0023;ESCAÑOS EN BLANCO                                      ;00000002;00052;0039;PACMA                                                  ;00000002;00052;0001;IZQESP                                                 ;00000001;00026;0009;FO                                                     ;00000001;00026;0020;IE                                                     ;00000001;00026;0040;CREE EN EUROPA                                         ;00000001;00026;0041;PMR                                                    ;00000001;00026;0065;PIRATAS / REBELDES                                     ;00000001;00026;0070;PREPAL                                                 ;00000001;00026;0002;CEUS                                                   ;00000000;00000;0010;AHORA REPÚBLICAS (ERC-EH BILDU-BNG-ARA MÉS)            ;00000000;00000;0060;JUNTS UE                                               ;00000000;00000;0019;ANDALUCISTAS                                           ;00000000;00000;0024;CRT                                                    ;00000000;00000;0026;PFAC                                                   ;00000000;00000;0027;PCTE                                                   ;00000000;00000;0029;PCPE/PCPC                                              ;00000000;00000;0043;F                                                      ;00000000;00000;0072;EXISTE                                                 ;00000000;00000;0047;FE de las JONS                                         ;00000000;00000;0049;J.U.E.X.                                               ;00000000;00000;0050;PH                                                     ;00000000;00000;0051;VOLT                                                   ;00000000;00000;0052;RECORTES CERO                                          ;00000000;00000;0063;EXTREMEÑOS                                             ;00000000;00000;0064;GLG                                                    ;00000000;00000;0000;                                                       ;00000000;00000;0000;                                                       ;00000000;00000;0000;                                                       ;00000000;00000;0000;                                                       ;00000000;00000;0000;                                                       ;00000000;00000;0000;                                                       ;00000000;00000;0000;                                                       ;00000000;00000;0000;                                                       ;00000000;00000;0000;                                                       ;00000000;00000;0000;                                                       ;00000000;00000;0000;                                                       ;00000000;00000;0000;                                                       ;00000000;00000;0000;                                                       ;00000000;00000;0000;                                                       ;00000000;00000;0000;                                                       ;00000000;00000;0000;                                                       ;00000000;00000;0000;                                                       ;00000000;00000;0000;                                                       ;00000000;00000;0000;                                                       ;00000000;00000;0000;                                                       ;00000000;00000;0000;                                                       ;00000000;00000;0000;                                                       ;00000000;00000;0000;                                                       ;00000000;00000;0000;                                                       ;00000000;00000;0000;                                                       ;00000000;00000;0000;                                                       ;00000000;00000;0000;                                                       ;00000000;00000;0000;                                                       ;00000000;00000;0000;                                                       ;00000000;00000;0000;                                                       ;00000000;00000;0000;                                                       ;00000000;00000;0000;                                                       ;00000000;00000;0000;                                                       ;00000000;00000;0000;                                                       ;00000000;00000;0000;                                                       ;00000000;00000;0000;                                                       ;00000000;00000;0000;                                                       ;00000000;00000;0000;                                                       ;00000000;00000;0000;                                                       ;00000000;00000;0000;                                                       ;00000000;00000;0000;                                                       ;00000000;00000;0000;                                                       ;00000000;00000;0000;                                                       ;00000000;00000;0000;                                                       ;00000000;00000;0000;                                                       ;00000000;00000;0000;                                                       ;00000000;00000;
2406100033;08;09;9;439;99;Villalbilla de Burgos                             ;99;99;00002;00001095;00001095;10000;00000580;05296;00000515;04703;00000004;00069;00000005;00086;0022;PP                                                     ;00000235;04086;0017;PSOE                                                   ;00000149;02591;0021;VOX                                                    ;00000068;01182;0042;AGRUPACIÓN DE ELECTORES "SE ACABÓ LA FIESTA"           ;00000049;00852;0032;SUMAR                                                  ;00000018;00313;0025;PODEMOS                                                ;00000014;00243;0039;PACMA                                                  ;00000012;00208;0009;FO                                                     ;00000005;00086;0046;Cs                                                     ;00000004;00069;0010;AHORA REPÚBLICAS (ERC-EH BILDU-BNG-ARA MÉS)            ;00000002;00034;0023;ESCAÑOS EN BLANCO                                      ;00000002;00034;0027;PCTE                                                   ;00000002;00034;0029;PCPE/PCPC                                              ;00000002;00034;0051;VOLT                                                   ;00000002;00034;0052;RECORTES CERO                                          ;00000002;00034;0001;IZQESP                                                 ;00000001;00017;0040;CREE EN EUROPA                                         ;00000001;00017;0043;F                                                      ;00000001;00017;0072;EXISTE                                                 ;00000001;00017;0065;PIRATAS / REBELDES                                     ;00000001;00017;0002;CEUS                                                   ;00000000;00000;0060;JUNTS UE                                               ;00000000;00000;0019;ANDALUCISTAS                                           ;00000000;00000;0020;IE                                                     ;00000000;00000;0024;CRT                                                    ;00000000;00000;0026;PFAC                                                   ;00000000;00000;0041;PMR                                                    ;00000000;00000;0047;FE de las JONS                                         ;00000000;00000;0048;SAE                                                    ;00000000;00000;0049;J.U.E.X.                                               ;00000000;00000;0050;PH                                                     ;00000000;00000;0063;EXTREMEÑOS                                             ;00000000;00000;0064;GLG                                                    ;00000000;00000;0070;PREPAL                                                 ;00000000;00000;0000;                                                       ;00000000;00000;0000;                                                       ;00000000;00000;0000;                                                       ;00000000;00000;0000;                                                       ;00000000;00000;0000;                                                       ;00000000;00000;0000;                                                       ;00000000;00000;0000;                                                       ;00000000;00000;0000;                                                       ;00000000;00000;0000;                                                       ;00000000;00000;0000;                                                       ;00000000;00000;0000;                                                       ;00000000;00000;0000;                                                       ;00000000;00000;0000;                                                       ;00000000;00000;0000;                                                       ;00000000;00000;0000;                                                       ;00000000;00000;0000;                                                       ;00000000;00000;0000;                                                       ;00000000;00000;0000;                                                       ;00000000;00000;0000;                                                       ;00000000;00000;0000;                                                       ;00000000;00000;0000;                                                       ;00000000;00000;0000;                                                       ;00000000;00000;0000;                                                       ;00000000;00000;0000;                                                       ;00000000;00000;0000;                                                       ;00000000;00000;0000;                                                       ;00000000;00000;0000;                                                       ;00000000;00000;0000;                                                       ;00000000;00000;0000;                                                       ;00000000;00000;0000;                                                       ;00000000;00000;0000;                                                       ;00000000;00000;0000;                                                       ;00000000;00000;0000;                                                       ;00000000;00000;0000;                                                       ;00000000;00000;0000;                                                       ;00000000;00000;0000;                                                       ;00000000;00000;0000;                                                       ;00000000;00000;0000;                                                       ;00000000;00000;0000;                                                       ;00000000;00000;0000;                                                       ;00000000;00000;0000;                                                       ;00000000;00000;0000;                                                       ;00000000;00000;0000;                                                       ;00000000;00000;0000;                                                       ;00000000;00000;0000;                                                       ;00000000;00000;0000;                                                       ;00000000;00000;
2406100033;08;09;9;440;99;Villalbilla de Gumiel                             ;99;99;00001;00000067;00000067;10000;00000047;07014;00000020;02985;00000000;00000;00000001;00212;0022;PP                                                     ;00000023;05000;0017;PSOE                                                   ;00000013;02826;0021;VOX                                                    ;00000006;01304;0025;PODEMOS                                                ;00000003;00652;0047;FE de las JONS                                         ;00000001;00217;0001;IZQESP                                                 ;00000000;00000;0002;CEUS                                                   ;00000000;00000;0009;FO                                                     ;00000000;00000;0010;AHORA REPÚBLICAS (ERC-EH BILDU-BNG-ARA MÉS)            ;00000000;00000;0060;JUNTS UE                                               ;00000000;00000;0019;ANDALUCISTAS                                           ;00000000;00000;0020;IE                                                     ;00000000;00000;0023;ESCAÑOS EN BLANCO                                      ;00000000;00000;0024;CRT                                                    ;00000000;00000;0026;PFAC                                                   ;00000000;00000;0027;PCTE                                                   ;00000000;00000;0029;PCPE/PCPC                                              ;00000000;00000;0032;SUMAR                                                  ;00000000;00000;0039;PACMA                                                  ;00000000;00000;0040;CREE EN EUROPA                                         ;00000000;00000;0041;PMR                                                    ;00000000;00000;0042;AGRUPACIÓN DE ELECTORES "SE ACABÓ LA FIESTA"           ;00000000;00000;0043;F                                                      ;00000000;00000;0072;EXISTE                                                 ;00000000;00000;0046;Cs                                                     ;00000000;00000;0048;SAE                                                    ;00000000;00000;0049;J.U.E.X.                                               ;00000000;00000;0050;PH                                                     ;00000000;00000;0051;VOLT                                                   ;00000000;00000;0052;RECORTES CERO                                          ;00000000;00000;0063;EXTREMEÑOS                                             ;00000000;00000;0064;GLG                                                    ;00000000;00000;0065;PIRATAS / REBELDES                                     ;00000000;00000;0070;PREPAL                                                 ;00000000;00000;0000;                                                       ;00000000;00000;0000;                                                       ;00000000;00000;0000;                                                       ;00000000;00000;0000;                                                       ;00000000;00000;0000;                                                       ;00000000;00000;0000;                                                       ;00000000;00000;0000;                                                       ;00000000;00000;0000;                                                       ;00000000;00000;0000;                                                       ;00000000;00000;0000;                                                       ;00000000;00000;0000;                                                       ;00000000;00000;0000;                                                       ;00000000;00000;0000;                                                       ;00000000;00000;0000;                                                       ;00000000;00000;0000;                                                       ;00000000;00000;0000;                                                       ;00000000;00000;0000;                                                       ;00000000;00000;0000;                                                       ;00000000;00000;0000;                                                       ;00000000;00000;0000;                                                       ;00000000;00000;0000;                                                       ;00000000;00000;0000;                                                       ;00000000;00000;0000;                                                       ;00000000;00000;0000;                                                       ;00000000;00000;0000;                                                       ;00000000;00000;0000;                                                       ;00000000;00000;0000;                                                       ;00000000;00000;0000;                                                       ;00000000;00000;0000;                                                       ;00000000;00000;0000;                                                       ;00000000;00000;0000;                                                       ;00000000;00000;0000;                                                       ;00000000;00000;0000;                                                       ;00000000;00000;0000;                                                       ;00000000;00000;0000;                                                       ;00000000;00000;0000;                                                       ;00000000;00000;0000;                                                       ;00000000;00000;0000;                                                       ;00000000;00000;0000;                                                       ;00000000;00000;0000;                                                       ;00000000;00000;0000;                                                       ;00000000;00000;0000;                                                       ;00000000;00000;0000;                                                       ;00000000;00000;0000;                                                       ;00000000;00000;0000;                                                       ;00000000;00000;0000;                                                       ;00000000;00000;
2406100033;08;09;9;441;99;Villaldemiro                                      ;99;99;00001;00000080;00000080;10000;00000060;07500;00000020;02500;00000000;00000;00000000;00000;0022;PP                                                     ;00000032;05333;0021;VOX                                                    ;00000017;02833;0017;PSOE                                                   ;00000004;00666;0042;AGRUPACIÓN DE ELECTORES "SE ACABÓ LA FIESTA"           ;00000004;00666;0046;Cs                                                     ;00000002;00333;0051;VOLT                                                   ;00000001;00166;0001;IZQESP                                                 ;00000000;00000;0002;CEUS                                                   ;00000000;00000;0009;FO                                                     ;00000000;00000;0010;AHORA REPÚBLICAS (ERC-EH BILDU-BNG-ARA MÉS)            ;00000000;00000;0060;JUNTS UE                                               ;00000000;00000;0019;ANDALUCISTAS                                           ;00000000;00000;0020;IE                                                     ;00000000;00000;0023;ESCAÑOS EN BLANCO                                      ;00000000;00000;0024;CRT                                                    ;00000000;00000;0025;PODEMOS                                                ;00000000;00000;0026;PFAC                                                   ;00000000;00000;0027;PCTE                                                   ;00000000;00000;0029;PCPE/PCPC                                              ;00000000;00000;0032;SUMAR                                                  ;00000000;00000;0039;PACMA                                                  ;00000000;00000;0040;CREE EN EUROPA                                         ;00000000;00000;0041;PMR                                                    ;00000000;00000;0043;F                                                      ;00000000;00000;0072;EXISTE                                                 ;00000000;00000;0047;FE de las JONS                                         ;00000000;00000;0048;SAE                                                    ;00000000;00000;0049;J.U.E.X.                                               ;00000000;00000;0050;PH                                                     ;00000000;00000;0052;RECORTES CERO                                          ;00000000;00000;0063;EXTREMEÑOS                                             ;00000000;00000;0064;GLG                                                    ;00000000;00000;0065;PIRATAS / REBELDES                                     ;00000000;00000;0070;PREPAL                                                 ;00000000;00000;0000;                                                       ;00000000;00000;0000;                                                       ;00000000;00000;0000;                                                       ;00000000;00000;0000;                                                       ;00000000;00000;0000;                                                       ;00000000;00000;0000;                                                       ;00000000;00000;0000;                                                       ;00000000;00000;0000;                                                       ;00000000;00000;0000;                                                       ;00000000;00000;0000;                                                       ;00000000;00000;0000;                                                       ;00000000;00000;0000;                                                       ;00000000;00000;0000;                                                       ;00000000;00000;0000;                                                       ;00000000;00000;0000;                                                       ;00000000;00000;0000;                                                       ;00000000;00000;0000;                                                       ;00000000;00000;0000;                                                       ;00000000;00000;0000;                                                       ;00000000;00000;0000;                                                       ;00000000;00000;0000;                                                       ;00000000;00000;0000;                                                       ;00000000;00000;0000;                                                       ;00000000;00000;0000;                                                       ;00000000;00000;0000;                                                       ;00000000;00000;0000;                                                       ;00000000;00000;0000;                                                       ;00000000;00000;0000;                                                       ;00000000;00000;0000;                                                       ;00000000;00000;0000;                                                       ;00000000;00000;0000;                                                       ;00000000;00000;0000;                                                       ;00000000;00000;0000;                                                       ;00000000;00000;0000;                                                       ;00000000;00000;0000;                                                       ;00000000;00000;0000;                                                       ;00000000;00000;0000;                                                       ;00000000;00000;0000;                                                       ;00000000;00000;0000;                                                       ;00000000;00000;0000;                                                       ;00000000;00000;0000;                                                       ;00000000;00000;0000;                                                       ;00000000;00000;0000;                                                       ;00000000;00000;0000;                                                       ;00000000;00000;0000;                                                       ;00000000;00000;0000;                                                       ;00000000;00000;
2406100033;08;09;9;442;99;Villalmanzo                                       ;99;99;00001;00000355;00000355;10000;00000209;05887;00000146;04112;00000002;00096;00000002;00095;0022;PP                                                     ;00000087;04202;0017;PSOE                                                   ;00000067;03236;0021;VOX                                                    ;00000018;00869;0032;SUMAR                                                  ;00000012;00579;0042;AGRUPACIÓN DE ELECTORES "SE ACABÓ LA FIESTA"           ;00000008;00386;0046;Cs                                                     ;00000004;00193;0001;IZQESP                                                 ;00000002;00096;0010;AHORA REPÚBLICAS (ERC-EH BILDU-BNG-ARA MÉS)            ;00000001;00048;0026;PFAC                                                   ;00000001;00048;0029;PCPE/PCPC                                              ;00000001;00048;0040;CREE EN EUROPA                                         ;00000001;00048;0072;EXISTE                                                 ;00000001;00048;0047;FE de las JONS                                         ;00000001;00048;0051;VOLT                                                   ;00000001;00048;0002;CEUS                                                   ;00000000;00000;0009;FO                                                     ;00000000;00000;0060;JUNTS UE                                               ;00000000;00000;0019;ANDALUCISTAS                                           ;00000000;00000;0020;IE                                                     ;00000000;00000;0023;ESCAÑOS EN BLANCO                                      ;00000000;00000;0024;CRT                                                    ;00000000;00000;0025;PODEMOS                                                ;00000000;00000;0027;PCTE                                                   ;00000000;00000;0039;PACMA                                                  ;00000000;00000;0041;PMR                                                    ;00000000;00000;0043;F                                                      ;00000000;00000;0048;SAE                                                    ;00000000;00000;0049;J.U.E.X.                                               ;00000000;00000;0050;PH                                                     ;00000000;00000;0052;RECORTES CERO                                          ;00000000;00000;0063;EXTREMEÑOS                                             ;00000000;00000;0064;GLG                                                    ;00000000;00000;0065;PIRATAS / REBELDES                                     ;00000000;00000;0070;PREPAL                                                 ;00000000;00000;0000;                                                       ;00000000;00000;0000;                                                       ;00000000;00000;0000;                                                       ;00000000;00000;0000;                                                       ;00000000;00000;0000;                                                       ;00000000;00000;0000;                                                       ;00000000;00000;0000;                                                       ;00000000;00000;0000;                                                       ;00000000;00000;0000;                                                       ;00000000;00000;0000;                                                       ;00000000;00000;0000;                                                       ;00000000;00000;0000;                                                       ;00000000;00000;0000;                                                       ;00000000;00000;0000;                                                       ;00000000;00000;0000;                                                       ;00000000;00000;0000;                                                       ;00000000;00000;0000;                                                       ;00000000;00000;0000;                                                       ;00000000;00000;0000;                                                       ;00000000;00000;0000;                                                       ;00000000;00000;0000;                                                       ;00000000;00000;0000;                                                       ;00000000;00000;0000;                                                       ;00000000;00000;0000;                                                       ;00000000;00000;0000;                                                       ;00000000;00000;0000;                                                       ;00000000;00000;0000;                                                       ;00000000;00000;0000;                                                       ;00000000;00000;0000;                                                       ;00000000;00000;0000;                                                       ;00000000;00000;0000;                                                       ;00000000;00000;0000;                                                       ;00000000;00000;0000;                                                       ;00000000;00000;0000;                                                       ;00000000;00000;0000;                                                       ;00000000;00000;0000;                                                       ;00000000;00000;0000;                                                       ;00000000;00000;0000;                                                       ;00000000;00000;0000;                                                       ;00000000;00000;0000;                                                       ;00000000;00000;0000;                                                       ;00000000;00000;0000;                                                       ;00000000;00000;0000;                                                       ;00000000;00000;0000;                                                       ;00000000;00000;0000;                                                       ;00000000;00000;0000;                                                       ;00000000;00000;
2406100033;08;09;9;443;99;Villamayor de los Montes                          ;99;99;00001;00000141;00000141;10000;00000092;06524;00000049;03475;00000000;00000;00000001;00108;0022;PP                                                     ;00000049;05384;0017;PSOE                                                   ;00000026;02857;0021;VOX                                                    ;00000005;00549;0032;SUMAR                                                  ;00000004;00439;0048;SAE                                                    ;00000003;00329;0025;PODEMOS                                                ;00000002;00219;0042;AGRUPACIÓN DE ELECTORES "SE ACABÓ LA FIESTA"           ;00000001;00109;0072;EXISTE                                                 ;00000001;00109;0001;IZQESP                                                 ;00000000;00000;0002;CEUS                                                   ;00000000;00000;0009;FO                                                     ;00000000;00000;0010;AHORA REPÚBLICAS (ERC-EH BILDU-BNG-ARA MÉS)            ;00000000;00000;0060;JUNTS UE                                               ;00000000;00000;0019;ANDALUCISTAS                                           ;00000000;00000;0020;IE                                                     ;00000000;00000;0023;ESCAÑOS EN BLANCO                                      ;00000000;00000;0024;CRT                                                    ;00000000;00000;0026;PFAC                                                   ;00000000;00000;0027;PCTE                                                   ;00000000;00000;0029;PCPE/PCPC                                              ;00000000;00000;0039;PACMA                                                  ;00000000;00000;0040;CREE EN EUROPA                                         ;00000000;00000;0041;PMR                                                    ;00000000;00000;0043;F                                                      ;00000000;00000;0046;Cs                                                     ;00000000;00000;0047;FE de las JONS                                         ;00000000;00000;0049;J.U.E.X.                                               ;00000000;00000;0050;PH                                                     ;00000000;00000;0051;VOLT                                                   ;00000000;00000;0052;RECORTES CERO                                          ;00000000;00000;0063;EXTREMEÑOS                                             ;00000000;00000;0064;GLG                                                    ;00000000;00000;0065;PIRATAS / REBELDES                                     ;00000000;00000;0070;PREPAL                                                 ;00000000;00000;0000;                                                       ;00000000;00000;0000;                                                       ;00000000;00000;0000;                                                       ;00000000;00000;0000;                                                       ;00000000;00000;0000;                                                       ;00000000;00000;0000;                                                       ;00000000;00000;0000;                                                       ;00000000;00000;0000;                                                       ;00000000;00000;0000;                                                       ;00000000;00000;0000;                                                       ;00000000;00000;0000;                                                       ;00000000;00000;0000;                                                       ;00000000;00000;0000;                                                       ;00000000;00000;0000;                                                       ;00000000;00000;0000;                                                       ;00000000;00000;0000;                                                       ;00000000;00000;0000;                                                       ;00000000;00000;0000;                                                       ;00000000;00000;0000;                                                       ;00000000;00000;0000;                                                       ;00000000;00000;0000;                                                       ;00000000;00000;0000;                                                       ;00000000;00000;0000;                                                       ;00000000;00000;0000;                                                       ;00000000;00000;0000;                                                       ;00000000;00000;0000;                                                       ;00000000;00000;0000;                                                       ;00000000;00000;0000;                                                       ;00000000;00000;0000;                                                       ;00000000;00000;0000;                                                       ;00000000;00000;0000;                                                       ;00000000;00000;0000;                                                       ;00000000;00000;0000;                                                       ;00000000;00000;0000;                                                       ;00000000;00000;0000;                                                       ;00000000;00000;0000;                                                       ;00000000;00000;0000;                                                       ;00000000;00000;0000;                                                       ;00000000;00000;0000;                                                       ;00000000;00000;0000;                                                       ;00000000;00000;0000;                                                       ;00000000;00000;0000;                                                       ;00000000;00000;0000;                                                       ;00000000;00000;0000;                                                       ;00000000;00000;0000;                                                       ;00000000;00000;0000;                                                       ;00000000;00000;
2406100033;08;09;9;444;99;Villamayor de Treviño                             ;99;99;00001;00000055;00000055;10000;00000034;06181;00000021;03818;00000000;00000;00000000;00000;0022;PP                                                     ;00000025;07352;0017;PSOE                                                   ;00000003;00882;0021;VOX                                                    ;00000003;00882;0039;PACMA                                                  ;00000001;00294;0042;AGRUPACIÓN DE ELECTORES "SE ACABÓ LA FIESTA"           ;00000001;00294;0051;VOLT                                                   ;00000001;00294;0001;IZQESP                                                 ;00000000;00000;0002;CEUS                                                   ;00000000;00000;0009;FO                                                     ;00000000;00000;0010;AHORA REPÚBLICAS (ERC-EH BILDU-BNG-ARA MÉS)            ;00000000;00000;0060;JUNTS UE                                               ;00000000;00000;0019;ANDALUCISTAS                                           ;00000000;00000;0020;IE                                                     ;00000000;00000;0023;ESCAÑOS EN BLANCO                                      ;00000000;00000;0024;CRT                                                    ;00000000;00000;0025;PODEMOS                                                ;00000000;00000;0026;PFAC                                                   ;00000000;00000;0027;PCTE                                                   ;00000000;00000;0029;PCPE/PCPC                                              ;00000000;00000;0032;SUMAR                                                  ;00000000;00000;0040;CREE EN EUROPA                                         ;00000000;00000;0041;PMR                                                    ;00000000;00000;0043;F                                                      ;00000000;00000;0072;EXISTE                                                 ;00000000;00000;0046;Cs                                                     ;00000000;00000;0047;FE de las JONS                                         ;00000000;00000;0048;SAE                                                    ;00000000;00000;0049;J.U.E.X.                                               ;00000000;00000;0050;PH                                                     ;00000000;00000;0052;RECORTES CERO                                          ;00000000;00000;0063;EXTREMEÑOS                                             ;00000000;00000;0064;GLG                                                    ;00000000;00000;0065;PIRATAS / REBELDES                                     ;00000000;00000;0070;PREPAL                                                 ;00000000;00000;0000;                                                       ;00000000;00000;0000;                                                       ;00000000;00000;0000;                                                       ;00000000;00000;0000;                                                       ;00000000;00000;0000;                                                       ;00000000;00000;0000;                                                       ;00000000;00000;0000;                                                       ;00000000;00000;0000;                                                       ;00000000;00000;0000;                                                       ;00000000;00000;0000;                                                       ;00000000;00000;0000;                                                       ;00000000;00000;0000;                                                       ;00000000;00000;0000;                                                       ;00000000;00000;0000;                                                       ;00000000;00000;0000;                                                       ;00000000;00000;0000;                                                       ;00000000;00000;0000;                                                       ;00000000;00000;0000;                                                       ;00000000;00000;0000;                                                       ;00000000;00000;0000;                                                       ;00000000;00000;0000;                                                       ;00000000;00000;0000;                                                       ;00000000;00000;0000;                                                       ;00000000;00000;0000;                                                       ;00000000;00000;0000;                                                       ;00000000;00000;0000;                                                       ;00000000;00000;0000;                                                       ;00000000;00000;0000;                                                       ;00000000;00000;0000;                                                       ;00000000;00000;0000;                                                       ;00000000;00000;0000;                                                       ;00000000;00000;0000;                                                       ;00000000;00000;0000;                                                       ;00000000;00000;0000;                                                       ;00000000;00000;0000;                                                       ;00000000;00000;0000;                                                       ;00000000;00000;0000;                                                       ;00000000;00000;0000;                                                       ;00000000;00000;0000;                                                       ;00000000;00000;0000;                                                       ;00000000;00000;0000;                                                       ;00000000;00000;0000;                                                       ;00000000;00000;0000;                                                       ;00000000;00000;0000;                                                       ;00000000;00000;0000;                                                       ;00000000;00000;0000;                                                       ;00000000;00000;
2406100033;08;09;9;445;99;Villambistia                                      ;99;99;00001;00000042;00000042;10000;00000036;08571;00000006;01428;00000001;00277;00000000;00000;0022;PP                                                     ;00000015;04166;0017;PSOE                                                   ;00000014;03888;0026;PFAC                                                   ;00000002;00555;0009;FO                                                     ;00000001;00277;0021;VOX                                                    ;00000001;00277;0025;PODEMOS                                                ;00000001;00277;0032;SUMAR                                                  ;00000001;00277;0001;IZQESP                                                 ;00000000;00000;0002;CEUS                                                   ;00000000;00000;0010;AHORA REPÚBLICAS (ERC-EH BILDU-BNG-ARA MÉS)            ;00000000;00000;0060;JUNTS UE                                               ;00000000;00000;0019;ANDALUCISTAS                                           ;00000000;00000;0020;IE                                                     ;00000000;00000;0023;ESCAÑOS EN BLANCO                                      ;00000000;00000;0024;CRT                                                    ;00000000;00000;0027;PCTE                                                   ;00000000;00000;0029;PCPE/PCPC                                              ;00000000;00000;0039;PACMA                                                  ;00000000;00000;0040;CREE EN EUROPA                                         ;00000000;00000;0041;PMR                                                    ;00000000;00000;0042;AGRUPACIÓN DE ELECTORES "SE ACABÓ LA FIESTA"           ;00000000;00000;0043;F                                                      ;00000000;00000;0072;EXISTE                                                 ;00000000;00000;0046;Cs                                                     ;00000000;00000;0047;FE de las JONS                                         ;00000000;00000;0048;SAE                                                    ;00000000;00000;0049;J.U.E.X.                                               ;00000000;00000;0050;PH                                                     ;00000000;00000;0051;VOLT                                                   ;00000000;00000;0052;RECORTES CERO                                          ;00000000;00000;0063;EXTREMEÑOS                                             ;00000000;00000;0064;GLG                                                    ;00000000;00000;0065;PIRATAS / REBELDES                                     ;00000000;00000;0070;PREPAL                                                 ;00000000;00000;0000;                                                       ;00000000;00000;0000;                                                       ;00000000;00000;0000;                                                       ;00000000;00000;0000;                                                       ;00000000;00000;0000;                                                       ;00000000;00000;0000;                                                       ;00000000;00000;0000;                                                       ;00000000;00000;0000;                                                       ;00000000;00000;0000;                                                       ;00000000;00000;0000;                                                       ;00000000;00000;0000;                                                       ;00000000;00000;0000;                                                       ;00000000;00000;0000;                                                       ;00000000;00000;0000;                                                       ;00000000;00000;0000;                                                       ;00000000;00000;0000;                                                       ;00000000;00000;0000;                                                       ;00000000;00000;0000;                                                       ;00000000;00000;0000;                                                       ;00000000;00000;0000;                                                       ;00000000;00000;0000;                                                       ;00000000;00000;0000;                                                       ;00000000;00000;0000;                                                       ;00000000;00000;0000;                                                       ;00000000;00000;0000;                                                       ;00000000;00000;0000;                                                       ;00000000;00000;0000;                                                       ;00000000;00000;0000;                                                       ;00000000;00000;0000;                                                       ;00000000;00000;0000;                                                       ;00000000;00000;0000;                                                       ;00000000;00000;0000;                                                       ;00000000;00000;0000;                                                       ;00000000;00000;0000;                                                       ;00000000;00000;0000;                                                       ;00000000;00000;0000;                                                       ;00000000;00000;0000;                                                       ;00000000;00000;0000;                                                       ;00000000;00000;0000;                                                       ;00000000;00000;0000;                                                       ;00000000;00000;0000;                                                       ;00000000;00000;0000;                                                       ;00000000;00000;0000;                                                       ;00000000;00000;0000;                                                       ;00000000;00000;0000;                                                       ;00000000;00000;0000;                                                       ;00000000;00000;
2406100033;08;09;9;446;99;Villamedianilla                                   ;99;99;00001;00000009;00000009;10000;00000007;07777;00000002;02222;00000000;00000;00000000;00000;0022;PP                                                     ;00000003;04285;0017;PSOE                                                   ;00000002;02857;0032;SUMAR                                                  ;00000002;02857;0001;IZQESP                                                 ;00000000;00000;0002;CEUS                                                   ;00000000;00000;0009;FO                                                     ;00000000;00000;0010;AHORA REPÚBLICAS (ERC-EH BILDU-BNG-ARA MÉS)            ;00000000;00000;0060;JUNTS UE                                               ;00000000;00000;0019;ANDALUCISTAS                                           ;00000000;00000;0020;IE                                                     ;00000000;00000;0021;VOX                                                    ;00000000;00000;0023;ESCAÑOS EN BLANCO                                      ;00000000;00000;0024;CRT                                                    ;00000000;00000;0025;PODEMOS                                                ;00000000;00000;0026;PFAC                                                   ;00000000;00000;0027;PCTE                                                   ;00000000;00000;0029;PCPE/PCPC                                              ;00000000;00000;0039;PACMA                                                  ;00000000;00000;0040;CREE EN EUROPA                                         ;00000000;00000;0041;PMR                                                    ;00000000;00000;0042;AGRUPACIÓN DE ELECTORES "SE ACABÓ LA FIESTA"           ;00000000;00000;0043;F                                                      ;00000000;00000;0072;EXISTE                                                 ;00000000;00000;0046;Cs                                                     ;00000000;00000;0047;FE de las JONS                                         ;00000000;00000;0048;SAE                                                    ;00000000;00000;0049;J.U.E.X.                                               ;00000000;00000;0050;PH                                                     ;00000000;00000;0051;VOLT                                                   ;00000000;00000;0052;RECORTES CERO                                          ;00000000;00000;0063;EXTREMEÑOS                                             ;00000000;00000;0064;GLG                                                    ;00000000;00000;0065;PIRATAS / REBELDES                                     ;00000000;00000;0070;PREPAL                                                 ;00000000;00000;0000;                                                       ;00000000;00000;0000;                                                       ;00000000;00000;0000;                                                       ;00000000;00000;0000;                                                       ;00000000;00000;0000;                                                       ;00000000;00000;0000;                                                       ;00000000;00000;0000;                                                       ;00000000;00000;0000;                                                       ;00000000;00000;0000;                                                       ;00000000;00000;0000;                                                       ;00000000;00000;0000;                                                       ;00000000;00000;0000;                                                       ;00000000;00000;0000;                                                       ;00000000;00000;0000;                                                       ;00000000;00000;0000;                                                       ;00000000;00000;0000;                                                       ;00000000;00000;0000;                                                       ;00000000;00000;0000;                                                       ;00000000;00000;0000;                                                       ;00000000;00000;0000;                                                       ;00000000;00000;0000;                                                       ;00000000;00000;0000;                                                       ;00000000;00000;0000;                                                       ;00000000;00000;0000;                                                       ;00000000;00000;0000;                                                       ;00000000;00000;0000;                                                       ;00000000;00000;0000;                                                       ;00000000;00000;0000;                                                       ;00000000;00000;0000;                                                       ;00000000;00000;0000;                                                       ;00000000;00000;0000;                                                       ;00000000;00000;0000;                                                       ;00000000;00000;0000;                                                       ;00000000;00000;0000;                                                       ;00000000;00000;0000;                                                       ;00000000;00000;0000;                                                       ;00000000;00000;0000;                                                       ;00000000;00000;0000;                                                       ;00000000;00000;0000;                                                       ;00000000;00000;0000;                                                       ;00000000;00000;0000;                                                       ;00000000;00000;0000;                                                       ;00000000;00000;0000;                                                       ;00000000;00000;0000;                                                       ;00000000;00000;0000;                                                       ;00000000;00000;0000;                                                       ;00000000;00000;
2406100033;08;09;9;447;99;Villamiel de la Sierra                            ;99;99;00001;00000043;00000043;10000;00000033;07674;00000010;02325;00000000;00000;00000000;00000;0022;PP                                                     ;00000019;05757;0017;PSOE                                                   ;00000010;03030;0021;VOX                                                    ;00000004;01212;0001;IZQESP                                                 ;00000000;00000;0002;CEUS                                                   ;00000000;00000;0009;FO                                                     ;00000000;00000;0010;AHORA REPÚBLICAS (ERC-EH BILDU-BNG-ARA MÉS)            ;00000000;00000;0060;JUNTS UE                                               ;00000000;00000;0019;ANDALUCISTAS                                           ;00000000;00000;0020;IE                                                     ;00000000;00000;0023;ESCAÑOS EN BLANCO                                      ;00000000;00000;0024;CRT                                                    ;00000000;00000;0025;PODEMOS                                                ;00000000;00000;0026;PFAC                                                   ;00000000;00000;0027;PCTE                                                   ;00000000;00000;0029;PCPE/PCPC                                              ;00000000;00000;0032;SUMAR                                                  ;00000000;00000;0039;PACMA                                                  ;00000000;00000;0040;CREE EN EUROPA                                         ;00000000;00000;0041;PMR                                                    ;00000000;00000;0042;AGRUPACIÓN DE ELECTORES "SE ACABÓ LA FIESTA"           ;00000000;00000;0043;F                                                      ;00000000;00000;0072;EXISTE                                                 ;00000000;00000;0046;Cs                                                     ;00000000;00000;0047;FE de las JONS                                         ;00000000;00000;0048;SAE                                                    ;00000000;00000;0049;J.U.E.X.                                               ;00000000;00000;0050;PH                                                     ;00000000;00000;0051;VOLT                                                   ;00000000;00000;0052;RECORTES CERO                                          ;00000000;00000;0063;EXTREMEÑOS                                             ;00000000;00000;0064;GLG                                                    ;00000000;00000;0065;PIRATAS / REBELDES                                     ;00000000;00000;0070;PREPAL                                                 ;00000000;00000;0000;                                                       ;00000000;00000;0000;                                                       ;00000000;00000;0000;                                                       ;00000000;00000;0000;                                                       ;00000000;00000;0000;                                                       ;00000000;00000;0000;                                                       ;00000000;00000;0000;                                                       ;00000000;00000;0000;                                                       ;00000000;00000;0000;                                                       ;00000000;00000;0000;                                                       ;00000000;00000;0000;                                                       ;00000000;00000;0000;                                                       ;00000000;00000;0000;                                                       ;00000000;00000;0000;                                                       ;00000000;00000;0000;                                                       ;00000000;00000;0000;                                                       ;00000000;00000;0000;                                                       ;00000000;00000;0000;                                                       ;00000000;00000;0000;                                                       ;00000000;00000;0000;                                                       ;00000000;00000;0000;                                                       ;00000000;00000;0000;                                                       ;00000000;00000;0000;                                                       ;00000000;00000;0000;                                                       ;00000000;00000;0000;                                                       ;00000000;00000;0000;                                                       ;00000000;00000;0000;                                                       ;00000000;00000;0000;                                                       ;00000000;00000;0000;                                                       ;00000000;00000;0000;                                                       ;00000000;00000;0000;                                                       ;00000000;00000;0000;                                                       ;00000000;00000;0000;                                                       ;00000000;00000;0000;                                                       ;00000000;00000;0000;                                                       ;00000000;00000;0000;                                                       ;00000000;00000;0000;                                                       ;00000000;00000;0000;                                                       ;00000000;00000;0000;                                                       ;00000000;00000;0000;                                                       ;00000000;00000;0000;                                                       ;00000000;00000;0000;                                                       ;00000000;00000;0000;                                                       ;00000000;00000;0000;                                                       ;00000000;00000;0000;                                                       ;00000000;00000;0000;                                                       ;00000000;00000;
2406100033;08;09;9;448;99;Villangómez                                       ;99;99;00001;00000200;00000200;10000;00000131;06550;00000069;03450;00000002;00158;00000005;00381;0022;PP                                                     ;00000084;06666;0017;PSOE                                                   ;00000012;00952;0048;SAE                                                    ;00000011;00873;0021;VOX                                                    ;00000008;00634;0042;AGRUPACIÓN DE ELECTORES "SE ACABÓ LA FIESTA"           ;00000003;00238;0009;FO                                                     ;00000001;00079;0025;PODEMOS                                                ;00000001;00079;0029;PCPE/PCPC                                              ;00000001;00079;0032;SUMAR                                                  ;00000001;00079;0041;PMR                                                    ;00000001;00079;0052;RECORTES CERO                                          ;00000001;00079;0001;IZQESP                                                 ;00000000;00000;0002;CEUS                                                   ;00000000;00000;0010;AHORA REPÚBLICAS (ERC-EH BILDU-BNG-ARA MÉS)            ;00000000;00000;0060;JUNTS UE                                               ;00000000;00000;0019;ANDALUCISTAS                                           ;00000000;00000;0020;IE                                                     ;00000000;00000;0023;ESCAÑOS EN BLANCO                                      ;00000000;00000;0024;CRT                                                    ;00000000;00000;0026;PFAC                                                   ;00000000;00000;0027;PCTE                                                   ;00000000;00000;0039;PACMA                                                  ;00000000;00000;0040;CREE EN EUROPA                                         ;00000000;00000;0043;F                                                      ;00000000;00000;0072;EXISTE                                                 ;00000000;00000;0046;Cs                                                     ;00000000;00000;0047;FE de las JONS                                         ;00000000;00000;0049;J.U.E.X.                                               ;00000000;00000;0050;PH                                                     ;00000000;00000;0051;VOLT                                                   ;00000000;00000;0063;EXTREMEÑOS                                             ;00000000;00000;0064;GLG                                                    ;00000000;00000;0065;PIRATAS / REBELDES                                     ;00000000;00000;0070;PREPAL                                                 ;00000000;00000;0000;                                                       ;00000000;00000;0000;                                                       ;00000000;00000;0000;                                                       ;00000000;00000;0000;                                                       ;00000000;00000;0000;                                                       ;00000000;00000;0000;                                                       ;00000000;00000;0000;                                                       ;00000000;00000;0000;                                                       ;00000000;00000;0000;                                                       ;00000000;00000;0000;                                                       ;00000000;00000;0000;                                                       ;00000000;00000;0000;                                                       ;00000000;00000;0000;                                                       ;00000000;00000;0000;                                                       ;00000000;00000;0000;                                                       ;00000000;00000;0000;                                                       ;00000000;00000;0000;                                                       ;00000000;00000;0000;                                                       ;00000000;00000;0000;                                                       ;00000000;00000;0000;                                                       ;00000000;00000;0000;                                                       ;00000000;00000;0000;                                                       ;00000000;00000;0000;                                                       ;00000000;00000;0000;                                                       ;00000000;00000;0000;                                                       ;00000000;00000;0000;                                                       ;00000000;00000;0000;                                                       ;00000000;00000;0000;                                                       ;00000000;00000;0000;                                                       ;00000000;00000;0000;                                                       ;00000000;00000;0000;                                                       ;00000000;00000;0000;                                                       ;00000000;00000;0000;                                                       ;00000000;00000;0000;                                                       ;00000000;00000;0000;                                                       ;00000000;00000;0000;                                                       ;00000000;00000;0000;                                                       ;00000000;00000;0000;                                                       ;00000000;00000;0000;                                                       ;00000000;00000;0000;                                                       ;00000000;00000;0000;                                                       ;00000000;00000;0000;                                                       ;00000000;00000;0000;                                                       ;00000000;00000;0000;                                                       ;00000000;00000;0000;                                                       ;00000000;00000;0000;                                                       ;00000000;00000;
2406100033;08;09;9;449;99;Villanueva de Argaño                              ;99;99;00001;00000098;00000098;10000;00000071;07244;00000027;02755;00000000;00000;00000000;00000;0022;PP                                                     ;00000044;06197;0021;VOX                                                    ;00000013;01830;0017;PSOE                                                   ;00000009;01267;0032;SUMAR                                                  ;00000003;00422;0042;AGRUPACIÓN DE ELECTORES "SE ACABÓ LA FIESTA"           ;00000002;00281;0001;IZQESP                                                 ;00000000;00000;0002;CEUS                                                   ;00000000;00000;0009;FO                                                     ;00000000;00000;0010;AHORA REPÚBLICAS (ERC-EH BILDU-BNG-ARA MÉS)            ;00000000;00000;0060;JUNTS UE                                               ;00000000;00000;0019;ANDALUCISTAS                                           ;00000000;00000;0020;IE                                                     ;00000000;00000;0023;ESCAÑOS EN BLANCO                                      ;00000000;00000;0024;CRT                                                    ;00000000;00000;0025;PODEMOS                                                ;00000000;00000;0026;PFAC                                                   ;00000000;00000;0027;PCTE                                                   ;00000000;00000;0029;PCPE/PCPC                                              ;00000000;00000;0039;PACMA                                                  ;00000000;00000;0040;CREE EN EUROPA                                         ;00000000;00000;0041;PMR                                                    ;00000000;00000;0043;F                                                      ;00000000;00000;0072;EXISTE                                                 ;00000000;00000;0046;Cs                                                     ;00000000;00000;0047;FE de las JONS                                         ;00000000;00000;0048;SAE                                                    ;00000000;00000;0049;J.U.E.X.                                               ;00000000;00000;0050;PH                                                     ;00000000;00000;0051;VOLT                                                   ;00000000;00000;0052;RECORTES CERO                                          ;00000000;00000;0063;EXTREMEÑOS                                             ;00000000;00000;0064;GLG                                                    ;00000000;00000;0065;PIRATAS / REBELDES                                     ;00000000;00000;0070;PREPAL                                                 ;00000000;00000;0000;                                                       ;00000000;00000;0000;                                                       ;00000000;00000;0000;                                                       ;00000000;00000;0000;                                                       ;00000000;00000;0000;                                                       ;00000000;00000;0000;                                                       ;00000000;00000;0000;                                                       ;00000000;00000;0000;                                                       ;00000000;00000;0000;                                                       ;00000000;00000;0000;                                                       ;00000000;00000;0000;                                                       ;00000000;00000;0000;                                                       ;00000000;00000;0000;                                                       ;00000000;00000;0000;                                                       ;00000000;00000;0000;                                                       ;00000000;00000;0000;                                                       ;00000000;00000;0000;                                                       ;00000000;00000;0000;                                                       ;00000000;00000;0000;                                                       ;00000000;00000;0000;                                                       ;00000000;00000;0000;                                                       ;00000000;00000;0000;                                                       ;00000000;00000;0000;                                                       ;00000000;00000;0000;                                                       ;00000000;00000;0000;                                                       ;00000000;00000;0000;                                                       ;00000000;00000;0000;                                                       ;00000000;00000;0000;                                                       ;00000000;00000;0000;                                                       ;00000000;00000;0000;                                                       ;00000000;00000;0000;                                                       ;00000000;00000;0000;                                                       ;00000000;00000;0000;                                                       ;00000000;00000;0000;                                                       ;00000000;00000;0000;                                                       ;00000000;00000;0000;                                                       ;00000000;00000;0000;                                                       ;00000000;00000;0000;                                                       ;00000000;00000;0000;                                                       ;00000000;00000;0000;                                                       ;00000000;00000;0000;                                                       ;00000000;00000;0000;                                                       ;00000000;00000;0000;                                                       ;00000000;00000;0000;                                                       ;00000000;00000;0000;                                                       ;00000000;00000;0000;                                                       ;00000000;00000;
2406100033;08;09;9;450;99;Villanueva de Carazo                              ;99;99;00001;00000025;00000025;10000;00000019;07600;00000006;02400;00000000;00000;00000000;00000;0022;PP                                                     ;00000010;05263;0017;PSOE                                                   ;00000008;04210;0021;VOX                                                    ;00000001;00526;0001;IZQESP                                                 ;00000000;00000;0002;CEUS                                                   ;00000000;00000;0009;FO                                                     ;00000000;00000;0010;AHORA REPÚBLICAS (ERC-EH BILDU-BNG-ARA MÉS)            ;00000000;00000;0060;JUNTS UE                                               ;00000000;00000;0019;ANDALUCISTAS                                           ;00000000;00000;0020;IE                                                     ;00000000;00000;0023;ESCAÑOS EN BLANCO                                      ;00000000;00000;0024;CRT                                                    ;00000000;00000;0025;PODEMOS                                                ;00000000;00000;0026;PFAC                                                   ;00000000;00000;0027;PCTE                                                   ;00000000;00000;0029;PCPE/PCPC                                              ;00000000;00000;0032;SUMAR                                                  ;00000000;00000;0039;PACMA                                                  ;00000000;00000;0040;CREE EN EUROPA                                         ;00000000;00000;0041;PMR                                                    ;00000000;00000;0042;AGRUPACIÓN DE ELECTORES "SE ACABÓ LA FIESTA"           ;00000000;00000;0043;F                                                      ;00000000;00000;0072;EXISTE                                                 ;00000000;00000;0046;Cs                                                     ;00000000;00000;0047;FE de las JONS                                         ;00000000;00000;0048;SAE                                                    ;00000000;00000;0049;J.U.E.X.                                               ;00000000;00000;0050;PH                                                     ;00000000;00000;0051;VOLT                                                   ;00000000;00000;0052;RECORTES CERO                                          ;00000000;00000;0063;EXTREMEÑOS                                             ;00000000;00000;0064;GLG                                                    ;00000000;00000;0065;PIRATAS / REBELDES                                     ;00000000;00000;0070;PREPAL                                                 ;00000000;00000;0000;                                                       ;00000000;00000;0000;                                                       ;00000000;00000;0000;                                                       ;00000000;00000;0000;                                                       ;00000000;00000;0000;                                                       ;00000000;00000;0000;                                                       ;00000000;00000;0000;                                                       ;00000000;00000;0000;                                                       ;00000000;00000;0000;                                                       ;00000000;00000;0000;                                                       ;00000000;00000;0000;                                                       ;00000000;00000;0000;                                                       ;00000000;00000;0000;                                                       ;00000000;00000;0000;                                                       ;00000000;00000;0000;                                                       ;00000000;00000;0000;                                                       ;00000000;00000;0000;                                                       ;00000000;00000;0000;                                                       ;00000000;00000;0000;                                                       ;00000000;00000;0000;                                                       ;00000000;00000;0000;                                                       ;00000000;00000;0000;                                                       ;00000000;00000;0000;                                                       ;00000000;00000;0000;                                                       ;00000000;00000;0000;                                                       ;00000000;00000;0000;                                                       ;00000000;00000;0000;                                                       ;00000000;00000;0000;                                                       ;00000000;00000;0000;                                                       ;00000000;00000;0000;                                                       ;00000000;00000;0000;                                                       ;00000000;00000;0000;                                                       ;00000000;00000;0000;                                                       ;00000000;00000;0000;                                                       ;00000000;00000;0000;                                                       ;00000000;00000;0000;                                                       ;00000000;00000;0000;                                                       ;00000000;00000;0000;                                                       ;00000000;00000;0000;                                                       ;00000000;00000;0000;                                                       ;00000000;00000;0000;                                                       ;00000000;00000;0000;                                                       ;00000000;00000;0000;                                                       ;00000000;00000;0000;                                                       ;00000000;00000;0000;                                                       ;00000000;00000;0000;                                                       ;00000000;00000;
2406100033;08;09;9;451;99;Villanueva de Gumiel                              ;99;99;00001;00000241;00000241;10000;00000158;06556;00000083;03443;00000001;00064;00000004;00253;0017;PSOE                                                   ;00000090;05844;0022;PP                                                     ;00000043;02792;0032;SUMAR                                                  ;00000008;00519;0021;VOX                                                    ;00000005;00324;0042;AGRUPACIÓN DE ELECTORES "SE ACABÓ LA FIESTA"           ;00000004;00259;0001;IZQESP                                                 ;00000002;00129;0025;PODEMOS                                                ;00000001;00064;0002;CEUS                                                   ;00000000;00000;0009;FO                                                     ;00000000;00000;0010;AHORA REPÚBLICAS (ERC-EH BILDU-BNG-ARA MÉS)            ;00000000;00000;0060;JUNTS UE                                               ;00000000;00000;0019;ANDALUCISTAS                                           ;00000000;00000;0020;IE                                                     ;00000000;00000;0023;ESCAÑOS EN BLANCO                                      ;00000000;00000;0024;CRT                                                    ;00000000;00000;0026;PFAC                                                   ;00000000;00000;0027;PCTE                                                   ;00000000;00000;0029;PCPE/PCPC                                              ;00000000;00000;0039;PACMA                                                  ;00000000;00000;0040;CREE EN EUROPA                                         ;00000000;00000;0041;PMR                                                    ;00000000;00000;0043;F                                                      ;00000000;00000;0072;EXISTE                                                 ;00000000;00000;0046;Cs                                                     ;00000000;00000;0047;FE de las JONS                                         ;00000000;00000;0048;SAE                                                    ;00000000;00000;0049;J.U.E.X.                                               ;00000000;00000;0050;PH                                                     ;00000000;00000;0051;VOLT                                                   ;00000000;00000;0052;RECORTES CERO                                          ;00000000;00000;0063;EXTREMEÑOS                                             ;00000000;00000;0064;GLG                                                    ;00000000;00000;0065;PIRATAS / REBELDES                                     ;00000000;00000;0070;PREPAL                                                 ;00000000;00000;0000;                                                       ;00000000;00000;0000;                                                       ;00000000;00000;0000;                                                       ;00000000;00000;0000;                                                       ;00000000;00000;0000;                                                       ;00000000;00000;0000;                                                       ;00000000;00000;0000;                                                       ;00000000;00000;0000;                                                       ;00000000;00000;0000;                                                       ;00000000;00000;0000;                                                       ;00000000;00000;0000;                                                       ;00000000;00000;0000;                                                       ;00000000;00000;0000;                                                       ;00000000;00000;0000;                                                       ;00000000;00000;0000;                                                       ;00000000;00000;0000;                                                       ;00000000;00000;0000;                                                       ;00000000;00000;0000;                                                       ;00000000;00000;0000;                                                       ;00000000;00000;0000;                                                       ;00000000;00000;0000;                                                       ;00000000;00000;0000;                                                       ;00000000;00000;0000;                                                       ;00000000;00000;0000;                                                       ;00000000;00000;0000;                                                       ;00000000;00000;0000;                                                       ;00000000;00000;0000;                                                       ;00000000;00000;0000;                                                       ;00000000;00000;0000;                                                       ;00000000;00000;0000;                                                       ;00000000;00000;0000;                                                       ;00000000;00000;0000;                                                       ;00000000;00000;0000;                                                       ;00000000;00000;0000;                                                       ;00000000;00000;0000;                                                       ;00000000;00000;0000;                                                       ;00000000;00000;0000;                                                       ;00000000;00000;0000;                                                       ;00000000;00000;0000;                                                       ;00000000;00000;0000;                                                       ;00000000;00000;0000;                                                       ;00000000;00000;0000;                                                       ;00000000;00000;0000;                                                       ;00000000;00000;0000;                                                       ;00000000;00000;0000;                                                       ;00000000;00000;0000;                                                       ;00000000;00000;
2406100033;08;09;9;454;99;Villanueva de Teba                                ;99;99;00001;00000041;00000041;10000;00000026;06341;00000015;03658;00000001;00384;00000000;00000;0022;PP                                                     ;00000010;03846;0017;PSOE                                                   ;00000008;03076;0021;VOX                                                    ;00000005;01923;0032;SUMAR                                                  ;00000002;00769;0001;IZQESP                                                 ;00000000;00000;0002;CEUS                                                   ;00000000;00000;0009;FO                                                     ;00000000;00000;0010;AHORA REPÚBLICAS (ERC-EH BILDU-BNG-ARA MÉS)            ;00000000;00000;0060;JUNTS UE                                               ;00000000;00000;0019;ANDALUCISTAS                                           ;00000000;00000;0020;IE                                                     ;00000000;00000;0023;ESCAÑOS EN BLANCO                                      ;00000000;00000;0024;CRT                                                    ;00000000;00000;0025;PODEMOS                                                ;00000000;00000;0026;PFAC                                                   ;00000000;00000;0027;PCTE                                                   ;00000000;00000;0029;PCPE/PCPC                                              ;00000000;00000;0039;PACMA                                                  ;00000000;00000;0040;CREE EN EUROPA                                         ;00000000;00000;0041;PMR                                                    ;00000000;00000;0042;AGRUPACIÓN DE ELECTORES "SE ACABÓ LA FIESTA"           ;00000000;00000;0043;F                                                      ;00000000;00000;0072;EXISTE                                                 ;00000000;00000;0046;Cs                                                     ;00000000;00000;0047;FE de las JONS                                         ;00000000;00000;0048;SAE                                                    ;00000000;00000;0049;J.U.E.X.                                               ;00000000;00000;0050;PH                                                     ;00000000;00000;0051;VOLT                                                   ;00000000;00000;0052;RECORTES CERO                                          ;00000000;00000;0063;EXTREMEÑOS                                             ;00000000;00000;0064;GLG                                                    ;00000000;00000;0065;PIRATAS / REBELDES                                     ;00000000;00000;0070;PREPAL                                                 ;00000000;00000;0000;                                                       ;00000000;00000;0000;                                                       ;00000000;00000;0000;                                                       ;00000000;00000;0000;                                                       ;00000000;00000;0000;                                                       ;00000000;00000;0000;                                                       ;00000000;00000;0000;                                                       ;00000000;00000;0000;                                                       ;00000000;00000;0000;                                                       ;00000000;00000;0000;                                                       ;00000000;00000;0000;                                                       ;00000000;00000;0000;                                                       ;00000000;00000;0000;                                                       ;00000000;00000;0000;                                                       ;00000000;00000;0000;                                                       ;00000000;00000;0000;                                                       ;00000000;00000;0000;                                                       ;00000000;00000;0000;                                                       ;00000000;00000;0000;                                                       ;00000000;00000;0000;                                                       ;00000000;00000;0000;                                                       ;00000000;00000;0000;                                                       ;00000000;00000;0000;                                                       ;00000000;00000;0000;                                                       ;00000000;00000;0000;                                                       ;00000000;00000;0000;                                                       ;00000000;00000;0000;                                                       ;00000000;00000;0000;                                                       ;00000000;00000;0000;                                                       ;00000000;00000;0000;                                                       ;00000000;00000;0000;                                                       ;00000000;00000;0000;                                                       ;00000000;00000;0000;                                                       ;00000000;00000;0000;                                                       ;00000000;00000;0000;                                                       ;00000000;00000;0000;                                                       ;00000000;00000;0000;                                                       ;00000000;00000;0000;                                                       ;00000000;00000;0000;                                                       ;00000000;00000;0000;                                                       ;00000000;00000;0000;                                                       ;00000000;00000;0000;                                                       ;00000000;00000;0000;                                                       ;00000000;00000;0000;                                                       ;00000000;00000;0000;                                                       ;00000000;00000;0000;                                                       ;00000000;00000;
2406100033;08;09;9;455;99;Villaquirán de la Puebla                          ;99;99;00001;00000042;00000042;10000;00000028;06666;00000014;03333;00000000;00000;00000000;00000;0021;VOX                                                    ;00000010;03571;0022;PP                                                     ;00000010;03571;0017;PSOE                                                   ;00000004;01428;0046;Cs                                                     ;00000002;00714;0032;SUMAR                                                  ;00000001;00357;0042;AGRUPACIÓN DE ELECTORES "SE ACABÓ LA FIESTA"           ;00000001;00357;0001;IZQESP                                                 ;00000000;00000;0002;CEUS                                                   ;00000000;00000;0009;FO                                                     ;00000000;00000;0010;AHORA REPÚBLICAS (ERC-EH BILDU-BNG-ARA MÉS)            ;00000000;00000;0060;JUNTS UE                                               ;00000000;00000;0019;ANDALUCISTAS                                           ;00000000;00000;0020;IE                                                     ;00000000;00000;0023;ESCAÑOS EN BLANCO                                      ;00000000;00000;0024;CRT                                                    ;00000000;00000;0025;PODEMOS                                                ;00000000;00000;0026;PFAC                                                   ;00000000;00000;0027;PCTE                                                   ;00000000;00000;0029;PCPE/PCPC                                              ;00000000;00000;0039;PACMA                                                  ;00000000;00000;0040;CREE EN EUROPA                                         ;00000000;00000;0041;PMR                                                    ;00000000;00000;0043;F                                                      ;00000000;00000;0072;EXISTE                                                 ;00000000;00000;0047;FE de las JONS                                         ;00000000;00000;0048;SAE                                                    ;00000000;00000;0049;J.U.E.X.                                               ;00000000;00000;0050;PH                                                     ;00000000;00000;0051;VOLT                                                   ;00000000;00000;0052;RECORTES CERO                                          ;00000000;00000;0063;EXTREMEÑOS                                             ;00000000;00000;0064;GLG                                                    ;00000000;00000;0065;PIRATAS / REBELDES                                     ;00000000;00000;0070;PREPAL                                                 ;00000000;00000;0000;                                                       ;00000000;00000;0000;                                                       ;00000000;00000;0000;                                                       ;00000000;00000;0000;                                                       ;00000000;00000;0000;                                                       ;00000000;00000;0000;                                                       ;00000000;00000;0000;                                                       ;00000000;00000;0000;                                                       ;00000000;00000;0000;                                                       ;00000000;00000;0000;                                                       ;00000000;00000;0000;                                                       ;00000000;00000;0000;                                                       ;00000000;00000;0000;                                                       ;00000000;00000;0000;                                                       ;00000000;00000;0000;                                                       ;00000000;00000;0000;                                                       ;00000000;00000;0000;                                                       ;00000000;00000;0000;                                                       ;00000000;00000;0000;                                                       ;00000000;00000;0000;                                                       ;00000000;00000;0000;                                                       ;00000000;00000;0000;                                                       ;00000000;00000;0000;                                                       ;00000000;00000;0000;                                                       ;00000000;00000;0000;                                                       ;00000000;00000;0000;                                                       ;00000000;00000;0000;                                                       ;00000000;00000;0000;                                                       ;00000000;00000;0000;                                                       ;00000000;00000;0000;                                                       ;00000000;00000;0000;                                                       ;00000000;00000;0000;                                                       ;00000000;00000;0000;                                                       ;00000000;00000;0000;                                                       ;00000000;00000;0000;                                                       ;00000000;00000;0000;                                                       ;00000000;00000;0000;                                                       ;00000000;00000;0000;                                                       ;00000000;00000;0000;                                                       ;00000000;00000;0000;                                                       ;00000000;00000;0000;                                                       ;00000000;00000;0000;                                                       ;00000000;00000;0000;                                                       ;00000000;00000;0000;                                                       ;00000000;00000;0000;                                                       ;00000000;00000;0000;                                                       ;00000000;00000;
2406100033;08;09;9;456;99;Villaquirán de los Infantes                       ;99;99;00001;00000122;00000122;10000;00000086;07049;00000036;02950;00000000;00000;00000000;00000;0022;PP                                                     ;00000044;05116;0017;PSOE                                                   ;00000025;02906;0021;VOX                                                    ;00000010;01162;0042;AGRUPACIÓN DE ELECTORES "SE ACABÓ LA FIESTA"           ;00000002;00232;0048;SAE                                                    ;00000002;00232;0025;PODEMOS                                                ;00000001;00116;0072;EXISTE                                                 ;00000001;00116;0052;RECORTES CERO                                          ;00000001;00116;0001;IZQESP                                                 ;00000000;00000;0002;CEUS                                                   ;00000000;00000;0009;FO                                                     ;00000000;00000;0010;AHORA REPÚBLICAS (ERC-EH BILDU-BNG-ARA MÉS)            ;00000000;00000;0060;JUNTS UE                                               ;00000000;00000;0019;ANDALUCISTAS                                           ;00000000;00000;0020;IE                                                     ;00000000;00000;0023;ESCAÑOS EN BLANCO                                      ;00000000;00000;0024;CRT                                                    ;00000000;00000;0026;PFAC                                                   ;00000000;00000;0027;PCTE                                                   ;00000000;00000;0029;PCPE/PCPC                                              ;00000000;00000;0032;SUMAR                                                  ;00000000;00000;0039;PACMA                                                  ;00000000;00000;0040;CREE EN EUROPA                                         ;00000000;00000;0041;PMR                                                    ;00000000;00000;0043;F                                                      ;00000000;00000;0046;Cs                                                     ;00000000;00000;0047;FE de las JONS                                         ;00000000;00000;0049;J.U.E.X.                                               ;00000000;00000;0050;PH                                                     ;00000000;00000;0051;VOLT                                                   ;00000000;00000;0063;EXTREMEÑOS                                             ;00000000;00000;0064;GLG                                                    ;00000000;00000;0065;PIRATAS / REBELDES                                     ;00000000;00000;0070;PREPAL                                                 ;00000000;00000;0000;                                                       ;00000000;00000;0000;                                                       ;00000000;00000;0000;                                                       ;00000000;00000;0000;                                                       ;00000000;00000;0000;                                                       ;00000000;00000;0000;                                                       ;00000000;00000;0000;                                                       ;00000000;00000;0000;                                                       ;00000000;00000;0000;                                                       ;00000000;00000;0000;                                                       ;00000000;00000;0000;                                                       ;00000000;00000;0000;                                                       ;00000000;00000;0000;                                                       ;00000000;00000;0000;                                                       ;00000000;00000;0000;                                                       ;00000000;00000;0000;                                                       ;00000000;00000;0000;                                                       ;00000000;00000;0000;                                                       ;00000000;00000;0000;                                                       ;00000000;00000;0000;                                                       ;00000000;00000;0000;                                                       ;00000000;00000;0000;                                                       ;00000000;00000;0000;                                                       ;00000000;00000;0000;                                                       ;00000000;00000;0000;                                                       ;00000000;00000;0000;                                                       ;00000000;00000;0000;                                                       ;00000000;00000;0000;                                                       ;00000000;00000;0000;                                                       ;00000000;00000;0000;                                                       ;00000000;00000;0000;                                                       ;00000000;00000;0000;                                                       ;00000000;00000;0000;                                                       ;00000000;00000;0000;                                                       ;00000000;00000;0000;                                                       ;00000000;00000;0000;                                                       ;00000000;00000;0000;                                                       ;00000000;00000;0000;                                                       ;00000000;00000;0000;                                                       ;00000000;00000;0000;                                                       ;00000000;00000;0000;                                                       ;00000000;00000;0000;                                                       ;00000000;00000;0000;                                                       ;00000000;00000;0000;                                                       ;00000000;00000;0000;                                                       ;00000000;00000;0000;                                                       ;00000000;00000;
2406100033;08;09;9;458;99;Villariezo                                        ;99;99;00001;00000546;00000546;10000;00000319;05842;00000227;04157;00000003;00094;00000002;00062;0022;PP                                                     ;00000111;03501;0017;PSOE                                                   ;00000083;02618;0021;VOX                                                    ;00000044;01388;0042;AGRUPACIÓN DE ELECTORES "SE ACABÓ LA FIESTA"           ;00000027;00851;0032;SUMAR                                                  ;00000015;00473;0025;PODEMOS                                                ;00000014;00441;0039;PACMA                                                  ;00000007;00220;0046;Cs                                                     ;00000004;00126;0027;PCTE                                                   ;00000002;00063;0029;PCPE/PCPC                                              ;00000002;00063;0001;IZQESP                                                 ;00000001;00031;0072;EXISTE                                                 ;00000001;00031;0048;SAE                                                    ;00000001;00031;0052;RECORTES CERO                                          ;00000001;00031;0064;GLG                                                    ;00000001;00031;0002;CEUS                                                   ;00000000;00000;0009;FO                                                     ;00000000;00000;0010;AHORA REPÚBLICAS (ERC-EH BILDU-BNG-ARA MÉS)            ;00000000;00000;0060;JUNTS UE                                               ;00000000;00000;0019;ANDALUCISTAS                                           ;00000000;00000;0020;IE                                                     ;00000000;00000;0023;ESCAÑOS EN BLANCO                                      ;00000000;00000;0024;CRT                                                    ;00000000;00000;0026;PFAC                                                   ;00000000;00000;0040;CREE EN EUROPA                                         ;00000000;00000;0041;PMR                                                    ;00000000;00000;0043;F                                                      ;00000000;00000;0047;FE de las JONS                                         ;00000000;00000;0049;J.U.E.X.                                               ;00000000;00000;0050;PH                                                     ;00000000;00000;0051;VOLT                                                   ;00000000;00000;0063;EXTREMEÑOS                                             ;00000000;00000;0065;PIRATAS / REBELDES                                     ;00000000;00000;0070;PREPAL                                                 ;00000000;00000;0000;                                                       ;00000000;00000;0000;                                                       ;00000000;00000;0000;                                                       ;00000000;00000;0000;                                                       ;00000000;00000;0000;                                                       ;00000000;00000;0000;                                                       ;00000000;00000;0000;                                                       ;00000000;00000;0000;                                                       ;00000000;00000;0000;                                                       ;00000000;00000;0000;                                                       ;00000000;00000;0000;                                                       ;00000000;00000;0000;                                                       ;00000000;00000;0000;                                                       ;00000000;00000;0000;                                                       ;00000000;00000;0000;                                                       ;00000000;00000;0000;                                                       ;00000000;00000;0000;                                                       ;00000000;00000;0000;                                                       ;00000000;00000;0000;                                                       ;00000000;00000;0000;                                                       ;00000000;00000;0000;                                                       ;00000000;00000;0000;                                                       ;00000000;00000;0000;                                                       ;00000000;00000;0000;                                                       ;00000000;00000;0000;                                                       ;00000000;00000;0000;                                                       ;00000000;00000;0000;                                                       ;00000000;00000;0000;                                                       ;00000000;00000;0000;                                                       ;00000000;00000;0000;                                                       ;00000000;00000;0000;                                                       ;00000000;00000;0000;                                                       ;00000000;00000;0000;                                                       ;00000000;00000;0000;                                                       ;00000000;00000;0000;                                                       ;00000000;00000;0000;                                                       ;00000000;00000;0000;                                                       ;00000000;00000;0000;                                                       ;00000000;00000;0000;                                                       ;00000000;00000;0000;                                                       ;00000000;00000;0000;                                                       ;00000000;00000;0000;                                                       ;00000000;00000;0000;                                                       ;00000000;00000;0000;                                                       ;00000000;00000;0000;                                                       ;00000000;00000;0000;                                                       ;00000000;00000;
2406100033;08;09;9;460;99;Villasandino                                      ;99;99;00001;00000161;00000161;10000;00000111;06894;00000050;03105;00000001;00090;00000001;00090;0022;PP                                                     ;00000059;05363;0017;PSOE                                                   ;00000025;02272;0021;VOX                                                    ;00000015;01363;0032;SUMAR                                                  ;00000005;00454;0042;AGRUPACIÓN DE ELECTORES "SE ACABÓ LA FIESTA"           ;00000002;00181;0024;CRT                                                    ;00000001;00090;0025;PODEMOS                                                ;00000001;00090;0072;EXISTE                                                 ;00000001;00090;0001;IZQESP                                                 ;00000000;00000;0002;CEUS                                                   ;00000000;00000;0009;FO                                                     ;00000000;00000;0010;AHORA REPÚBLICAS (ERC-EH BILDU-BNG-ARA MÉS)            ;00000000;00000;0060;JUNTS UE                                               ;00000000;00000;0019;ANDALUCISTAS                                           ;00000000;00000;0020;IE                                                     ;00000000;00000;0023;ESCAÑOS EN BLANCO                                      ;00000000;00000;0026;PFAC                                                   ;00000000;00000;0027;PCTE                                                   ;00000000;00000;0029;PCPE/PCPC                                              ;00000000;00000;0039;PACMA                                                  ;00000000;00000;0040;CREE EN EUROPA                                         ;00000000;00000;0041;PMR                                                    ;00000000;00000;0043;F                                                      ;00000000;00000;0046;Cs                                                     ;00000000;00000;0047;FE de las JONS                                         ;00000000;00000;0048;SAE                                                    ;00000000;00000;0049;J.U.E.X.                                               ;00000000;00000;0050;PH                                                     ;00000000;00000;0051;VOLT                                                   ;00000000;00000;0052;RECORTES CERO                                          ;00000000;00000;0063;EXTREMEÑOS                                             ;00000000;00000;0064;GLG                                                    ;00000000;00000;0065;PIRATAS / REBELDES                                     ;00000000;00000;0070;PREPAL                                                 ;00000000;00000;0000;                                                       ;00000000;00000;0000;                                                       ;00000000;00000;0000;                                                       ;00000000;00000;0000;                                                       ;00000000;00000;0000;                                                       ;00000000;00000;0000;                                                       ;00000000;00000;0000;                                                       ;00000000;00000;0000;                                                       ;00000000;00000;0000;                                                       ;00000000;00000;0000;                                                       ;00000000;00000;0000;                                                       ;00000000;00000;0000;                                                       ;00000000;00000;0000;                                                       ;00000000;00000;0000;                                                       ;00000000;00000;0000;                                                       ;00000000;00000;0000;                                                       ;00000000;00000;0000;                                                       ;00000000;00000;0000;                                                       ;00000000;00000;0000;                                                       ;00000000;00000;0000;                                                       ;00000000;00000;0000;                                                       ;00000000;00000;0000;                                                       ;00000000;00000;0000;                                                       ;00000000;00000;0000;                                                       ;00000000;00000;0000;                                                       ;00000000;00000;0000;                                                       ;00000000;00000;0000;                                                       ;00000000;00000;0000;                                                       ;00000000;00000;0000;                                                       ;00000000;00000;0000;                                                       ;00000000;00000;0000;                                                       ;00000000;00000;0000;                                                       ;00000000;00000;0000;                                                       ;00000000;00000;0000;                                                       ;00000000;00000;0000;                                                       ;00000000;00000;0000;                                                       ;00000000;00000;0000;                                                       ;00000000;00000;0000;                                                       ;00000000;00000;0000;                                                       ;00000000;00000;0000;                                                       ;00000000;00000;0000;                                                       ;00000000;00000;0000;                                                       ;00000000;00000;0000;                                                       ;00000000;00000;0000;                                                       ;00000000;00000;0000;                                                       ;00000000;00000;0000;                                                       ;00000000;00000;
2406100033;08;09;9;463;99;Villasur de Herreros                              ;99;99;00001;00000250;00000250;10000;00000156;06239;00000094;03760;00000003;00193;00000001;00064;0022;PP                                                     ;00000072;04645;0017;PSOE                                                   ;00000048;03096;0021;VOX                                                    ;00000010;00645;0042;AGRUPACIÓN DE ELECTORES "SE ACABÓ LA FIESTA"           ;00000005;00322;0025;PODEMOS                                                ;00000004;00258;0043;F                                                      ;00000003;00193;0046;Cs                                                     ;00000003;00193;0065;PIRATAS / REBELDES                                     ;00000002;00129;0020;IE                                                     ;00000001;00064;0027;PCTE                                                   ;00000001;00064;0032;SUMAR                                                  ;00000001;00064;0047;FE de las JONS                                         ;00000001;00064;0051;VOLT                                                   ;00000001;00064;0001;IZQESP                                                 ;00000000;00000;0002;CEUS                                                   ;00000000;00000;0009;FO                                                     ;00000000;00000;0010;AHORA REPÚBLICAS (ERC-EH BILDU-BNG-ARA MÉS)            ;00000000;00000;0060;JUNTS UE                                               ;00000000;00000;0019;ANDALUCISTAS                                           ;00000000;00000;0023;ESCAÑOS EN BLANCO                                      ;00000000;00000;0024;CRT                                                    ;00000000;00000;0026;PFAC                                                   ;00000000;00000;0029;PCPE/PCPC                                              ;00000000;00000;0039;PACMA                                                  ;00000000;00000;0040;CREE EN EUROPA                                         ;00000000;00000;0041;PMR                                                    ;00000000;00000;0072;EXISTE                                                 ;00000000;00000;0048;SAE                                                    ;00000000;00000;0049;J.U.E.X.                                               ;00000000;00000;0050;PH                                                     ;00000000;00000;0052;RECORTES CERO                                          ;00000000;00000;0063;EXTREMEÑOS                                             ;00000000;00000;0064;GLG                                                    ;00000000;00000;0070;PREPAL                                                 ;00000000;00000;0000;                                                       ;00000000;00000;0000;                                                       ;00000000;00000;0000;                                                       ;00000000;00000;0000;                                                       ;00000000;00000;0000;                                                       ;00000000;00000;0000;                                                       ;00000000;00000;0000;                                                       ;00000000;00000;0000;                                                       ;00000000;00000;0000;                                                       ;00000000;00000;0000;                                                       ;00000000;00000;0000;                                                       ;00000000;00000;0000;                                                       ;00000000;00000;0000;                                                       ;00000000;00000;0000;                                                       ;00000000;00000;0000;                                                       ;00000000;00000;0000;                                                       ;00000000;00000;0000;                                                       ;00000000;00000;0000;                                                       ;00000000;00000;0000;                                                       ;00000000;00000;0000;                                                       ;00000000;00000;0000;                                                       ;00000000;00000;0000;                                                       ;00000000;00000;0000;                                                       ;00000000;00000;0000;                                                       ;00000000;00000;0000;                                                       ;00000000;00000;0000;                                                       ;00000000;00000;0000;                                                       ;00000000;00000;0000;                                                       ;00000000;00000;0000;                                                       ;00000000;00000;0000;                                                       ;00000000;00000;0000;                                                       ;00000000;00000;0000;                                                       ;00000000;00000;0000;                                                       ;00000000;00000;0000;                                                       ;00000000;00000;0000;                                                       ;00000000;00000;0000;                                                       ;00000000;00000;0000;                                                       ;00000000;00000;0000;                                                       ;00000000;00000;0000;                                                       ;00000000;00000;0000;                                                       ;00000000;00000;0000;                                                       ;00000000;00000;0000;                                                       ;00000000;00000;0000;                                                       ;00000000;00000;0000;                                                       ;00000000;00000;0000;                                                       ;00000000;00000;0000;                                                       ;00000000;00000;
2406100033;08;09;9;464;99;Villatuelda                                       ;99;99;00001;00000033;00000033;10000;00000023;06969;00000010;03030;00000000;00000;00000000;00000;0022;PP                                                     ;00000009;03913;0017;PSOE                                                   ;00000007;03043;0048;SAE                                                    ;00000003;01304;0010;AHORA REPÚBLICAS (ERC-EH BILDU-BNG-ARA MÉS)            ;00000002;00869;0021;VOX                                                    ;00000002;00869;0001;IZQESP                                                 ;00000000;00000;0002;CEUS                                                   ;00000000;00000;0009;FO                                                     ;00000000;00000;0060;JUNTS UE                                               ;00000000;00000;0019;ANDALUCISTAS                                           ;00000000;00000;0020;IE                                                     ;00000000;00000;0023;ESCAÑOS EN BLANCO                                      ;00000000;00000;0024;CRT                                                    ;00000000;00000;0025;PODEMOS                                                ;00000000;00000;0026;PFAC                                                   ;00000000;00000;0027;PCTE                                                   ;00000000;00000;0029;PCPE/PCPC                                              ;00000000;00000;0032;SUMAR                                                  ;00000000;00000;0039;PACMA                                                  ;00000000;00000;0040;CREE EN EUROPA                                         ;00000000;00000;0041;PMR                                                    ;00000000;00000;0042;AGRUPACIÓN DE ELECTORES "SE ACABÓ LA FIESTA"           ;00000000;00000;0043;F                                                      ;00000000;00000;0072;EXISTE                                                 ;00000000;00000;0046;Cs                                                     ;00000000;00000;0047;FE de las JONS                                         ;00000000;00000;0049;J.U.E.X.                                               ;00000000;00000;0050;PH                                                     ;00000000;00000;0051;VOLT                                                   ;00000000;00000;0052;RECORTES CERO                                          ;00000000;00000;0063;EXTREMEÑOS                                             ;00000000;00000;0064;GLG                                                    ;00000000;00000;0065;PIRATAS / REBELDES                                     ;00000000;00000;0070;PREPAL                                                 ;00000000;00000;0000;                                                       ;00000000;00000;0000;                                                       ;00000000;00000;0000;                                                       ;00000000;00000;0000;                                                       ;00000000;00000;0000;                                                       ;00000000;00000;0000;                                                       ;00000000;00000;0000;                                                       ;00000000;00000;0000;                                                       ;00000000;00000;0000;                                                       ;00000000;00000;0000;                                                       ;00000000;00000;0000;                                                       ;00000000;00000;0000;                                                       ;00000000;00000;0000;                                                       ;00000000;00000;0000;                                                       ;00000000;00000;0000;                                                       ;00000000;00000;0000;                                                       ;00000000;00000;0000;                                                       ;00000000;00000;0000;                                                       ;00000000;00000;0000;                                                       ;00000000;00000;0000;                                                       ;00000000;00000;0000;                                                       ;00000000;00000;0000;                                                       ;00000000;00000;0000;                                                       ;00000000;00000;0000;                                                       ;00000000;00000;0000;                                                       ;00000000;00000;0000;                                                       ;00000000;00000;0000;                                                       ;00000000;00000;0000;                                                       ;00000000;00000;0000;                                                       ;00000000;00000;0000;                                                       ;00000000;00000;0000;                                                       ;00000000;00000;0000;                                                       ;00000000;00000;0000;                                                       ;00000000;00000;0000;                                                       ;00000000;00000;0000;                                                       ;00000000;00000;0000;                                                       ;00000000;00000;0000;                                                       ;00000000;00000;0000;                                                       ;00000000;00000;0000;                                                       ;00000000;00000;0000;                                                       ;00000000;00000;0000;                                                       ;00000000;00000;0000;                                                       ;00000000;00000;0000;                                                       ;00000000;00000;0000;                                                       ;00000000;00000;0000;                                                       ;00000000;00000;0000;                                                       ;00000000;00000;
2406100033;08;09;9;466;99;Villaverde del Monte                              ;99;99;00001;00000106;00000106;10000;00000063;05943;00000043;04056;00000000;00000;00000000;00000;0022;PP                                                     ;00000039;06190;0017;PSOE                                                   ;00000010;01587;0021;VOX                                                    ;00000009;01428;0032;SUMAR                                                  ;00000002;00317;0042;AGRUPACIÓN DE ELECTORES "SE ACABÓ LA FIESTA"           ;00000002;00317;0039;PACMA                                                  ;00000001;00158;0001;IZQESP                                                 ;00000000;00000;0002;CEUS                                                   ;00000000;00000;0009;FO                                                     ;00000000;00000;0010;AHORA REPÚBLICAS (ERC-EH BILDU-BNG-ARA MÉS)            ;00000000;00000;0060;JUNTS UE                                               ;00000000;00000;0019;ANDALUCISTAS                                           ;00000000;00000;0020;IE                                                     ;00000000;00000;0023;ESCAÑOS EN BLANCO                                      ;00000000;00000;0024;CRT                                                    ;00000000;00000;0025;PODEMOS                                                ;00000000;00000;0026;PFAC                                                   ;00000000;00000;0027;PCTE                                                   ;00000000;00000;0029;PCPE/PCPC                                              ;00000000;00000;0040;CREE EN EUROPA                                         ;00000000;00000;0041;PMR                                                    ;00000000;00000;0043;F                                                      ;00000000;00000;0072;EXISTE                                                 ;00000000;00000;0046;Cs                                                     ;00000000;00000;0047;FE de las JONS                                         ;00000000;00000;0048;SAE                                                    ;00000000;00000;0049;J.U.E.X.                                               ;00000000;00000;0050;PH                                                     ;00000000;00000;0051;VOLT                                                   ;00000000;00000;0052;RECORTES CERO                                          ;00000000;00000;0063;EXTREMEÑOS                                             ;00000000;00000;0064;GLG                                                    ;00000000;00000;0065;PIRATAS / REBELDES                                     ;00000000;00000;0070;PREPAL                                                 ;00000000;00000;0000;                                                       ;00000000;00000;0000;                                                       ;00000000;00000;0000;                                                       ;00000000;00000;0000;                                                       ;00000000;00000;0000;                                                       ;00000000;00000;0000;                                                       ;00000000;00000;0000;                                                       ;00000000;00000;0000;                                                       ;00000000;00000;0000;                                                       ;00000000;00000;0000;                                                       ;00000000;00000;0000;                                                       ;00000000;00000;0000;                                                       ;00000000;00000;0000;                                                       ;00000000;00000;0000;                                                       ;00000000;00000;0000;                                                       ;00000000;00000;0000;                                                       ;00000000;00000;0000;                                                       ;00000000;00000;0000;                                                       ;00000000;00000;0000;                                                       ;00000000;00000;0000;                                                       ;00000000;00000;0000;                                                       ;00000000;00000;0000;                                                       ;00000000;00000;0000;                                                       ;00000000;00000;0000;                                                       ;00000000;00000;0000;                                                       ;00000000;00000;0000;                                                       ;00000000;00000;0000;                                                       ;00000000;00000;0000;                                                       ;00000000;00000;0000;                                                       ;00000000;00000;0000;                                                       ;00000000;00000;0000;                                                       ;00000000;00000;0000;                                                       ;00000000;00000;0000;                                                       ;00000000;00000;0000;                                                       ;00000000;00000;0000;                                                       ;00000000;00000;0000;                                                       ;00000000;00000;0000;                                                       ;00000000;00000;0000;                                                       ;00000000;00000;0000;                                                       ;00000000;00000;0000;                                                       ;00000000;00000;0000;                                                       ;00000000;00000;0000;                                                       ;00000000;00000;0000;                                                       ;00000000;00000;0000;                                                       ;00000000;00000;0000;                                                       ;00000000;00000;0000;                                                       ;00000000;00000;
2406100033;08;09;9;467;99;Villaverde-Mogina                                 ;99;99;00001;00000061;00000061;10000;00000039;06393;00000022;03606;00000001;00256;00000000;00000;0022;PP                                                     ;00000021;05384;0017;PSOE                                                   ;00000008;02051;0021;VOX                                                    ;00000006;01538;0042;AGRUPACIÓN DE ELECTORES "SE ACABÓ LA FIESTA"           ;00000002;00512;0072;EXISTE                                                 ;00000001;00256;0001;IZQESP                                                 ;00000000;00000;0002;CEUS                                                   ;00000000;00000;0009;FO                                                     ;00000000;00000;0010;AHORA REPÚBLICAS (ERC-EH BILDU-BNG-ARA MÉS)            ;00000000;00000;0060;JUNTS UE                                               ;00000000;00000;0019;ANDALUCISTAS                                           ;00000000;00000;0020;IE                                                     ;00000000;00000;0023;ESCAÑOS EN BLANCO                                      ;00000000;00000;0024;CRT                                                    ;00000000;00000;0025;PODEMOS                                                ;00000000;00000;0026;PFAC                                                   ;00000000;00000;0027;PCTE                                                   ;00000000;00000;0029;PCPE/PCPC                                              ;00000000;00000;0032;SUMAR                                                  ;00000000;00000;0039;PACMA                                                  ;00000000;00000;0040;CREE EN EUROPA                                         ;00000000;00000;0041;PMR                                                    ;00000000;00000;0043;F                                                      ;00000000;00000;0046;Cs                                                     ;00000000;00000;0047;FE de las JONS                                         ;00000000;00000;0048;SAE                                                    ;00000000;00000;0049;J.U.E.X.                                               ;00000000;00000;0050;PH                                                     ;00000000;00000;0051;VOLT                                                   ;00000000;00000;0052;RECORTES CERO                                          ;00000000;00000;0063;EXTREMEÑOS                                             ;00000000;00000;0064;GLG                                                    ;00000000;00000;0065;PIRATAS / REBELDES                                     ;00000000;00000;0070;PREPAL                                                 ;00000000;00000;0000;                                                       ;00000000;00000;0000;                                                       ;00000000;00000;0000;                                                       ;00000000;00000;0000;                                                       ;00000000;00000;0000;                                                       ;00000000;00000;0000;                                                       ;00000000;00000;0000;                                                       ;00000000;00000;0000;                                                       ;00000000;00000;0000;                                                       ;00000000;00000;0000;                                                       ;00000000;00000;0000;                                                       ;00000000;00000;0000;                                                       ;00000000;00000;0000;                                                       ;00000000;00000;0000;                                                       ;00000000;00000;0000;                                                       ;00000000;00000;0000;                                                       ;00000000;00000;0000;                                                       ;00000000;00000;0000;                                                       ;00000000;00000;0000;                                                       ;00000000;00000;0000;                                                       ;00000000;00000;0000;                                                       ;00000000;00000;0000;                                                       ;00000000;00000;0000;                                                       ;00000000;00000;0000;                                                       ;00000000;00000;0000;                                                       ;00000000;00000;0000;                                                       ;00000000;00000;0000;                                                       ;00000000;00000;0000;                                                       ;00000000;00000;0000;                                                       ;00000000;00000;0000;                                                       ;00000000;00000;0000;                                                       ;00000000;00000;0000;                                                       ;00000000;00000;0000;                                                       ;00000000;00000;0000;                                                       ;00000000;00000;0000;                                                       ;00000000;00000;0000;                                                       ;00000000;00000;0000;                                                       ;00000000;00000;0000;                                                       ;00000000;00000;0000;                                                       ;00000000;00000;0000;                                                       ;00000000;00000;0000;                                                       ;00000000;00000;0000;                                                       ;00000000;00000;0000;                                                       ;00000000;00000;0000;                                                       ;00000000;00000;0000;                                                       ;00000000;00000;0000;                                                       ;00000000;00000;
2406100033;08;09;9;471;99;Villayerno Morquillas                             ;99;99;00001;00000171;00000171;10000;00000107;06257;00000064;03742;00000003;00285;00000002;00186;0022;PP                                                     ;00000045;04285;0017;PSOE                                                   ;00000031;02952;0021;VOX                                                    ;00000008;00761;0032;SUMAR                                                  ;00000007;00666;0042;AGRUPACIÓN DE ELECTORES "SE ACABÓ LA FIESTA"           ;00000004;00380;0048;SAE                                                    ;00000003;00285;0009;FO                                                     ;00000001;00095;0039;PACMA                                                  ;00000001;00095;0041;PMR                                                    ;00000001;00095;0046;Cs                                                     ;00000001;00095;0001;IZQESP                                                 ;00000000;00000;0002;CEUS                                                   ;00000000;00000;0010;AHORA REPÚBLICAS (ERC-EH BILDU-BNG-ARA MÉS)            ;00000000;00000;0060;JUNTS UE                                               ;00000000;00000;0019;ANDALUCISTAS                                           ;00000000;00000;0020;IE                                                     ;00000000;00000;0023;ESCAÑOS EN BLANCO                                      ;00000000;00000;0024;CRT                                                    ;00000000;00000;0025;PODEMOS                                                ;00000000;00000;0026;PFAC                                                   ;00000000;00000;0027;PCTE                                                   ;00000000;00000;0029;PCPE/PCPC                                              ;00000000;00000;0040;CREE EN EUROPA                                         ;00000000;00000;0043;F                                                      ;00000000;00000;0072;EXISTE                                                 ;00000000;00000;0047;FE de las JONS                                         ;00000000;00000;0049;J.U.E.X.                                               ;00000000;00000;0050;PH                                                     ;00000000;00000;0051;VOLT                                                   ;00000000;00000;0052;RECORTES CERO                                          ;00000000;00000;0063;EXTREMEÑOS                                             ;00000000;00000;0064;GLG                                                    ;00000000;00000;0065;PIRATAS / REBELDES                                     ;00000000;00000;0070;PREPAL                                                 ;00000000;00000;0000;                                                       ;00000000;00000;0000;                                                       ;00000000;00000;0000;                                                       ;00000000;00000;0000;                                                       ;00000000;00000;0000;                                                       ;00000000;00000;0000;                                                       ;00000000;00000;0000;                                                       ;00000000;00000;0000;                                                       ;00000000;00000;0000;                                                       ;00000000;00000;0000;                                                       ;00000000;00000;0000;                                                       ;00000000;00000;0000;                                                       ;00000000;00000;0000;                                                       ;00000000;00000;0000;                                                       ;00000000;00000;0000;                                                       ;00000000;00000;0000;                                                       ;00000000;00000;0000;                                                       ;00000000;00000;0000;                                                       ;00000000;00000;0000;                                                       ;00000000;00000;0000;                                                       ;00000000;00000;0000;                                                       ;00000000;00000;0000;                                                       ;00000000;00000;0000;                                                       ;00000000;00000;0000;                                                       ;00000000;00000;0000;                                                       ;00000000;00000;0000;                                                       ;00000000;00000;0000;                                                       ;00000000;00000;0000;                                                       ;00000000;00000;0000;                                                       ;00000000;00000;0000;                                                       ;00000000;00000;0000;                                                       ;00000000;00000;0000;                                                       ;00000000;00000;0000;                                                       ;00000000;00000;0000;                                                       ;00000000;00000;0000;                                                       ;00000000;00000;0000;                                                       ;00000000;00000;0000;                                                       ;00000000;00000;0000;                                                       ;00000000;00000;0000;                                                       ;00000000;00000;0000;                                                       ;00000000;00000;0000;                                                       ;00000000;00000;0000;                                                       ;00000000;00000;0000;                                                       ;00000000;00000;0000;                                                       ;00000000;00000;0000;                                                       ;00000000;00000;0000;                                                       ;00000000;00000;
2406100033;08;09;9;472;99;Villazopeque                                      ;99;99;00001;00000051;00000051;10000;00000037;07254;00000014;02745;00000000;00000;00000001;00270;0017;PSOE                                                   ;00000013;03611;0022;PP                                                     ;00000012;03333;0042;AGRUPACIÓN DE ELECTORES "SE ACABÓ LA FIESTA"           ;00000004;01111;0048;SAE                                                    ;00000003;00833;0025;PODEMOS                                                ;00000002;00555;0021;VOX                                                    ;00000001;00277;0051;VOLT                                                   ;00000001;00277;0001;IZQESP                                                 ;00000000;00000;0002;CEUS                                                   ;00000000;00000;0009;FO                                                     ;00000000;00000;0010;AHORA REPÚBLICAS (ERC-EH BILDU-BNG-ARA MÉS)            ;00000000;00000;0060;JUNTS UE                                               ;00000000;00000;0019;ANDALUCISTAS                                           ;00000000;00000;0020;IE                                                     ;00000000;00000;0023;ESCAÑOS EN BLANCO                                      ;00000000;00000;0024;CRT                                                    ;00000000;00000;0026;PFAC                                                   ;00000000;00000;0027;PCTE                                                   ;00000000;00000;0029;PCPE/PCPC                                              ;00000000;00000;0032;SUMAR                                                  ;00000000;00000;0039;PACMA                                                  ;00000000;00000;0040;CREE EN EUROPA                                         ;00000000;00000;0041;PMR                                                    ;00000000;00000;0043;F                                                      ;00000000;00000;0072;EXISTE                                                 ;00000000;00000;0046;Cs                                                     ;00000000;00000;0047;FE de las JONS                                         ;00000000;00000;0049;J.U.E.X.                                               ;00000000;00000;0050;PH                                                     ;00000000;00000;0052;RECORTES CERO                                          ;00000000;00000;0063;EXTREMEÑOS                                             ;00000000;00000;0064;GLG                                                    ;00000000;00000;0065;PIRATAS / REBELDES                                     ;00000000;00000;0070;PREPAL                                                 ;00000000;00000;0000;                                                       ;00000000;00000;0000;                                                       ;00000000;00000;0000;                                                       ;00000000;00000;0000;                                                       ;00000000;00000;0000;                                                       ;00000000;00000;0000;                                                       ;00000000;00000;0000;                                                       ;00000000;00000;0000;                                                       ;00000000;00000;0000;                                                       ;00000000;00000;0000;                                                       ;00000000;00000;0000;                                                       ;00000000;00000;0000;                                                       ;00000000;00000;0000;                                                       ;00000000;00000;0000;                                                       ;00000000;00000;0000;                                                       ;00000000;00000;0000;                                                       ;00000000;00000;0000;                                                       ;00000000;00000;0000;                                                       ;00000000;00000;0000;                                                       ;00000000;00000;0000;                                                       ;00000000;00000;0000;                                                       ;00000000;00000;0000;                                                       ;00000000;00000;0000;                                                       ;00000000;00000;0000;                                                       ;00000000;00000;0000;                                                       ;00000000;00000;0000;                                                       ;00000000;00000;0000;                                                       ;00000000;00000;0000;                                                       ;00000000;00000;0000;                                                       ;00000000;00000;0000;                                                       ;00000000;00000;0000;                                                       ;00000000;00000;0000;                                                       ;00000000;00000;0000;                                                       ;00000000;00000;0000;                                                       ;00000000;00000;0000;                                                       ;00000000;00000;0000;                                                       ;00000000;00000;0000;                                                       ;00000000;00000;0000;                                                       ;00000000;00000;0000;                                                       ;00000000;00000;0000;                                                       ;00000000;00000;0000;                                                       ;00000000;00000;0000;                                                       ;00000000;00000;0000;                                                       ;00000000;00000;0000;                                                       ;00000000;00000;0000;                                                       ;00000000;00000;0000;                                                       ;00000000;00000;
2406100033;08;09;9;473;99;Villegas                                          ;99;99;00001;00000079;00000079;10000;00000059;07468;00000020;02531;00000000;00000;00000000;00000;0022;PP                                                     ;00000035;05932;0017;PSOE                                                   ;00000012;02033;0021;VOX                                                    ;00000008;01355;0025;PODEMOS                                                ;00000001;00169;0032;SUMAR                                                  ;00000001;00169;0042;AGRUPACIÓN DE ELECTORES "SE ACABÓ LA FIESTA"           ;00000001;00169;0052;RECORTES CERO                                          ;00000001;00169;0001;IZQESP                                                 ;00000000;00000;0002;CEUS                                                   ;00000000;00000;0009;FO                                                     ;00000000;00000;0010;AHORA REPÚBLICAS (ERC-EH BILDU-BNG-ARA MÉS)            ;00000000;00000;0060;JUNTS UE                                               ;00000000;00000;0019;ANDALUCISTAS                                           ;00000000;00000;0020;IE                                                     ;00000000;00000;0023;ESCAÑOS EN BLANCO                                      ;00000000;00000;0024;CRT                                                    ;00000000;00000;0026;PFAC                                                   ;00000000;00000;0027;PCTE                                                   ;00000000;00000;0029;PCPE/PCPC                                              ;00000000;00000;0039;PACMA                                                  ;00000000;00000;0040;CREE EN EUROPA                                         ;00000000;00000;0041;PMR                                                    ;00000000;00000;0043;F                                                      ;00000000;00000;0072;EXISTE                                                 ;00000000;00000;0046;Cs                                                     ;00000000;00000;0047;FE de las JONS                                         ;00000000;00000;0048;SAE                                                    ;00000000;00000;0049;J.U.E.X.                                               ;00000000;00000;0050;PH                                                     ;00000000;00000;0051;VOLT                                                   ;00000000;00000;0063;EXTREMEÑOS                                             ;00000000;00000;0064;GLG                                                    ;00000000;00000;0065;PIRATAS / REBELDES                                     ;00000000;00000;0070;PREPAL                                                 ;00000000;00000;0000;                                                       ;00000000;00000;0000;                                                       ;00000000;00000;0000;                                                       ;00000000;00000;0000;                                                       ;00000000;00000;0000;                                                       ;00000000;00000;0000;                                                       ;00000000;00000;0000;                                                       ;00000000;00000;0000;                                                       ;00000000;00000;0000;                                                       ;00000000;00000;0000;                                                       ;00000000;00000;0000;                                                       ;00000000;00000;0000;                                                       ;00000000;00000;0000;                                                       ;00000000;00000;0000;                                                       ;00000000;00000;0000;                                                       ;00000000;00000;0000;                                                       ;00000000;00000;0000;                                                       ;00000000;00000;0000;                                                       ;00000000;00000;0000;                                                       ;00000000;00000;0000;                                                       ;00000000;00000;0000;                                                       ;00000000;00000;0000;                                                       ;00000000;00000;0000;                                                       ;00000000;00000;0000;                                                       ;00000000;00000;0000;                                                       ;00000000;00000;0000;                                                       ;00000000;00000;0000;                                                       ;00000000;00000;0000;                                                       ;00000000;00000;0000;                                                       ;00000000;00000;0000;                                                       ;00000000;00000;0000;                                                       ;00000000;00000;0000;                                                       ;00000000;00000;0000;                                                       ;00000000;00000;0000;                                                       ;00000000;00000;0000;                                                       ;00000000;00000;0000;                                                       ;00000000;00000;0000;                                                       ;00000000;00000;0000;                                                       ;00000000;00000;0000;                                                       ;00000000;00000;0000;                                                       ;00000000;00000;0000;                                                       ;00000000;00000;0000;                                                       ;00000000;00000;0000;                                                       ;00000000;00000;0000;                                                       ;00000000;00000;0000;                                                       ;00000000;00000;0000;                                                       ;00000000;00000;
2406100033;08;09;9;476;99;Villoruebo                                        ;99;99;00001;00000054;00000054;10000;00000038;07037;00000016;02962;00000001;00263;00000000;00000;0022;PP                                                     ;00000020;05263;0017;PSOE                                                   ;00000012;03157;0021;VOX                                                    ;00000002;00526;0025;PODEMOS                                                ;00000001;00263;0032;SUMAR                                                  ;00000001;00263;0042;AGRUPACIÓN DE ELECTORES "SE ACABÓ LA FIESTA"           ;00000001;00263;0001;IZQESP                                                 ;00000000;00000;0002;CEUS                                                   ;00000000;00000;0009;FO                                                     ;00000000;00000;0010;AHORA REPÚBLICAS (ERC-EH BILDU-BNG-ARA MÉS)            ;00000000;00000;0060;JUNTS UE                                               ;00000000;00000;0019;ANDALUCISTAS                                           ;00000000;00000;0020;IE                                                     ;00000000;00000;0023;ESCAÑOS EN BLANCO                                      ;00000000;00000;0024;CRT                                                    ;00000000;00000;0026;PFAC                                                   ;00000000;00000;0027;PCTE                                                   ;00000000;00000;0029;PCPE/PCPC                                              ;00000000;00000;0039;PACMA                                                  ;00000000;00000;0040;CREE EN EUROPA                                         ;00000000;00000;0041;PMR                                                    ;00000000;00000;0043;F                                                      ;00000000;00000;0072;EXISTE                                                 ;00000000;00000;0046;Cs                                                     ;00000000;00000;0047;FE de las JONS                                         ;00000000;00000;0048;SAE                                                    ;00000000;00000;0049;J.U.E.X.                                               ;00000000;00000;0050;PH                                                     ;00000000;00000;0051;VOLT                                                   ;00000000;00000;0052;RECORTES CERO                                          ;00000000;00000;0063;EXTREMEÑOS                                             ;00000000;00000;0064;GLG                                                    ;00000000;00000;0065;PIRATAS / REBELDES                                     ;00000000;00000;0070;PREPAL                                                 ;00000000;00000;0000;                                                       ;00000000;00000;0000;                                                       ;00000000;00000;0000;                                                       ;00000000;00000;0000;                                                       ;00000000;00000;0000;                                                       ;00000000;00000;0000;                                                       ;00000000;00000;0000;                                                       ;00000000;00000;0000;                                                       ;00000000;00000;0000;                                                       ;00000000;00000;0000;                                                       ;00000000;00000;0000;                                                       ;00000000;00000;0000;                                                       ;00000000;00000;0000;                                                       ;00000000;00000;0000;                                                       ;00000000;00000;0000;                                                       ;00000000;00000;0000;                                                       ;00000000;00000;0000;                                                       ;00000000;00000;0000;                                                       ;00000000;00000;0000;                                                       ;00000000;00000;0000;                                                       ;00000000;00000;0000;                                                       ;00000000;00000;0000;                                                       ;00000000;00000;0000;                                                       ;00000000;00000;0000;                                                       ;00000000;00000;0000;                                                       ;00000000;00000;0000;                                                       ;00000000;00000;0000;                                                       ;00000000;00000;0000;                                                       ;00000000;00000;0000;                                                       ;00000000;00000;0000;                                                       ;00000000;00000;0000;                                                       ;00000000;00000;0000;                                                       ;00000000;00000;0000;                                                       ;00000000;00000;0000;                                                       ;00000000;00000;0000;                                                       ;00000000;00000;0000;                                                       ;00000000;00000;0000;                                                       ;00000000;00000;0000;                                                       ;00000000;00000;0000;                                                       ;00000000;00000;0000;                                                       ;00000000;00000;0000;                                                       ;00000000;00000;0000;                                                       ;00000000;00000;0000;                                                       ;00000000;00000;0000;                                                       ;00000000;00000;0000;                                                       ;00000000;00000;0000;                                                       ;00000000;00000;
2406100033;08;09;9;478;99;Vizcaínos                                         ;99;99;00001;00000040;00000040;10000;00000034;08500;00000006;01500;00000000;00000;00000000;00000;0022;PP                                                     ;00000015;04411;0017;PSOE                                                   ;00000014;04117;0025;PODEMOS                                                ;00000002;00588;0032;SUMAR                                                  ;00000002;00588;0023;ESCAÑOS EN BLANCO                                      ;00000001;00294;0001;IZQESP                                                 ;00000000;00000;0002;CEUS                                                   ;00000000;00000;0009;FO                                                     ;00000000;00000;0010;AHORA REPÚBLICAS (ERC-EH BILDU-BNG-ARA MÉS)            ;00000000;00000;0060;JUNTS UE                                               ;00000000;00000;0019;ANDALUCISTAS                                           ;00000000;00000;0020;IE                                                     ;00000000;00000;0021;VOX                                                    ;00000000;00000;0024;CRT                                                    ;00000000;00000;0026;PFAC                                                   ;00000000;00000;0027;PCTE                                                   ;00000000;00000;0029;PCPE/PCPC                                              ;00000000;00000;0039;PACMA                                                  ;00000000;00000;0040;CREE EN EUROPA                                         ;00000000;00000;0041;PMR                                                    ;00000000;00000;0042;AGRUPACIÓN DE ELECTORES "SE ACABÓ LA FIESTA"           ;00000000;00000;0043;F                                                      ;00000000;00000;0072;EXISTE                                                 ;00000000;00000;0046;Cs                                                     ;00000000;00000;0047;FE de las JONS                                         ;00000000;00000;0048;SAE                                                    ;00000000;00000;0049;J.U.E.X.                                               ;00000000;00000;0050;PH                                                     ;00000000;00000;0051;VOLT                                                   ;00000000;00000;0052;RECORTES CERO                                          ;00000000;00000;0063;EXTREMEÑOS                                             ;00000000;00000;0064;GLG                                                    ;00000000;00000;0065;PIRATAS / REBELDES                                     ;00000000;00000;0070;PREPAL                                                 ;00000000;00000;0000;                                                       ;00000000;00000;0000;                                                       ;00000000;00000;0000;                                                       ;00000000;00000;0000;                                                       ;00000000;00000;0000;                                                       ;00000000;00000;0000;                                                       ;00000000;00000;0000;                                                       ;00000000;00000;0000;                                                       ;00000000;00000;0000;                                                       ;00000000;00000;0000;                                                       ;00000000;00000;0000;                                                       ;00000000;00000;0000;                                                       ;00000000;00000;0000;                                                       ;00000000;00000;0000;                                                       ;00000000;00000;0000;                                                       ;00000000;00000;0000;                                                       ;00000000;00000;0000;                                                       ;00000000;00000;0000;                                                       ;00000000;00000;0000;                                                       ;00000000;00000;0000;                                                       ;00000000;00000;0000;                                                       ;00000000;00000;0000;                                                       ;00000000;00000;0000;                                                       ;00000000;00000;0000;                                                       ;00000000;00000;0000;                                                       ;00000000;00000;0000;                                                       ;00000000;00000;0000;                                                       ;00000000;00000;0000;                                                       ;00000000;00000;0000;                                                       ;00000000;00000;0000;                                                       ;00000000;00000;0000;                                                       ;00000000;00000;0000;                                                       ;00000000;00000;0000;                                                       ;00000000;00000;0000;                                                       ;00000000;00000;0000;                                                       ;00000000;00000;0000;                                                       ;00000000;00000;0000;                                                       ;00000000;00000;0000;                                                       ;00000000;00000;0000;                                                       ;00000000;00000;0000;                                                       ;00000000;00000;0000;                                                       ;00000000;00000;0000;                                                       ;00000000;00000;0000;                                                       ;00000000;00000;0000;                                                       ;00000000;00000;0000;                                                       ;00000000;00000;0000;                                                       ;00000000;00000;
2406100033;08;09;9;480;99;Zael                                              ;99;99;00001;00000111;00000111;10000;00000071;06396;00000040;03603;00000003;00428;00000001;00140;0022;PP                                                     ;00000032;04571;0017;PSOE                                                   ;00000017;02428;0021;VOX                                                    ;00000012;01714;0042;AGRUPACIÓN DE ELECTORES "SE ACABÓ LA FIESTA"           ;00000002;00285;0072;EXISTE                                                 ;00000002;00285;0025;PODEMOS                                                ;00000001;00142;0026;PFAC                                                   ;00000001;00142;0001;IZQESP                                                 ;00000000;00000;0002;CEUS                                                   ;00000000;00000;0009;FO                                                     ;00000000;00000;0010;AHORA REPÚBLICAS (ERC-EH BILDU-BNG-ARA MÉS)            ;00000000;00000;0060;JUNTS UE                                               ;00000000;00000;0019;ANDALUCISTAS                                           ;00000000;00000;0020;IE                                                     ;00000000;00000;0023;ESCAÑOS EN BLANCO                                      ;00000000;00000;0024;CRT                                                    ;00000000;00000;0027;PCTE                                                   ;00000000;00000;0029;PCPE/PCPC                                              ;00000000;00000;0032;SUMAR                                                  ;00000000;00000;0039;PACMA                                                  ;00000000;00000;0040;CREE EN EUROPA                                         ;00000000;00000;0041;PMR                                                    ;00000000;00000;0043;F                                                      ;00000000;00000;0046;Cs                                                     ;00000000;00000;0047;FE de las JONS                                         ;00000000;00000;0048;SAE                                                    ;00000000;00000;0049;J.U.E.X.                                               ;00000000;00000;0050;PH                                                     ;00000000;00000;0051;VOLT                                                   ;00000000;00000;0052;RECORTES CERO                                          ;00000000;00000;0063;EXTREMEÑOS                                             ;00000000;00000;0064;GLG                                                    ;00000000;00000;0065;PIRATAS / REBELDES                                     ;00000000;00000;0070;PREPAL                                                 ;00000000;00000;0000;                                                       ;00000000;00000;0000;                                                       ;00000000;00000;0000;                                                       ;00000000;00000;0000;                                                       ;00000000;00000;0000;                                                       ;00000000;00000;0000;                                                       ;00000000;00000;0000;                                                       ;00000000;00000;0000;                                                       ;00000000;00000;0000;                                                       ;00000000;00000;0000;                                                       ;00000000;00000;0000;                                                       ;00000000;00000;0000;                                                       ;00000000;00000;0000;                                                       ;00000000;00000;0000;                                                       ;00000000;00000;0000;                                                       ;00000000;00000;0000;                                                       ;00000000;00000;0000;                                                       ;00000000;00000;0000;                                                       ;00000000;00000;0000;                                                       ;00000000;00000;0000;                                                       ;00000000;00000;0000;                                                       ;00000000;00000;0000;                                                       ;00000000;00000;0000;                                                       ;00000000;00000;0000;                                                       ;00000000;00000;0000;                                                       ;00000000;00000;0000;                                                       ;00000000;00000;0000;                                                       ;00000000;00000;0000;                                                       ;00000000;00000;0000;                                                       ;00000000;00000;0000;                                                       ;00000000;00000;0000;                                                       ;00000000;00000;0000;                                                       ;00000000;00000;0000;                                                       ;00000000;00000;0000;                                                       ;00000000;00000;0000;                                                       ;00000000;00000;0000;                                                       ;00000000;00000;0000;                                                       ;00000000;00000;0000;                                                       ;00000000;00000;0000;                                                       ;00000000;00000;0000;                                                       ;00000000;00000;0000;                                                       ;00000000;00000;0000;                                                       ;00000000;00000;0000;                                                       ;00000000;00000;0000;                                                       ;00000000;00000;0000;                                                       ;00000000;00000;0000;                                                       ;00000000;00000;
2406100033;08;09;9;482;99;Zarzosa de Río Pisuerga                           ;99;99;00001;00000031;00000031;10000;00000020;06451;00000011;03548;00000000;00000;00000001;00500;0022;PP                                                     ;00000010;05263;0021;VOX                                                    ;00000003;01578;0017;PSOE                                                   ;00000002;01052;0042;AGRUPACIÓN DE ELECTORES "SE ACABÓ LA FIESTA"           ;00000002;01052;0046;Cs                                                     ;00000001;00526;0047;FE de las JONS                                         ;00000001;00526;0001;IZQESP                                                 ;00000000;00000;0002;CEUS                                                   ;00000000;00000;0009;FO                                                     ;00000000;00000;0010;AHORA REPÚBLICAS (ERC-EH BILDU-BNG-ARA MÉS)            ;00000000;00000;0060;JUNTS UE                                               ;00000000;00000;0019;ANDALUCISTAS                                           ;00000000;00000;0020;IE                                                     ;00000000;00000;0023;ESCAÑOS EN BLANCO                                      ;00000000;00000;0024;CRT                                                    ;00000000;00000;0025;PODEMOS                                                ;00000000;00000;0026;PFAC                                                   ;00000000;00000;0027;PCTE                                                   ;00000000;00000;0029;PCPE/PCPC                                              ;00000000;00000;0032;SUMAR                                                  ;00000000;00000;0039;PACMA                                                  ;00000000;00000;0040;CREE EN EUROPA                                         ;00000000;00000;0041;PMR                                                    ;00000000;00000;0043;F                                                      ;00000000;00000;0072;EXISTE                                                 ;00000000;00000;0048;SAE                                                    ;00000000;00000;0049;J.U.E.X.                                               ;00000000;00000;0050;PH                                                     ;00000000;00000;0051;VOLT                                                   ;00000000;00000;0052;RECORTES CERO                                          ;00000000;00000;0063;EXTREMEÑOS                                             ;00000000;00000;0064;GLG                                                    ;00000000;00000;0065;PIRATAS / REBELDES                                     ;00000000;00000;0070;PREPAL                                                 ;00000000;00000;0000;                                                       ;00000000;00000;0000;                                                       ;00000000;00000;0000;                                                       ;00000000;00000;0000;                                                       ;00000000;00000;0000;                                                       ;00000000;00000;0000;                                                       ;00000000;00000;0000;                                                       ;00000000;00000;0000;                                                       ;00000000;00000;0000;                                                       ;00000000;00000;0000;                                                       ;00000000;00000;0000;                                                       ;00000000;00000;0000;                                                       ;00000000;00000;0000;                                                       ;00000000;00000;0000;                                                       ;00000000;00000;0000;                                                       ;00000000;00000;0000;                                                       ;00000000;00000;0000;                                                       ;00000000;00000;0000;                                                       ;00000000;00000;0000;                                                       ;00000000;00000;0000;                                                       ;00000000;00000;0000;                                                       ;00000000;00000;0000;                                                       ;00000000;00000;0000;                                                       ;00000000;00000;0000;                                                       ;00000000;00000;0000;                                                       ;00000000;00000;0000;                                                       ;00000000;00000;0000;                                                       ;00000000;00000;0000;                                                       ;00000000;00000;0000;                                                       ;00000000;00000;0000;                                                       ;00000000;00000;0000;                                                       ;00000000;00000;0000;                                                       ;00000000;00000;0000;                                                       ;00000000;00000;0000;                                                       ;00000000;00000;0000;                                                       ;00000000;00000;0000;                                                       ;00000000;00000;0000;                                                       ;00000000;00000;0000;                                                       ;00000000;00000;0000;                                                       ;00000000;00000;0000;                                                       ;00000000;00000;0000;                                                       ;00000000;00000;0000;                                                       ;00000000;00000;0000;                                                       ;00000000;00000;0000;                                                       ;00000000;00000;0000;                                                       ;00000000;00000;0000;                                                       ;00000000;00000;
2406100033;08;09;9;483;99;Zazuar                                            ;99;99;00001;00000184;00000184;10000;00000121;06576;00000063;03423;00000001;00083;00000001;00082;0022;PP                                                     ;00000050;04166;0017;PSOE                                                   ;00000038;03166;0021;VOX                                                    ;00000015;01250;0025;PODEMOS                                                ;00000006;00500;0042;AGRUPACIÓN DE ELECTORES "SE ACABÓ LA FIESTA"           ;00000003;00250;0009;FO                                                     ;00000002;00166;0032;SUMAR                                                  ;00000002;00166;0072;EXISTE                                                 ;00000002;00166;0029;PCPE/PCPC                                              ;00000001;00083;0001;IZQESP                                                 ;00000000;00000;0002;CEUS                                                   ;00000000;00000;0010;AHORA REPÚBLICAS (ERC-EH BILDU-BNG-ARA MÉS)            ;00000000;00000;0060;JUNTS UE                                               ;00000000;00000;0019;ANDALUCISTAS                                           ;00000000;00000;0020;IE                                                     ;00000000;00000;0023;ESCAÑOS EN BLANCO                                      ;00000000;00000;0024;CRT                                                    ;00000000;00000;0026;PFAC                                                   ;00000000;00000;0027;PCTE                                                   ;00000000;00000;0039;PACMA                                                  ;00000000;00000;0040;CREE EN EUROPA                                         ;00000000;00000;0041;PMR                                                    ;00000000;00000;0043;F                                                      ;00000000;00000;0046;Cs                                                     ;00000000;00000;0047;FE de las JONS                                         ;00000000;00000;0048;SAE                                                    ;00000000;00000;0049;J.U.E.X.                                               ;00000000;00000;0050;PH                                                     ;00000000;00000;0051;VOLT                                                   ;00000000;00000;0052;RECORTES CERO                                          ;00000000;00000;0063;EXTREMEÑOS                                             ;00000000;00000;0064;GLG                                                    ;00000000;00000;0065;PIRATAS / REBELDES                                     ;00000000;00000;0070;PREPAL                                                 ;00000000;00000;0000;                                                       ;00000000;00000;0000;                                                       ;00000000;00000;0000;                                                       ;00000000;00000;0000;                                                       ;00000000;00000;0000;                                                       ;00000000;00000;0000;                                                       ;00000000;00000;0000;                                                       ;00000000;00000;0000;                                                       ;00000000;00000;0000;                                                       ;00000000;00000;0000;                                                       ;00000000;00000;0000;                                                       ;00000000;00000;0000;                                                       ;00000000;00000;0000;                                                       ;00000000;00000;0000;                                                       ;00000000;00000;0000;                                                       ;00000000;00000;0000;                                                       ;00000000;00000;0000;                                                       ;00000000;00000;0000;                                                       ;00000000;00000;0000;                                                       ;00000000;00000;0000;                                                       ;00000000;00000;0000;                                                       ;00000000;00000;0000;                                                       ;00000000;00000;0000;                                                       ;00000000;00000;0000;                                                       ;00000000;00000;0000;                                                       ;00000000;00000;0000;                                                       ;00000000;00000;0000;                                                       ;00000000;00000;0000;                                                       ;00000000;00000;0000;                                                       ;00000000;00000;0000;                                                       ;00000000;00000;0000;                                                       ;00000000;00000;0000;                                                       ;00000000;00000;0000;                                                       ;00000000;00000;0000;                                                       ;00000000;00000;0000;                                                       ;00000000;00000;0000;                                                       ;00000000;00000;0000;                                                       ;00000000;00000;0000;                                                       ;00000000;00000;0000;                                                       ;00000000;00000;0000;                                                       ;00000000;00000;0000;                                                       ;00000000;00000;0000;                                                       ;00000000;00000;0000;                                                       ;00000000;00000;0000;                                                       ;00000000;00000;0000;                                                       ;00000000;00000;0000;                                                       ;00000000;00000;
2406100033;08;09;9;485;99;Zuñeda                                            ;99;99;00001;00000056;00000056;10000;00000044;07857;00000012;02142;00000001;00227;00000000;00000;0022;PP                                                     ;00000027;06136;0021;VOX                                                    ;00000008;01818;0042;AGRUPACIÓN DE ELECTORES "SE ACABÓ LA FIESTA"           ;00000004;00909;0017;PSOE                                                   ;00000003;00681;0025;PODEMOS                                                ;00000001;00227;0001;IZQESP                                                 ;00000000;00000;0002;CEUS                                                   ;00000000;00000;0009;FO                                                     ;00000000;00000;0010;AHORA REPÚBLICAS (ERC-EH BILDU-BNG-ARA MÉS)            ;00000000;00000;0060;JUNTS UE                                               ;00000000;00000;0019;ANDALUCISTAS                                           ;00000000;00000;0020;IE                                                     ;00000000;00000;0023;ESCAÑOS EN BLANCO                                      ;00000000;00000;0024;CRT                                                    ;00000000;00000;0026;PFAC                                                   ;00000000;00000;0027;PCTE                                                   ;00000000;00000;0029;PCPE/PCPC                                              ;00000000;00000;0032;SUMAR                                                  ;00000000;00000;0039;PACMA                                                  ;00000000;00000;0040;CREE EN EUROPA                                         ;00000000;00000;0041;PMR                                                    ;00000000;00000;0043;F                                                      ;00000000;00000;0072;EXISTE                                                 ;00000000;00000;0046;Cs                                                     ;00000000;00000;0047;FE de las JONS                                         ;00000000;00000;0048;SAE                                                    ;00000000;00000;0049;J.U.E.X.                                               ;00000000;00000;0050;PH                                                     ;00000000;00000;0051;VOLT                                                   ;00000000;00000;0052;RECORTES CERO                                          ;00000000;00000;0063;EXTREMEÑOS                                             ;00000000;00000;0064;GLG                                                    ;00000000;00000;0065;PIRATAS / REBELDES                                     ;00000000;00000;0070;PREPAL                                                 ;00000000;00000;0000;                                                       ;00000000;00000;0000;                                                       ;00000000;00000;0000;                                                       ;00000000;00000;0000;                                                       ;00000000;00000;0000;                                                       ;00000000;00000;0000;                                                       ;00000000;00000;0000;                                                       ;00000000;00000;0000;                                                       ;00000000;00000;0000;                                                       ;00000000;00000;0000;                                                       ;00000000;00000;0000;                                                       ;00000000;00000;0000;                                                       ;00000000;00000;0000;                                                       ;00000000;00000;0000;                                                       ;00000000;00000;0000;                                                       ;00000000;00000;0000;                                                       ;00000000;00000;0000;                                                       ;00000000;00000;0000;                                                       ;00000000;00000;0000;                                                       ;00000000;00000;0000;                                                       ;00000000;00000;0000;                                                       ;00000000;00000;0000;                                                       ;00000000;00000;0000;                                                       ;00000000;00000;0000;                                                       ;00000000;00000;0000;                                                       ;00000000;00000;0000;                                                       ;00000000;00000;0000;                                                       ;00000000;00000;0000;                                                       ;00000000;00000;0000;                                                       ;00000000;00000;0000;                                                       ;00000000;00000;0000;                                                       ;00000000;00000;0000;                                                       ;00000000;00000;0000;                                                       ;00000000;00000;0000;                                                       ;00000000;00000;0000;                                                       ;00000000;00000;0000;                                                       ;00000000;00000;0000;                                                       ;00000000;00000;0000;                                                       ;00000000;00000;0000;                                                       ;00000000;00000;0000;                                                       ;00000000;00000;0000;                                                       ;00000000;00000;0000;                                                       ;00000000;00000;0000;                                                       ;00000000;00000;0000;                                                       ;00000000;00000;0000;                                                       ;00000000;00000;0000;                                                       ;00000000;00000;
2406100033;08;09;9;901;99;Quintanilla del Agua y Tordueles                  ;99;99;00001;00000301;00000301;10000;00000172;05714;00000129;04285;00000003;00175;00000001;00058;0022;PP                                                     ;00000094;05497;0017;PSOE                                                   ;00000048;02807;0021;VOX                                                    ;00000006;00350;0046;Cs                                                     ;00000004;00233;0025;PODEMOS                                                ;00000003;00175;0039;PACMA                                                  ;00000003;00175;0032;SUMAR                                                  ;00000002;00116;0002;CEUS                                                   ;00000001;00058;0020;IE                                                     ;00000001;00058;0027;PCTE                                                   ;00000001;00058;0029;PCPE/PCPC                                              ;00000001;00058;0042;AGRUPACIÓN DE ELECTORES "SE ACABÓ LA FIESTA"           ;00000001;00058;0043;F                                                      ;00000001;00058;0072;EXISTE                                                 ;00000001;00058;0052;RECORTES CERO                                          ;00000001;00058;0001;IZQESP                                                 ;00000000;00000;0009;FO                                                     ;00000000;00000;0010;AHORA REPÚBLICAS (ERC-EH BILDU-BNG-ARA MÉS)            ;00000000;00000;0060;JUNTS UE                                               ;00000000;00000;0019;ANDALUCISTAS                                           ;00000000;00000;0023;ESCAÑOS EN BLANCO                                      ;00000000;00000;0024;CRT                                                    ;00000000;00000;0026;PFAC                                                   ;00000000;00000;0040;CREE EN EUROPA                                         ;00000000;00000;0041;PMR                                                    ;00000000;00000;0047;FE de las JONS                                         ;00000000;00000;0048;SAE                                                    ;00000000;00000;0049;J.U.E.X.                                               ;00000000;00000;0050;PH                                                     ;00000000;00000;0051;VOLT                                                   ;00000000;00000;0063;EXTREMEÑOS                                             ;00000000;00000;0064;GLG                                                    ;00000000;00000;0065;PIRATAS / REBELDES                                     ;00000000;00000;0070;PREPAL                                                 ;00000000;00000;0000;                                                       ;00000000;00000;0000;                                                       ;00000000;00000;0000;                                                       ;00000000;00000;0000;                                                       ;00000000;00000;0000;                                                       ;00000000;00000;0000;                                                       ;00000000;00000;0000;                                                       ;00000000;00000;0000;                                                       ;00000000;00000;0000;                                                       ;00000000;00000;0000;                                                       ;00000000;00000;0000;                                                       ;00000000;00000;0000;                                                       ;00000000;00000;0000;                                                       ;00000000;00000;0000;                                                       ;00000000;00000;0000;                                                       ;00000000;00000;0000;                                                       ;00000000;00000;0000;                                                       ;00000000;00000;0000;                                                       ;00000000;00000;0000;                                                       ;00000000;00000;0000;                                                       ;00000000;00000;0000;                                                       ;00000000;00000;0000;                                                       ;00000000;00000;0000;                                                       ;00000000;00000;0000;                                                       ;00000000;00000;0000;                                                       ;00000000;00000;0000;                                                       ;00000000;00000;0000;                                                       ;00000000;00000;0000;                                                       ;00000000;00000;0000;                                                       ;00000000;00000;0000;                                                       ;00000000;00000;0000;                                                       ;00000000;00000;0000;                                                       ;00000000;00000;0000;                                                       ;00000000;00000;0000;                                                       ;00000000;00000;0000;                                                       ;00000000;00000;0000;                                                       ;00000000;00000;0000;                                                       ;00000000;00000;0000;                                                       ;00000000;00000;0000;                                                       ;00000000;00000;0000;                                                       ;00000000;00000;0000;                                                       ;00000000;00000;0000;                                                       ;00000000;00000;0000;                                                       ;00000000;00000;0000;                                                       ;00000000;00000;0000;                                                       ;00000000;00000;0000;                                                       ;00000000;00000;
2406100033;08;09;9;902;99;Valle de Santibáñez                               ;99;99;00001;00000437;00000437;10000;00000262;05995;00000175;04004;00000002;00076;00000001;00038;0022;PP                                                     ;00000099;03793;0017;PSOE                                                   ;00000072;02758;0021;VOX                                                    ;00000035;01340;0042;AGRUPACIÓN DE ELECTORES "SE ACABÓ LA FIESTA"           ;00000014;00536;0025;PODEMOS                                                ;00000009;00344;0032;SUMAR                                                  ;00000006;00229;0046;Cs                                                     ;00000004;00153;0048;SAE                                                    ;00000004;00153;0009;FO                                                     ;00000003;00114;0072;EXISTE                                                 ;00000003;00114;0023;ESCAÑOS EN BLANCO                                      ;00000002;00076;0026;PFAC                                                   ;00000002;00076;0029;PCPE/PCPC                                              ;00000002;00076;0039;PACMA                                                  ;00000002;00076;0064;GLG                                                    ;00000001;00038;0065;PIRATAS / REBELDES                                     ;00000001;00038;0001;IZQESP                                                 ;00000000;00000;0002;CEUS                                                   ;00000000;00000;0010;AHORA REPÚBLICAS (ERC-EH BILDU-BNG-ARA MÉS)            ;00000000;00000;0060;JUNTS UE                                               ;00000000;00000;0019;ANDALUCISTAS                                           ;00000000;00000;0020;IE                                                     ;00000000;00000;0024;CRT                                                    ;00000000;00000;0027;PCTE                                                   ;00000000;00000;0040;CREE EN EUROPA                                         ;00000000;00000;0041;PMR                                                    ;00000000;00000;0043;F                                                      ;00000000;00000;0047;FE de las JONS                                         ;00000000;00000;0049;J.U.E.X.                                               ;00000000;00000;0050;PH                                                     ;00000000;00000;0051;VOLT                                                   ;00000000;00000;0052;RECORTES CERO                                          ;00000000;00000;0063;EXTREMEÑOS                                             ;00000000;00000;0070;PREPAL                                                 ;00000000;00000;0000;                                                       ;00000000;00000;0000;                                                       ;00000000;00000;0000;                                                       ;00000000;00000;0000;                                                       ;00000000;00000;0000;                                                       ;00000000;00000;0000;                                                       ;00000000;00000;0000;                                                       ;00000000;00000;0000;                                                       ;00000000;00000;0000;                                                       ;00000000;00000;0000;                                                       ;00000000;00000;0000;                                                       ;00000000;00000;0000;                                                       ;00000000;00000;0000;                                                       ;00000000;00000;0000;                                                       ;00000000;00000;0000;                                                       ;00000000;00000;0000;                                                       ;00000000;00000;0000;                                                       ;00000000;00000;0000;                                                       ;00000000;00000;0000;                                                       ;00000000;00000;0000;                                                       ;00000000;00000;0000;                                                       ;00000000;00000;0000;                                                       ;00000000;00000;0000;                                                       ;00000000;00000;0000;                                                       ;00000000;00000;0000;                                                       ;00000000;00000;0000;                                                       ;00000000;00000;0000;                                                       ;00000000;00000;0000;                                                       ;00000000;00000;0000;                                                       ;00000000;00000;0000;                                                       ;00000000;00000;0000;                                                       ;00000000;00000;0000;                                                       ;00000000;00000;0000;                                                       ;00000000;00000;0000;                                                       ;00000000;00000;0000;                                                       ;00000000;00000;0000;                                                       ;00000000;00000;0000;                                                       ;00000000;00000;0000;                                                       ;00000000;00000;0000;                                                       ;00000000;00000;0000;                                                       ;00000000;00000;0000;                                                       ;00000000;00000;0000;                                                       ;00000000;00000;0000;                                                       ;00000000;00000;0000;                                                       ;00000000;00000;0000;                                                       ;00000000;00000;0000;                                                       ;00000000;00000;
2406100033;08;09;9;903;99;Villarcayo de Merindad de Castilla la Vieja       ;99;99;00006;00003094;00003094;10000;00001560;05042;00001534;04957;00000013;00083;00000011;00070;0022;PP                                                     ;00000704;04544;0017;PSOE                                                   ;00000476;03072;0021;VOX                                                    ;00000175;01129;0042;AGRUPACIÓN DE ELECTORES "SE ACABÓ LA FIESTA"           ;00000067;00432;0025;PODEMOS                                                ;00000039;00251;0032;SUMAR                                                  ;00000032;00206;0046;Cs                                                     ;00000011;00071;0039;PACMA                                                  ;00000008;00051;0010;AHORA REPÚBLICAS (ERC-EH BILDU-BNG-ARA MÉS)            ;00000004;00025;0072;EXISTE                                                 ;00000004;00025;0009;FO                                                     ;00000002;00012;0051;VOLT                                                   ;00000002;00012;0052;RECORTES CERO                                          ;00000002;00012;0001;IZQESP                                                 ;00000001;00006;0023;ESCAÑOS EN BLANCO                                      ;00000001;00006;0027;PCTE                                                   ;00000001;00006;0041;PMR                                                    ;00000001;00006;0043;F                                                      ;00000001;00006;0048;SAE                                                    ;00000001;00006;0049;J.U.E.X.                                               ;00000001;00006;0050;PH                                                     ;00000001;00006;0063;EXTREMEÑOS                                             ;00000001;00006;0064;GLG                                                    ;00000001;00006;0002;CEUS                                                   ;00000000;00000;0060;JUNTS UE                                               ;00000000;00000;0019;ANDALUCISTAS                                           ;00000000;00000;0020;IE                                                     ;00000000;00000;0024;CRT                                                    ;00000000;00000;0026;PFAC                                                   ;00000000;00000;0029;PCPE/PCPC                                              ;00000000;00000;0040;CREE EN EUROPA                                         ;00000000;00000;0047;FE de las JONS                                         ;00000000;00000;0065;PIRATAS / REBELDES                                     ;00000000;00000;0070;PREPAL                                                 ;00000000;00000;0000;                                                       ;00000000;00000;0000;                                                       ;00000000;00000;0000;                                                       ;00000000;00000;0000;                                                       ;00000000;00000;0000;                                                       ;00000000;00000;0000;                                                       ;00000000;00000;0000;                                                       ;00000000;00000;0000;                                                       ;00000000;00000;0000;                                                       ;00000000;00000;0000;                                                       ;00000000;00000;0000;                                                       ;00000000;00000;0000;                                                       ;00000000;00000;0000;                                                       ;00000000;00000;0000;                                                       ;00000000;00000;0000;                                                       ;00000000;00000;0000;                                                       ;00000000;00000;0000;                                                       ;00000000;00000;0000;                                                       ;00000000;00000;0000;                                                       ;00000000;00000;0000;                                                       ;00000000;00000;0000;                                                       ;00000000;00000;0000;                                                       ;00000000;00000;0000;                                                       ;00000000;00000;0000;                                                       ;00000000;00000;0000;                                                       ;00000000;00000;0000;                                                       ;00000000;00000;0000;                                                       ;00000000;00000;0000;                                                       ;00000000;00000;0000;                                                       ;00000000;00000;0000;                                                       ;00000000;00000;0000;                                                       ;00000000;00000;0000;                                                       ;00000000;00000;0000;                                                       ;00000000;00000;0000;                                                       ;00000000;00000;0000;                                                       ;00000000;00000;0000;                                                       ;00000000;00000;0000;                                                       ;00000000;00000;0000;                                                       ;00000000;00000;0000;                                                       ;00000000;00000;0000;                                                       ;00000000;00000;0000;                                                       ;00000000;00000;0000;                                                       ;00000000;00000;0000;                                                       ;00000000;00000;0000;                                                       ;00000000;00000;0000;                                                       ;00000000;00000;0000;                                                       ;00000000;00000;
2406100033;08;09;9;904;99;Valle de las Navas                                ;99;99;00001;00000484;00000484;10000;00000289;05971;00000195;04028;00000001;00035;00000004;00138;0022;PP                                                     ;00000130;04561;0017;PSOE                                                   ;00000081;02842;0021;VOX                                                    ;00000041;01438;0042;AGRUPACIÓN DE ELECTORES "SE ACABÓ LA FIESTA"           ;00000009;00315;0009;FO                                                     ;00000005;00175;0048;SAE                                                    ;00000004;00140;0025;PODEMOS                                                ;00000003;00105;0072;EXISTE                                                 ;00000003;00105;0032;SUMAR                                                  ;00000002;00070;0001;IZQESP                                                 ;00000001;00035;0010;AHORA REPÚBLICAS (ERC-EH BILDU-BNG-ARA MÉS)            ;00000001;00035;0040;CREE EN EUROPA                                         ;00000001;00035;0043;F                                                      ;00000001;00035;0051;VOLT                                                   ;00000001;00035;0065;PIRATAS / REBELDES                                     ;00000001;00035;0002;CEUS                                                   ;00000000;00000;0060;JUNTS UE                                               ;00000000;00000;0019;ANDALUCISTAS                                           ;00000000;00000;0020;IE                                                     ;00000000;00000;0023;ESCAÑOS EN BLANCO                                      ;00000000;00000;0024;CRT                                                    ;00000000;00000;0026;PFAC                                                   ;00000000;00000;0027;PCTE                                                   ;00000000;00000;0029;PCPE/PCPC                                              ;00000000;00000;0039;PACMA                                                  ;00000000;00000;0041;PMR                                                    ;00000000;00000;0046;Cs                                                     ;00000000;00000;0047;FE de las JONS                                         ;00000000;00000;0049;J.U.E.X.                                               ;00000000;00000;0050;PH                                                     ;00000000;00000;0052;RECORTES CERO                                          ;00000000;00000;0063;EXTREMEÑOS                                             ;00000000;00000;0064;GLG                                                    ;00000000;00000;0070;PREPAL                                                 ;00000000;00000;0000;                                                       ;00000000;00000;0000;                                                       ;00000000;00000;0000;                                                       ;00000000;00000;0000;                                                       ;00000000;00000;0000;                                                       ;00000000;00000;0000;                                                       ;00000000;00000;0000;                                                       ;00000000;00000;0000;                                                       ;00000000;00000;0000;                                                       ;00000000;00000;0000;                                                       ;00000000;00000;0000;                                                       ;00000000;00000;0000;                                                       ;00000000;00000;0000;                                                       ;00000000;00000;0000;                                                       ;00000000;00000;0000;                                                       ;00000000;00000;0000;                                                       ;00000000;00000;0000;                                                       ;00000000;00000;0000;                                                       ;00000000;00000;0000;                                                       ;00000000;00000;0000;                                                       ;00000000;00000;0000;                                                       ;00000000;00000;0000;                                                       ;00000000;00000;0000;                                                       ;00000000;00000;0000;                                                       ;00000000;00000;0000;                                                       ;00000000;00000;0000;                                                       ;00000000;00000;0000;                                                       ;00000000;00000;0000;                                                       ;00000000;00000;0000;                                                       ;00000000;00000;0000;                                                       ;00000000;00000;0000;                                                       ;00000000;00000;0000;                                                       ;00000000;00000;0000;                                                       ;00000000;00000;0000;                                                       ;00000000;00000;0000;                                                       ;00000000;00000;0000;                                                       ;00000000;00000;0000;                                                       ;00000000;00000;0000;                                                       ;00000000;00000;0000;                                                       ;00000000;00000;0000;                                                       ;00000000;00000;0000;                                                       ;00000000;00000;0000;                                                       ;00000000;00000;0000;                                                       ;00000000;00000;0000;                                                       ;00000000;00000;0000;                                                       ;00000000;00000;0000;                                                       ;00000000;00000;
2406100033;08;09;9;905;99;Valle de Sedano                                   ;99;99;00001;00000370;00000370;10000;00000228;06162;00000142;03837;00000003;00132;00000002;00087;0017;PSOE                                                   ;00000077;03407;0022;PP                                                     ;00000072;03185;0021;VOX                                                    ;00000023;01017;0025;PODEMOS                                                ;00000015;00663;0032;SUMAR                                                  ;00000010;00442;0042;AGRUPACIÓN DE ELECTORES "SE ACABÓ LA FIESTA"           ;00000010;00442;0010;AHORA REPÚBLICAS (ERC-EH BILDU-BNG-ARA MÉS)            ;00000003;00132;0001;IZQESP                                                 ;00000002;00088;0009;FO                                                     ;00000002;00088;0046;Cs                                                     ;00000002;00088;0060;JUNTS UE                                               ;00000001;00044;0023;ESCAÑOS EN BLANCO                                      ;00000001;00044;0039;PACMA                                                  ;00000001;00044;0043;F                                                      ;00000001;00044;0072;EXISTE                                                 ;00000001;00044;0048;SAE                                                    ;00000001;00044;0065;PIRATAS / REBELDES                                     ;00000001;00044;0002;CEUS                                                   ;00000000;00000;0019;ANDALUCISTAS                                           ;00000000;00000;0020;IE                                                     ;00000000;00000;0024;CRT                                                    ;00000000;00000;0026;PFAC                                                   ;00000000;00000;0027;PCTE                                                   ;00000000;00000;0029;PCPE/PCPC                                              ;00000000;00000;0040;CREE EN EUROPA                                         ;00000000;00000;0041;PMR                                                    ;00000000;00000;0047;FE de las JONS                                         ;00000000;00000;0049;J.U.E.X.                                               ;00000000;00000;0050;PH                                                     ;00000000;00000;0051;VOLT                                                   ;00000000;00000;0052;RECORTES CERO                                          ;00000000;00000;0063;EXTREMEÑOS                                             ;00000000;00000;0064;GLG                                                    ;00000000;00000;0070;PREPAL                                                 ;00000000;00000;0000;                                                       ;00000000;00000;0000;                                                       ;00000000;00000;0000;                                                       ;00000000;00000;0000;                                                       ;00000000;00000;0000;                                                       ;00000000;00000;0000;                                                       ;00000000;00000;0000;                                                       ;00000000;00000;0000;                                                       ;00000000;00000;0000;                                                       ;00000000;00000;0000;                                                       ;00000000;00000;0000;                                                       ;00000000;00000;0000;                                                       ;00000000;00000;0000;                                                       ;00000000;00000;0000;                                                       ;00000000;00000;0000;                                                       ;00000000;00000;0000;                                                       ;00000000;00000;0000;                                                       ;00000000;00000;0000;                                                       ;00000000;00000;0000;                                                       ;00000000;00000;0000;                                                       ;00000000;00000;0000;                                                       ;00000000;00000;0000;                                                       ;00000000;00000;0000;                                                       ;00000000;00000;0000;                                                       ;00000000;00000;0000;                                                       ;00000000;00000;0000;                                                       ;00000000;00000;0000;                                                       ;00000000;00000;0000;                                                       ;00000000;00000;0000;                                                       ;00000000;00000;0000;                                                       ;00000000;00000;0000;                                                       ;00000000;00000;0000;                                                       ;00000000;00000;0000;                                                       ;00000000;00000;0000;                                                       ;00000000;00000;0000;                                                       ;00000000;00000;0000;                                                       ;00000000;00000;0000;                                                       ;00000000;00000;0000;                                                       ;00000000;00000;0000;                                                       ;00000000;00000;0000;                                                       ;00000000;00000;0000;                                                       ;00000000;00000;0000;                                                       ;00000000;00000;0000;                                                       ;00000000;00000;0000;                                                       ;00000000;00000;0000;                                                       ;00000000;00000;0000;                                                       ;00000000;00000;
2406100033;08;09;9;906;99;Merindad de Río Ubierna                           ;99;99;00002;00001176;00001176;10000;00000712;06054;00000464;03945;00000005;00070;00000005;00070;0022;PP                                                     ;00000346;04893;0017;PSOE                                                   ;00000148;02093;0021;VOX                                                    ;00000094;01329;0042;AGRUPACIÓN DE ELECTORES "SE ACABÓ LA FIESTA"           ;00000039;00551;0032;SUMAR                                                  ;00000022;00311;0025;PODEMOS                                                ;00000015;00212;0009;FO                                                     ;00000011;00155;0046;Cs                                                     ;00000008;00113;0039;PACMA                                                  ;00000004;00056;0027;PCTE                                                   ;00000002;00028;0041;PMR                                                    ;00000002;00028;0072;EXISTE                                                 ;00000002;00028;0001;IZQESP                                                 ;00000001;00014;0010;AHORA REPÚBLICAS (ERC-EH BILDU-BNG-ARA MÉS)            ;00000001;00014;0023;ESCAÑOS EN BLANCO                                      ;00000001;00014;0029;PCPE/PCPC                                              ;00000001;00014;0040;CREE EN EUROPA                                         ;00000001;00014;0048;SAE                                                    ;00000001;00014;0050;PH                                                     ;00000001;00014;0051;VOLT                                                   ;00000001;00014;0065;PIRATAS / REBELDES                                     ;00000001;00014;0002;CEUS                                                   ;00000000;00000;0060;JUNTS UE                                               ;00000000;00000;0019;ANDALUCISTAS                                           ;00000000;00000;0020;IE                                                     ;00000000;00000;0024;CRT                                                    ;00000000;00000;0026;PFAC                                                   ;00000000;00000;0043;F                                                      ;00000000;00000;0047;FE de las JONS                                         ;00000000;00000;0049;J.U.E.X.                                               ;00000000;00000;0052;RECORTES CERO                                          ;00000000;00000;0063;EXTREMEÑOS                                             ;00000000;00000;0064;GLG                                                    ;00000000;00000;0070;PREPAL                                                 ;00000000;00000;0000;                                                       ;00000000;00000;0000;                                                       ;00000000;00000;0000;                                                       ;00000000;00000;0000;                                                       ;00000000;00000;0000;                                                       ;00000000;00000;0000;                                                       ;00000000;00000;0000;                                                       ;00000000;00000;0000;                                                       ;00000000;00000;0000;                                                       ;00000000;00000;0000;                                                       ;00000000;00000;0000;                                                       ;00000000;00000;0000;                                                       ;00000000;00000;0000;                                                       ;00000000;00000;0000;                                                       ;00000000;00000;0000;                                                       ;00000000;00000;0000;                                                       ;00000000;00000;0000;                                                       ;00000000;00000;0000;                                                       ;00000000;00000;0000;                                                       ;00000000;00000;0000;                                                       ;00000000;00000;0000;                                                       ;00000000;00000;0000;                                                       ;00000000;00000;0000;                                                       ;00000000;00000;0000;                                                       ;00000000;00000;0000;                                                       ;00000000;00000;0000;                                                       ;00000000;00000;0000;                                                       ;00000000;00000;0000;                                                       ;00000000;00000;0000;                                                       ;00000000;00000;0000;                                                       ;00000000;00000;0000;                                                       ;00000000;00000;0000;                                                       ;00000000;00000;0000;                                                       ;00000000;00000;0000;                                                       ;00000000;00000;0000;                                                       ;00000000;00000;0000;                                                       ;00000000;00000;0000;                                                       ;00000000;00000;0000;                                                       ;00000000;00000;0000;                                                       ;00000000;00000;0000;                                                       ;00000000;00000;0000;                                                       ;00000000;00000;0000;                                                       ;00000000;00000;0000;                                                       ;00000000;00000;0000;                                                       ;00000000;00000;0000;                                                       ;00000000;00000;0000;                                                       ;00000000;00000;
2406100033;08;09;9;907;99;Alfoz de Quintanadueñas                           ;99;99;00002;00001595;00001595;10000;00000826;05178;00000769;04821;00000006;00072;00000003;00036;0022;PP                                                     ;00000285;03462;0017;PSOE                                                   ;00000252;03061;0021;VOX                                                    ;00000118;01433;0042;AGRUPACIÓN DE ELECTORES "SE ACABÓ LA FIESTA"           ;00000043;00522;0032;SUMAR                                                  ;00000038;00461;0025;PODEMOS                                                ;00000022;00267;0039;PACMA                                                  ;00000011;00133;0009;FO                                                     ;00000010;00121;0072;EXISTE                                                 ;00000007;00085;0001;IZQESP                                                 ;00000005;00060;0046;Cs                                                     ;00000004;00048;0048;SAE                                                    ;00000004;00048;0040;CREE EN EUROPA                                         ;00000003;00036;0010;AHORA REPÚBLICAS (ERC-EH BILDU-BNG-ARA MÉS)            ;00000002;00024;0020;IE                                                     ;00000002;00024;0023;ESCAÑOS EN BLANCO                                      ;00000002;00024;0029;PCPE/PCPC                                              ;00000002;00024;0065;PIRATAS / REBELDES                                     ;00000002;00024;0002;CEUS                                                   ;00000001;00012;0026;PFAC                                                   ;00000001;00012;0041;PMR                                                    ;00000001;00012;0051;VOLT                                                   ;00000001;00012;0052;RECORTES CERO                                          ;00000001;00012;0060;JUNTS UE                                               ;00000000;00000;0019;ANDALUCISTAS                                           ;00000000;00000;0024;CRT                                                    ;00000000;00000;0027;PCTE                                                   ;00000000;00000;0043;F                                                      ;00000000;00000;0047;FE de las JONS                                         ;00000000;00000;0049;J.U.E.X.                                               ;00000000;00000;0050;PH                                                     ;00000000;00000;0063;EXTREMEÑOS                                             ;00000000;00000;0064;GLG                                                    ;00000000;00000;0070;PREPAL                                                 ;00000000;00000;0000;                                                       ;00000000;00000;0000;                                                       ;00000000;00000;0000;                                                       ;00000000;00000;0000;                                                       ;00000000;00000;0000;                                                       ;00000000;00000;0000;                                                       ;00000000;00000;0000;                                                       ;00000000;00000;0000;                                                       ;00000000;00000;0000;                                                       ;00000000;00000;0000;                                                       ;00000000;00000;0000;                                                       ;00000000;00000;0000;                                                       ;00000000;00000;0000;                                                       ;00000000;00000;0000;                                                       ;00000000;00000;0000;                                                       ;00000000;00000;0000;                                                       ;00000000;00000;0000;                                                       ;00000000;00000;0000;                                                       ;00000000;00000;0000;                                                       ;00000000;00000;0000;                                                       ;00000000;00000;0000;                                                       ;00000000;00000;0000;                                                       ;00000000;00000;0000;                                                       ;00000000;00000;0000;                                                       ;00000000;00000;0000;                                                       ;00000000;00000;0000;                                                       ;00000000;00000;0000;                                                       ;00000000;00000;0000;                                                       ;00000000;00000;0000;                                                       ;00000000;00000;0000;                                                       ;00000000;00000;0000;                                                       ;00000000;00000;0000;                                                       ;00000000;00000;0000;                                                       ;00000000;00000;0000;                                                       ;00000000;00000;0000;                                                       ;00000000;00000;0000;                                                       ;00000000;00000;0000;                                                       ;00000000;00000;0000;                                                       ;00000000;00000;0000;                                                       ;00000000;00000;0000;                                                       ;00000000;00000;0000;                                                       ;00000000;00000;0000;                                                       ;00000000;00000;0000;                                                       ;00000000;00000;0000;                                                       ;00000000;00000;0000;                                                       ;00000000;00000;0000;                                                       ;00000000;00000;
2406100033;08;09;9;908;99;Valle de Losa                                     ;99;99;00001;00000438;00000438;10000;00000212;04840;00000226;05159;00000002;00094;00000000;00000;0022;PP                                                     ;00000084;03962;0017;PSOE                                                   ;00000058;02735;0021;VOX                                                    ;00000025;01179;0042;AGRUPACIÓN DE ELECTORES "SE ACABÓ LA FIESTA"           ;00000018;00849;0025;PODEMOS                                                ;00000007;00330;0032;SUMAR                                                  ;00000007;00330;0010;AHORA REPÚBLICAS (ERC-EH BILDU-BNG-ARA MÉS)            ;00000005;00235;0002;CEUS                                                   ;00000002;00094;0019;ANDALUCISTAS                                           ;00000001;00047;0029;PCPE/PCPC                                              ;00000001;00047;0046;Cs                                                     ;00000001;00047;0070;PREPAL                                                 ;00000001;00047;0001;IZQESP                                                 ;00000000;00000;0009;FO                                                     ;00000000;00000;0060;JUNTS UE                                               ;00000000;00000;0020;IE                                                     ;00000000;00000;0023;ESCAÑOS EN BLANCO                                      ;00000000;00000;0024;CRT                                                    ;00000000;00000;0026;PFAC                                                   ;00000000;00000;0027;PCTE                                                   ;00000000;00000;0039;PACMA                                                  ;00000000;00000;0040;CREE EN EUROPA                                         ;00000000;00000;0041;PMR                                                    ;00000000;00000;0043;F                                                      ;00000000;00000;0072;EXISTE                                                 ;00000000;00000;0047;FE de las JONS                                         ;00000000;00000;0048;SAE                                                    ;00000000;00000;0049;J.U.E.X.                                               ;00000000;00000;0050;PH                                                     ;00000000;00000;0051;VOLT                                                   ;00000000;00000;0052;RECORTES CERO                                          ;00000000;00000;0063;EXTREMEÑOS                                             ;00000000;00000;0064;GLG                                                    ;00000000;00000;0065;PIRATAS / REBELDES                                     ;00000000;00000;0000;                                                       ;00000000;00000;0000;                                                       ;00000000;00000;0000;                                                       ;00000000;00000;0000;                                                       ;00000000;00000;0000;                                                       ;00000000;00000;0000;                                                       ;00000000;00000;0000;                                                       ;00000000;00000;0000;                                                       ;00000000;00000;0000;                                                       ;00000000;00000;0000;                                                       ;00000000;00000;0000;                                                       ;00000000;00000;0000;                                                       ;00000000;00000;0000;                                                       ;00000000;00000;0000;                                                       ;00000000;00000;0000;                                                       ;00000000;00000;0000;                                                       ;00000000;00000;0000;                                                       ;00000000;00000;0000;                                                       ;00000000;00000;0000;                                                       ;00000000;00000;0000;                                                       ;00000000;00000;0000;                                                       ;00000000;00000;0000;                                                       ;00000000;00000;0000;                                                       ;00000000;00000;0000;                                                       ;00000000;00000;0000;                                                       ;00000000;00000;0000;                                                       ;00000000;00000;0000;                                                       ;00000000;00000;0000;                                                       ;00000000;00000;0000;                                                       ;00000000;00000;0000;                                                       ;00000000;00000;0000;                                                       ;00000000;00000;0000;                                                       ;00000000;00000;0000;                                                       ;00000000;00000;0000;                                                       ;00000000;00000;0000;                                                       ;00000000;00000;0000;                                                       ;00000000;00000;0000;                                                       ;00000000;00000;0000;                                                       ;00000000;00000;0000;                                                       ;00000000;00000;0000;                                                       ;00000000;00000;0000;                                                       ;00000000;00000;0000;                                                       ;00000000;00000;0000;                                                       ;00000000;00000;0000;                                                       ;00000000;00000;0000;                                                       ;00000000;00000;0000;                                                       ;00000000;00000;
