2406091942;07;45;9;001;99;Ajofrín                                           ;99;99;00003;00003;00000;00001850;00001850;00000000;00003;00001850;02464;00003;00001850;03643;
2406091942;07;45;9;002;99;Alameda de la Sagra                               ;99;99;00004;00004;00000;00002887;00002887;00000000;00004;00002887;02563;00004;00002887;03283;
2406091942;07;45;9;003;99;Albarreal de Tajo                                 ;99;99;00001;00001;00000;00000587;00000587;00000000;00001;00000587;03202;00001;00000587;04241;
2406091942;07;45;9;004;99;Alcabón                                           ;99;99;00001;00001;00000;00000593;00000593;00000000;00001;00000593;03102;00001;00000593;03946;
2406091942;07;45;9;005;99;Alcañizo                                          ;99;99;00001;00001;00000;00000235;00000235;00000000;00001;00000235;03787;00001;00000235;05531;
2406091942;07;45;9;006;99;Alcaudete de la Jara                              ;99;99;00002;00002;00000;00001397;00001397;00000000;00002;00001397;02505;00002;00001397;03371;
2406091942;07;45;9;007;99;Alcolea de Tajo                                   ;99;99;00002;00002;00000;00000674;00000674;00000000;00002;00000674;03427;00002;00000674;04480;
2406091942;07;45;9;008;99;Aldea en Cabo                                     ;99;99;00001;00001;00000;00000146;00000146;00000000;00001;00000146;04109;00001;00000146;05342;
2406091942;07;45;9;009;99;Aldeanueva de Barbarroya                          ;99;99;00001;00001;00000;00000423;00000423;00000000;00001;00000423;03687;00001;00000423;04278;
2406091942;07;45;9;010;99;Aldeanueva de San Bartolomé                       ;99;99;00001;00001;00000;00000342;00000342;00000000;00001;00000342;04766;00001;00000342;05409;
2406091942;07;45;9;011;99;Almendral de la Cañada                            ;99;99;00001;00001;00000;00000303;00000303;00000000;00001;00000303;04092;00001;00000303;05676;
2406091942;07;45;9;012;99;Almonacid de Toledo                               ;99;99;00001;00001;00000;00000727;00000727;00000000;00001;00000727;03823;00001;00000727;04965;
2406091942;07;45;9;013;99;Almorox                                           ;99;99;00004;00004;00000;00001823;00001823;00000000;00004;00001823;03510;00004;00001823;04629;
2406091942;07;45;9;014;99;Añover de Tajo                                    ;99;99;00006;00006;00000;00004204;00004204;00000000;00006;00004204;02245;00006;00004204;03101;
2406091942;07;45;9;015;99;Arcicóllar                                        ;99;99;00001;00001;00000;00000808;00000808;00000000;00001;00000808;02858;00001;00000808;03824;
2406091942;07;45;9;016;99;Argés                                             ;99;99;00008;00008;00000;00005143;00005143;00000000;00008;00005143;02957;00008;00005143;03919;
2406091942;07;45;9;017;99;Azután                                            ;99;99;00001;00001;00000;00000261;00000261;00000000;00001;00000261;03409;00001;00000261;04636;
2406091942;07;45;9;018;99;Barcience                                         ;99;99;00001;00001;00000;00000698;00000698;00000000;00001;00000698;02636;00001;00000698;03381;
2406091942;07;45;9;019;99;Bargas                                            ;99;99;00011;00011;00000;00008206;00008206;00000000;00011;00008206;02873;00011;00008206;03950;
2406091942;07;45;9;020;99;Belvís de la Jara                                 ;99;99;00002;00002;00000;00001213;00001213;00000000;00002;00001213;04130;00002;00001213;04962;
2406091942;07;45;9;021;99;Borox                                             ;99;99;00004;00004;00000;00002956;00002956;00000000;00004;00002956;02192;00004;00002956;03112;
2406091942;07;45;9;022;99;Buenaventura                                      ;99;99;00001;00001;00000;00000356;00000356;00000000;00001;00000356;03511;00001;00000356;04382;
2406091942;07;45;9;023;99;Burguillos de Toledo                              ;99;99;00004;00004;00000;00002716;00002716;00000000;00004;00002716;02835;00004;00002716;04197;
2406091942;07;45;9;024;99;Burujón                                           ;99;99;00002;00002;00000;00001050;00001050;00000000;00002;00001050;03238;00002;00001050;04276;
2406091942;07;45;9;025;99;Cabañas de la Sagra                               ;99;99;00002;00002;00000;00001411;00001411;00000000;00002;00001411;02367;00002;00001411;03508;
2406091942;07;45;9;026;99;Cabañas de Yepes                                  ;99;99;00001;00001;00000;00000227;00000227;00000000;00001;00000227;03876;00001;00000227;05418;
2406091942;07;45;9;027;99;Cabezamesada                                      ;99;99;00001;00001;00000;00000304;00000304;00000000;00001;00000304;03717;00001;00000304;05361;
2406091942;07;45;9;028;99;Calera y Chozas                                   ;99;99;00006;00006;00000;00003725;00003725;00000000;00006;00003725;03111;00006;00003725;04150;
2406091942;07;45;9;029;99;Caleruela                                         ;99;99;00001;00001;00000;00000183;00000183;00000000;00001;00000183;04371;00001;00000183;05683;
2406091942;07;45;9;030;99;Calzada de Oropesa                                ;99;99;00001;00001;00000;00000456;00000456;00000000;00001;00000456;03070;00001;00000456;04473;
2406091942;07;45;9;031;99;Camarena                                          ;99;99;00004;00004;00000;00003158;00003158;00000000;00004;00003158;02906;00004;00003158;03932;
2406091942;07;45;9;032;99;Camarenilla                                       ;99;99;00001;00001;00000;00000476;00000476;00000000;00001;00000476;02962;00001;00000476;03949;
2406091942;07;45;9;033;99;El Campillo de la Jara                            ;99;99;00001;00001;00000;00000281;00000281;00000000;00001;00000281;02704;00001;00000281;04021;
2406091942;07;45;9;034;99;Camuñas                                           ;99;99;00002;00002;00000;00001283;00001283;00000000;00002;00001283;02720;00002;00001283;04045;
2406091942;07;45;9;035;99;Cardiel de los Montes                             ;99;99;00001;00001;00000;00000325;00000325;00000000;00001;00000325;03415;00001;00000325;04523;
2406091942;07;45;9;036;99;Carmena                                           ;99;99;00001;00001;00000;00000677;00000677;00000000;00001;00000677;03412;00001;00000677;04475;
2406091942;07;45;9;037;99;El Carpio de Tajo                                 ;99;99;00003;00003;00000;00001495;00001495;00000000;00003;00001495;03010;00003;00001495;04107;
2406091942;07;45;9;038;99;Carranque                                         ;99;99;00006;00006;00000;00003989;00003989;00000000;00006;00003989;02775;00006;00003989;03905;
2406091942;07;45;9;039;99;Carriches                                         ;99;99;00001;00001;00000;00000208;00000208;00000000;00001;00000208;03750;00001;00000208;04903;
2406091942;07;45;9;040;99;El Casar de Escalona                              ;99;99;00002;00002;00000;00001524;00001524;00000000;00002;00001524;02539;00002;00001524;03359;
2406091942;07;45;9;041;99;Casarrubios del Monte                             ;99;99;00008;00008;00000;00004717;00004717;00000000;00008;00004717;02785;00008;00004717;03646;
2406091942;07;45;9;042;99;Casasbuenas                                       ;99;99;00001;00001;00000;00000169;00000169;00000000;00001;00000169;04319;00001;00000169;05266;
2406091942;07;45;9;043;99;Castillo de Bayuela                               ;99;99;00001;00001;00000;00000757;00000757;00000000;00001;00000757;03698;00001;00000757;04583;
2406091942;07;45;9;045;99;Cazalegas                                         ;99;99;00002;00002;00000;00001506;00001506;00000000;00002;00001506;02602;00002;00001506;03346;
2406091942;07;45;9;046;99;Cebolla                                           ;99;99;00004;00004;00000;00002390;00002390;00000000;00004;00002390;02338;00004;00002390;03351;
2406091942;07;45;9;047;99;Cedillo del Condado                               ;99;99;00004;00004;00000;00003045;00003045;00000000;00004;00003045;01937;00004;00003045;02821;
2406091942;07;45;9;048;99;Los Cerralbos                                     ;99;99;00001;00001;00000;00000372;00000372;00000000;00001;00000372;03440;00001;00000372;04838;
2406091942;07;45;9;049;99;Cervera de los Montes                             ;99;99;00001;00001;00000;00000428;00000428;00000000;00001;00000428;02733;00001;00000428;03761;
2406091942;07;45;9;050;99;Ciruelos                                          ;99;99;00001;00001;00000;00000580;00000580;00000000;00001;00000580;03206;00001;00000580;04206;
2406091942;07;45;9;051;99;Cobeja                                            ;99;99;00003;00003;00000;00001814;00001814;00000000;00003;00001814;02646;00003;00001814;03632;
2406091942;07;45;9;052;99;Cobisa                                            ;99;99;00005;00005;00000;00003612;00003612;00000000;00005;00003612;02870;00005;00003612;04227;
2406091942;07;45;9;053;99;Consuegra                                         ;99;99;00014;00014;00000;00007666;00007666;00000000;00014;00007666;03032;00014;00007666;04178;
2406091942;07;45;9;054;99;Corral de Almaguer                                ;99;99;00008;00008;00000;00003636;00003636;00000000;00008;00003636;02466;00008;00003636;03575;
2406091942;07;45;9;055;99;Cuerva                                            ;99;99;00002;00002;00000;00001013;00001013;00000000;00002;00001013;02912;00002;00001013;04392;
2406091942;07;45;9;056;99;Chozas de Canales                                 ;99;99;00004;00004;00000;00002773;00002773;00000000;00004;00002773;02019;00004;00002773;02729;
2406091942;07;45;9;057;99;Chueca                                            ;99;99;00001;00001;00000;00000217;00000217;00000000;00001;00000217;04377;00001;00000217;05529;
2406091942;07;45;9;058;99;Domingo Pérez                                     ;99;99;00001;00001;00000;00000353;00000353;00000000;00001;00000353;03597;00001;00000353;04475;
2406091942;07;45;9;059;99;Dosbarrios                                        ;99;99;00003;00003;00000;00001677;00001677;00000000;00003;00001677;03225;00003;00001677;04567;
2406091942;07;45;9;060;99;Erustes                                           ;99;99;00001;00001;00000;00000164;00000164;00000000;00001;00000164;03658;00001;00000164;04695;
2406091942;07;45;9;061;99;Escalona                                          ;99;99;00004;00004;00000;00002894;00002894;00000000;00004;00002894;02449;00004;00002894;03379;
2406091942;07;45;9;062;99;Escalonilla                                       ;99;99;00002;00002;00000;00001075;00001075;00000000;00002;00001075;03097;00002;00001075;04055;
2406091942;07;45;9;063;99;Espinoso del Rey                                  ;99;99;00001;00001;00000;00000376;00000376;00000000;00001;00000376;04441;00001;00000376;05771;
2406091942;07;45;9;064;99;Esquivias                                         ;99;99;00008;00008;00000;00004235;00004235;00000000;00008;00004235;02739;00008;00004235;03943;
2406091942;07;45;9;065;99;La Estrella                                       ;99;99;00001;00001;00000;00000248;00000248;00000000;00001;00000248;04274;00001;00000248;05685;
2406091942;07;45;9;066;99;Fuensalida                                        ;99;99;00013;00013;00000;00008134;00008134;00000000;00013;00008134;02773;00013;00008134;03820;
2406091942;07;45;9;067;99;Gálvez                                            ;99;99;00004;00004;00000;00002308;00002308;00000000;00004;00002308;03509;00004;00002308;04662;
2406091942;07;45;9;068;99;Garciotum                                         ;99;99;00001;00001;00000;00000168;00000168;00000000;00001;00000168;03571;00001;00000168;04464;
2406091942;07;45;9;069;99;Gerindote                                         ;99;99;00003;00003;00000;00001995;00001995;00000000;00003;00001995;02761;00003;00001995;03744;
2406091942;07;45;9;070;99;Guadamur                                          ;99;99;00002;00002;00000;00001440;00001440;00000000;00002;00001440;03395;00002;00001440;04555;
2406091942;07;45;9;071;99;La Guardia                                        ;99;99;00003;00003;00000;00001737;00001737;00000000;00003;00001737;03379;00003;00001737;04553;
2406091942;07;45;9;072;99;Las Herencias                                     ;99;99;00001;00001;00000;00000686;00000686;00000000;00001;00000686;02667;00001;00000686;03790;
2406091942;07;45;9;073;99;Herreruela de Oropesa                             ;99;99;00001;00001;00000;00000296;00000296;00000000;00001;00000296;03547;00001;00000296;04594;
2406091942;07;45;9;074;99;Hinojosa de San Vicente                           ;99;99;00001;00001;00000;00000394;00000394;00000000;00001;00000394;03223;00001;00000394;04949;
2406091942;07;45;9;075;99;Hontanar                                          ;99;99;00001;00001;00000;00000123;00000123;00000000;00001;00000123;02601;00001;00000123;04471;
2406091942;07;45;9;076;99;Hormigos                                          ;99;99;00001;00001;00000;00000757;00000757;00000000;00001;00000757;03025;00001;00000757;03712;
2406091942;07;45;9;077;99;Huecas                                            ;99;99;00001;00001;00000;00000676;00000676;00000000;00001;00000676;03505;00001;00000676;04600;
2406091942;07;45;9;078;99;Huerta de Valdecarábanos                          ;99;99;00002;00002;00000;00001360;00001360;00000000;00002;00001360;03926;00002;00001360;05250;
2406091942;07;45;9;079;99;La Iglesuela del Tiétar                           ;99;99;00001;00001;00000;00000365;00000365;00000000;00001;00000365;03616;00001;00000365;04465;
2406091942;07;45;9;080;99;Illán de Vacas                                    ;99;99;00001;00001;00000;00000002;00000002;00000000;00001;00000002;05000;00001;00000002;10000;
2406091942;07;45;9;081;99;Illescas                                          ;99;99;00032;00032;00000;00021275;00021275;00000000;00032;00021275;02545;00032;00021275;03624;
2406091942;07;45;9;082;99;Lagartera                                         ;99;99;00002;00002;00000;00001123;00001123;00000000;00002;00001123;04024;00002;00001123;05396;
2406091942;07;45;9;083;99;Layos                                             ;99;99;00001;00001;00000;00000658;00000658;00000000;00001;00000658;02933;00001;00000658;04361;
2406091942;07;45;9;084;99;Lillo                                             ;99;99;00003;00003;00000;00002042;00002042;00000000;00003;00002042;02580;00003;00002042;03893;
2406091942;07;45;9;085;99;Lominchar                                         ;99;99;00002;00002;00000;00001776;00001776;00000000;00002;00001776;01925;00002;00001776;02911;
2406091942;07;45;9;086;99;Lucillos                                          ;99;99;00001;00001;00000;00000519;00000519;00000000;00001;00000519;02947;00001;00000519;03680;
2406091942;07;45;9;087;99;Madridejos                                        ;99;99;00014;00014;00000;00007982;00007982;00000000;00014;00007982;02539;00014;00007982;03656;
2406091942;07;45;9;088;99;Magán                                             ;99;99;00005;00005;00000;00002690;00002690;00000000;00005;00002690;02249;00005;00002690;03148;
2406091942;07;45;9;089;99;Malpica de Tajo                                   ;99;99;00002;00002;00000;00001404;00001404;00000000;00002;00001404;03012;00002;00001404;04131;
2406091942;07;45;9;090;99;Manzaneque                                        ;99;99;00001;00001;00000;00000373;00000373;00000000;00001;00000373;02466;00001;00000373;03699;
2406091942;07;45;9;091;99;Maqueda                                           ;99;99;00001;00001;00000;00000421;00000421;00000000;00001;00000421;03396;00001;00000421;04560;
2406091942;07;45;9;092;99;Marjaliza                                         ;99;99;00001;00001;00000;00000227;00000227;00000000;00001;00000227;03303;00001;00000227;04713;
2406091942;07;45;9;093;99;Marrupe                                           ;99;99;00001;00001;00000;00000149;00000149;00000000;00001;00000149;03624;00001;00000149;04832;
2406091942;07;45;9;094;99;Mascaraque                                        ;99;99;00001;00001;00000;00000356;00000356;00000000;00001;00000356;03735;00001;00000356;04494;
2406091942;07;45;9;095;99;La Mata                                           ;99;99;00001;00001;00000;00000667;00000667;00000000;00001;00000667;03298;00001;00000667;04107;
2406091942;07;45;9;096;99;Mazarambroz                                       ;99;99;00002;00002;00000;00001016;00001016;00000000;00002;00001016;03700;00002;00001016;04931;
2406091942;07;45;9;097;99;Mejorada                                          ;99;99;00002;00002;00000;00001166;00001166;00000000;00002;00001166;03807;00002;00001166;04957;
2406091942;07;45;9;098;99;Menasalbas                                        ;99;99;00004;00004;00000;00001969;00001969;00000000;00004;00001969;02859;00004;00001969;04255;
2406091942;07;45;9;099;99;Méntrida                                          ;99;99;00008;00008;00000;00004505;00004505;00000000;00008;00004505;02621;00008;00004505;03485;
2406091942;07;45;9;100;99;Mesegar de Tajo                                   ;99;99;00001;00001;00000;00000164;00000164;00000000;00001;00000164;04817;00001;00000164;05182;
2406091942;07;45;9;101;99;Miguel Esteban                                    ;99;99;00008;00008;00000;00003566;00003566;00000000;00008;00003566;03796;00008;00003566;05047;
2406091942;07;45;9;102;99;Mocejón                                           ;99;99;00006;00006;00000;00003745;00003745;00000000;00006;00003745;02672;00006;00003745;03639;
2406091942;07;45;9;103;99;Mohedas de la Jara                                ;99;99;00001;00001;00000;00000335;00000335;00000000;00001;00000335;03582;00001;00000335;04716;
2406091942;07;45;9;104;99;Montearagón                                       ;99;99;00001;00001;00000;00000457;00000457;00000000;00001;00000457;03698;00001;00000457;04354;
2406091942;07;45;9;105;99;Montesclaros                                      ;99;99;00001;00001;00000;00000345;00000345;00000000;00001;00000345;03739;00001;00000345;04347;
2406091942;07;45;9;106;99;Mora                                              ;99;99;00012;00012;00000;00007469;00007469;00000000;00012;00007469;02795;00012;00007469;03999;
2406091942;07;45;9;107;99;Nambroca                                          ;99;99;00005;00005;00000;00003837;00003837;00000000;00005;00003837;03007;00005;00003837;04193;
2406091942;07;45;9;108;99;La Nava de Ricomalillo                            ;99;99;00001;00001;00000;00000436;00000436;00000000;00001;00000436;03853;00001;00000436;04954;
2406091942;07;45;9;109;99;Navahermosa                                       ;99;99;00006;00006;00000;00002812;00002812;00000000;00006;00002812;03193;00006;00002812;04559;
2406091942;07;45;9;110;99;Navalcán                                          ;99;99;00003;00003;00000;00001579;00001579;00000000;00003;00001579;03312;00003;00001579;04521;
2406091942;07;45;9;111;99;Navalmoralejo                                     ;99;99;00001;00001;00000;00000056;00000056;00000000;00001;00000056;06428;00001;00000056;06785;
2406091942;07;45;9;112;99;Los Navalmorales                                  ;99;99;00003;00003;00000;00001816;00001816;00000000;00003;00001816;02433;00003;00001816;03292;
2406091942;07;45;9;113;99;Los Navalucillos                                  ;99;99;00003;00003;00000;00001654;00001654;00000000;00003;00001654;03198;00003;00001654;04141;
2406091942;07;45;9;114;99;Navamorcuende                                     ;99;99;00001;00001;00000;00000540;00000540;00000000;00001;00000540;03518;00001;00000540;04314;
2406091942;07;45;9;115;99;Noblejas                                          ;99;99;00004;00004;00000;00002674;00002674;00000000;00004;00002674;03332;00004;00002674;04712;
2406091942;07;45;9;116;99;Noez                                              ;99;99;00001;00001;00000;00000767;00000767;00000000;00001;00000767;02711;00001;00000767;03937;
2406091942;07;45;9;117;99;Nombela                                           ;99;99;00001;00001;00000;00000737;00000737;00000000;00001;00000737;03378;00001;00000737;04464;
2406091942;07;45;9;118;99;Novés                                             ;99;99;00004;00004;00000;00002390;00002390;00000000;00004;00002390;02602;00004;00002390;03485;
2406091942;07;45;9;119;99;Numancia de la Sagra                              ;99;99;00006;00006;00000;00003876;00003876;00000000;00006;00003876;01932;00006;00003876;02783;
2406091942;07;45;9;120;99;Nuño Gómez                                        ;99;99;00001;00001;00000;00000153;00000153;00000000;00001;00000153;04640;00001;00000153;05163;
2406091942;07;45;9;121;99;Ocaña                                             ;99;99;00013;00013;00000;00008162;00008162;00000000;00013;00008162;02604;00013;00008162;03559;
2406091942;07;45;9;122;99;Olías del Rey                                     ;99;99;00010;00010;00000;00006476;00006476;00000000;00010;00006476;03214;00010;00006476;04575;
2406091942;07;45;9;123;99;Ontígola                                          ;99;99;00005;00005;00000;00003638;00003638;00000000;00005;00003638;02506;00005;00003638;03600;
2406091942;07;45;9;124;99;Orgaz                                             ;99;99;00003;00003;00000;00002109;00002109;00000000;00003;00002109;03181;00003;00002109;04518;
2406091942;07;45;9;125;99;Oropesa                                           ;99;99;00004;00004;00000;00002169;00002169;00000000;00004;00002169;03568;00004;00002169;04610;
2406091942;07;45;9;126;99;Otero                                             ;99;99;00001;00001;00000;00000261;00000261;00000000;00001;00000261;03256;00001;00000261;03793;
2406091942;07;45;9;127;99;Palomeque                                         ;99;99;00001;00001;00000;00000881;00000881;00000000;00001;00000881;02497;00001;00000881;03337;
2406091942;07;45;9;128;99;Pantoja                                           ;99;99;00004;00004;00000;00002683;00002683;00000000;00004;00002683;02288;00004;00002683;03283;
2406091942;07;45;9;129;99;Paredes de Escalona                               ;99;99;00001;00001;00000;00000118;00000118;00000000;00001;00000118;04322;00001;00000118;04915;
2406091942;07;45;9;130;99;Parrillas                                         ;99;99;00001;00001;00000;00000283;00000283;00000000;00001;00000283;03851;00001;00000283;04876;
2406091942;07;45;9;131;99;Pelahustán                                        ;99;99;00001;00001;00000;00000273;00000273;00000000;00001;00000273;04542;00001;00000273;05531;
2406091942;07;45;9;132;99;Pepino                                            ;99;99;00004;00004;00000;00002628;00002628;00000000;00004;00002628;02895;00004;00002628;04037;
2406091942;07;45;9;133;99;Polán                                             ;99;99;00004;00004;00000;00002936;00002936;00000000;00004;00002936;02643;00004;00002936;03804;
2406091942;07;45;9;134;99;Portillo de Toledo                                ;99;99;00002;00002;00000;00001681;00001681;00000000;00002;00001681;02444;00002;00001681;03771;
2406091942;07;45;9;135;99;La Puebla de Almoradiel                           ;99;99;00007;00007;00000;00004068;00004068;00000000;00007;00004068;02949;00007;00004068;03866;
2406091942;07;45;9;136;99;La Puebla de Montalbán                            ;99;99;00010;00010;00000;00005704;00005704;00000000;00010;00005704;02826;00010;00005704;03771;
2406091942;07;45;9;137;99;La Pueblanueva                                    ;99;99;00003;00003;00000;00001588;00001588;00000000;00003;00001588;02235;00003;00001588;02921;
2406091942;07;45;9;138;99;El Puente del Arzobispo                           ;99;99;00002;00002;00000;00000971;00000971;00000000;00002;00000971;03099;00002;00000971;04129;
2406091942;07;45;9;139;99;Puerto de San Vicente                             ;99;99;00001;00001;00000;00000137;00000137;00000000;00001;00000137;04963;00001;00000137;05985;
2406091942;07;45;9;140;99;Pulgar                                            ;99;99;00002;00002;00000;00001098;00001098;00000000;00002;00001098;03087;00002;00001098;04453;
2406091942;07;45;9;141;99;Quero                                             ;99;99;00002;00002;00000;00000832;00000832;00000000;00002;00000832;03389;00002;00000832;04543;
2406091942;07;45;9;142;99;Quintanar de la Orden                             ;99;99;00014;00014;00000;00007895;00007895;00000000;00014;00007895;02906;00014;00007895;03874;
2406091942;07;45;9;143;99;Quismondo                                         ;99;99;00002;00002;00000;00001333;00001333;00000000;00002;00001333;03000;00002;00001333;04298;
2406091942;07;45;9;144;99;El Real de San Vicente                            ;99;99;00002;00002;00000;00000785;00000785;00000000;00002;00000785;03872;00002;00000785;05006;
2406091942;07;45;9;145;99;Recas                                             ;99;99;00004;00004;00000;00002883;00002883;00000000;00004;00002883;02306;00004;00002883;03142;
2406091942;07;45;9;146;99;Retamoso de la Jara                               ;99;99;00001;00001;00000;00000104;00000104;00000000;00001;00000104;04903;00001;00000104;05961;
2406091942;07;45;9;147;99;Rielves                                           ;99;99;00001;00001;00000;00000666;00000666;00000000;00001;00000666;03258;00001;00000666;04549;
2406091942;07;45;9;148;99;Robledo del Mazo                                  ;99;99;00001;00001;00000;00000245;00000245;00000000;00001;00000245;04081;00001;00000245;05061;
2406091942;07;45;9;149;99;El Romeral                                        ;99;99;00001;00001;00000;00000460;00000460;00000000;00001;00000460;03673;00001;00000460;04934;
2406091942;07;45;9;150;99;San Bartolomé de las Abiertas                     ;99;99;00001;00001;00000;00000466;00000466;00000000;00001;00000466;03819;00001;00000466;04957;
2406091942;07;45;9;151;99;San Martín de Montalbán                           ;99;99;00001;00001;00000;00000565;00000565;00000000;00001;00000565;03486;00001;00000565;04495;
2406091942;07;45;9;152;99;San Martín de Pusa                                ;99;99;00001;00001;00000;00000518;00000518;00000000;00001;00000518;03938;00001;00000518;05231;
2406091942;07;45;9;153;99;San Pablo de los Montes                           ;99;99;00003;00003;00000;00001500;00001500;00000000;00003;00001500;02899;00003;00001500;04273;
2406091942;07;45;9;154;99;San Román de los Montes                           ;99;99;00002;00002;00000;00001632;00001632;00000000;00002;00001632;02941;00002;00001632;03872;
2406091942;07;45;9;155;99;Santa Ana de Pusa                                 ;99;99;00001;00001;00000;00000300;00000300;00000000;00001;00000300;05100;00001;00000300;06266;
2406091942;07;45;9;156;99;Santa Cruz de la Zarza                            ;99;99;00006;00006;00000;00003267;00003267;00000000;00006;00003267;03774;00006;00003267;05032;
2406091942;07;45;9;157;99;Santa Cruz del Retamar                            ;99;99;00003;00003;00000;00002792;00002792;00000000;00003;00002792;02539;00003;00002792;03599;
2406091942;07;45;9;158;99;Santa Olalla                                      ;99;99;00004;00004;00000;00002700;00002700;00000000;00004;00002700;03037;00004;00002700;03940;
2406091942;07;45;9;159;99;Sartajada                                         ;99;99;00001;00001;00000;00000090;00000090;00000000;00001;00000090;04666;00001;00000090;05666;
2406091942;07;45;9;160;99;Segurilla                                         ;99;99;00002;00002;00000;00001180;00001180;00000000;00002;00001180;03254;00002;00001180;04457;
2406091942;07;45;9;161;99;Seseña                                            ;99;99;00027;00027;00000;00017484;00017484;00000000;00027;00017484;02169;00027;00017484;03148;
2406091942;07;45;9;162;99;Sevilleja de la Jara                              ;99;99;00002;00002;00000;00000573;00000573;00000000;00002;00000573;03891;00002;00000573;04589;
2406091942;07;45;9;163;99;Sonseca                                           ;99;99;00014;00014;00000;00008437;00008437;00000000;00014;00008437;02868;00014;00008437;04000;
2406091942;07;45;9;164;99;Sotillo de las Palomas                            ;99;99;00001;00001;00000;00000177;00000177;00000000;00001;00000177;04463;00001;00000177;05932;
2406091942;07;45;9;165;99;Talavera de la Reina                              ;99;99;00111;00111;00000;00062326;00062326;00000000;00111;00062326;03001;00111;00062326;03878;
2406091942;07;45;9;166;99;Tembleque                                         ;99;99;00002;00002;00000;00001558;00001558;00000000;00002;00001558;03645;00002;00001558;05192;
2406091942;07;45;9;167;99;El Toboso                                         ;99;99;00002;00002;00000;00001358;00001358;00000000;00002;00001358;03254;00002;00001358;04661;
2406091942;07;45;9;168;99;Toledo                                            ;99;99;00100;00100;00000;00063307;00063307;00000000;00100;00063307;03240;00100;00063307;04389;
2406091942;07;45;9;169;99;Torralba de Oropesa                               ;99;99;00001;00001;00000;00000165;00000165;00000000;00001;00000165;03212;00001;00000165;04000;
2406091942;07;45;9;170;99;Torrecilla de la Jara                             ;99;99;00001;00001;00000;00000199;00000199;00000000;00001;00000199;04221;00001;00000199;04522;
2406091942;07;45;9;171;99;La Torre de Esteban Hambrán                       ;99;99;00002;00002;00000;00001494;00001494;00000000;00002;00001494;03132;00002;00001494;04170;
2406091942;07;45;9;172;99;Torrico                                           ;99;99;00001;00001;00000;00000622;00000622;00000000;00001;00000622;03536;00001;00000622;03536;
2406091942;07;45;9;173;99;Torrijos                                          ;99;99;00016;00016;00000;00009898;00009898;00000000;00016;00009898;02682;00016;00009898;03754;
2406091942;07;45;9;174;99;Totanés                                           ;99;99;00001;00001;00000;00000303;00000303;00000000;00001;00000303;03663;00001;00000303;04719;
2406091942;07;45;9;175;99;Turleque                                          ;99;99;00001;00001;00000;00000546;00000546;00000000;00001;00000546;03974;00001;00000546;05531;
2406091942;07;45;9;176;99;Ugena                                             ;99;99;00008;00008;00000;00004299;00004299;00000000;00008;00004299;02423;00008;00004299;03398;
2406091942;07;45;9;177;99;Urda                                              ;99;99;00004;00004;00000;00001931;00001931;00000000;00004;00001931;03417;00004;00001931;04583;
2406091942;07;45;9;179;99;Valdeverdeja                                      ;99;99;00001;00001;00000;00000482;00000482;00000000;00001;00000482;03506;00001;00000482;04460;
2406091942;07;45;9;180;99;Valmojado                                         ;99;99;00004;00004;00000;00003207;00003207;00000000;00004;00003207;02965;00004;00003207;04265;
2406091942;07;45;9;181;99;Velada                                            ;99;99;00004;00004;00000;00002337;00002337;00000000;00004;00002337;03059;00004;00002337;03949;
2406091942;07;45;9;182;99;Las Ventas con Peña Aguilera                      ;99;99;00002;00002;00000;00000972;00000972;00000000;00002;00000972;02808;00002;00000972;04218;
2406091942;07;45;9;183;99;Las Ventas de Retamosa                            ;99;99;00004;00004;00000;00002843;00002843;00000000;00004;00002843;02328;00004;00002843;03169;
2406091942;07;45;9;184;99;Las Ventas de San Julián                          ;99;99;00001;00001;00000;00000210;00000210;00000000;00001;00000210;02904;00001;00000210;03523;
2406091942;07;45;9;185;99;Villacañas                                        ;99;99;00013;00013;00000;00007578;00007578;00000000;00013;00007578;03126;00013;00007578;04102;
2406091942;07;45;9;186;99;La Villa de Don Fadrique                          ;99;99;00005;00005;00000;00002867;00002867;00000000;00005;00002867;02971;00005;00002867;03910;
2406091942;07;45;9;187;99;Villafranca de los Caballeros                     ;99;99;00008;00008;00000;00004017;00004017;00000000;00008;00004017;03706;00008;00004017;05073;
2406091942;07;45;9;188;99;Villaluenga de la Sagra                           ;99;99;00004;00004;00000;00002933;00002933;00000000;00004;00002933;02451;00004;00002933;03583;
2406091942;07;45;9;189;99;Villamiel de Toledo                               ;99;99;00001;00001;00000;00000785;00000785;00000000;00001;00000785;03261;00001;00000785;04242;
2406091942;07;45;9;190;99;Villaminaya                                       ;99;99;00001;00001;00000;00000426;00000426;00000000;00001;00000426;03051;00001;00000426;04483;
2406091942;07;45;9;191;99;Villamuelas                                       ;99;99;00001;00001;00000;00000526;00000526;00000000;00001;00000526;03897;00001;00000526;05285;
2406091942;07;45;9;192;99;Villanueva de Alcardete                           ;99;99;00004;00004;00000;00002261;00002261;00000000;00004;00002261;03706;00004;00002261;05112;
2406091942;07;45;9;193;99;Villanueva de Bogas                               ;99;99;00001;00001;00000;00000559;00000559;00000000;00001;00000559;03703;00001;00000559;05062;
2406091942;07;45;9;194;99;Villarejo de Montalbán                            ;99;99;00001;00001;00000;00000065;00000065;00000000;00001;00000065;04769;00001;00000065;05384;
2406091942;07;45;9;195;99;Villarrubia de Santiago                           ;99;99;00004;00004;00000;00001983;00001983;00000000;00004;00001983;03050;00004;00001983;04397;
2406091942;07;45;9;196;99;Villaseca de la Sagra                             ;99;99;00002;00002;00000;00001400;00001400;00000000;00002;00001400;02914;00002;00001400;03885;
2406091942;07;45;9;197;99;Villasequilla                                     ;99;99;00003;00003;00000;00001971;00001971;00000000;00003;00001971;03236;00003;00001971;04596;
2406091942;07;45;9;198;99;Villatobas                                        ;99;99;00004;00004;00000;00001915;00001915;00000000;00004;00001915;03425;00004;00001915;04819;
2406091942;07;45;9;199;99;El Viso de San Juan                               ;99;99;00007;00007;00000;00004163;00004163;00000000;00007;00004163;02205;00007;00004163;02865;
2406091942;07;45;9;200;99;Los Yébenes                                       ;99;99;00007;00007;00000;00004347;00004347;00000000;00007;00004347;02797;00007;00004347;04189;
2406091942;07;45;9;201;99;Yeles                                             ;99;99;00006;00006;00000;00004306;00004306;00000000;00006;00004306;02217;00006;00004306;02842;
2406091942;07;45;9;202;99;Yepes                                             ;99;99;00007;00007;00000;00004183;00004183;00000000;00007;00004183;02926;00007;00004183;03891;
2406091942;07;45;9;203;99;Yuncler                                           ;99;99;00004;00004;00000;00003232;00003232;00000000;00004;00003232;02509;00004;00003232;03384;
2406091942;07;45;9;204;99;Yunclillos                                        ;99;99;00001;00001;00000;00000638;00000638;00000000;00001;00000638;03025;00001;00000638;04467;
2406091942;07;45;9;205;99;Yuncos                                            ;99;99;00013;00013;00000;00008546;00008546;00000000;00013;00008546;02137;00013;00008546;03036;
2406091942;07;45;9;901;99;Santo Domingo-Caudilla                            ;99;99;00001;00001;00000;00000888;00000888;00000000;00001;00000888;02961;00001;00000888;03896;
